400  10.4  11.594  9.206
425  7.01  7.815  6.205
450  4.8  5.351  4.249
475  3.33  3.712  2.948
500  2.4  2.67558  2.12442
505  2.24  2.49953  1.98047
510  2.09  2.33323  1.84677
515  1.95  2.17997  1.72003
520  1.82  2.03653  1.60347
525  1.7  1.90403  1.49597
530  1.59  1.78247  1.39753
535  1.48  1.6607  1.2993
540  1.39  1.56116  1.21884
545  1.3  1.4621  1.1379
550  1.21  1.36151  1.05849
555  1.13  1.27325  0.98675
560  1.06  1.19549  0.92451
565  0.995  1.12323  0.866771
570  0.932  1.05307  0.810934
575  0.874  0.988452  0.759548
580  0.819  0.927115  0.710885
585  0.768  0.870573  0.665427
590  0.721  0.817677  0.624323
595  0.676  0.767691  0.584309
600  0.635  0.721802  0.548198
605  0.596  0.678103  0.513897
610  0.56  0.638011  0.481989
615  0.526  0.599554  0.452446
620  0.494  0.563605  0.424395
625  0.465  0.531238  0.398762
630  0.437  0.499715  0.374285
635  0.410988  0.47062  0.351356
640  0.386  0.442405  0.329595
645  0.363542  0.417384  0.3097
650  0.341767  0.392686  0.290849
655  0.321339  0.370066  0.272613
660  0.302452  0.348698  0.256205
665  0.285208  0.32944  0.240976
670  0.268277  0.310146  0.226407
675  0.25307  0.293244  0.212897
680  0.237663  0.276054  0.199272
685  0.22389  0.260126  0.187655
690  0.211085  0.245423  0.176747
695  0.198891  0.231746  0.166035
700  0.187672  0.219292  0.156053
705  0.176851  0.20672  0.146982
710  0.16672  0.195365  0.138074
715  0.157495  0.185071  0.12992
720  0.148334  0.174757  0.121911
725  0.14014  0.165655  0.114626
730  0.132436  0.156467  0.108406
735  0.124699  0.14732  0.102078
740  0.117482  0.139199  0.095764
745  0.111373  0.132303  0.0904438
750  0.104696  0.12427  0.0851223
755  0.0993573  0.118518  0.0801968
760  0.0937114  0.111858  0.0755645
765  0.0884995  0.105846  0.0711533
770  0.0836758  0.100221  0.0671301
775  0.0790736  0.0949277  0.0632194
780  0.0747819  0.0899398  0.0596241
785  0.0707118  0.0852112  0.0562124
790  0.0668299  0.0806761  0.0529838
795  0.0631948  0.0763983  0.0499913
800  0.0597809  0.0724374  0.0471244
805  0.056518  0.0686138  0.0444222
810  0.0535381  0.0651121  0.0419641
815  0.0506512  0.0617512  0.0395512
820  0.0479068  0.058495  0.0373186
825  0.0453132  0.0554482  0.0351782
830  0.0429472  0.052654  0.0332404
835  0.0406615  0.0499534  0.0313696
840  0.0384983  0.0474066  0.02959
845  0.0364175  0.0449335  0.0279014
850  0.0345653  0.0427114  0.0264191
855  0.0326938  0.0404871  0.0249004
860  0.0310313  0.0384937  0.0235689
865  0.029361  0.0364819  0.0222402
870  0.0278798  0.0347357  0.0210239
875  0.0264109  0.0329564  0.0198653
880  0.0250116  0.0313059  0.0187172
885  0.0237166  0.029775  0.0176581
890  0.0224716  0.0282372  0.016706
895  0.0213211  0.0268192  0.0158231
900  0.0202264  0.0255164  0.0149364
905  0.0191728  0.0242017  0.0141439
910  0.0181962  0.0230248  0.0133677
915  0.0172629  0.0219481  0.0125777
920  0.0164216  0.0208862  0.011957
925  0.0155306  0.0198047  0.0112564
930  0.014751  0.0188587  0.0106432
935  0.0139687  0.0178951  0.0100424
940  0.0132914  0.017066  0.0095169
945  0.0126051  0.016221  0.00898913
950  0.0119564  0.0153868  0.00852597
955  0.0113628  0.0146613  0.00806418
960  0.0107869  0.0139456  0.00762815
965  0.0102782  0.0133404  0.00721592
970  0.00972248  0.0126204  0.00682452
975  0.0092468  0.0120426  0.00645099
980  0.00878288  0.011462  0.00610377
985  0.00834222  0.0109059  0.00577853
990  0.00792782  0.0103891  0.00546652
995  0.00752996  0.00988777  0.00517214
1000  0.00715655  0.00941776  0.00489534
1005  0.00679849  0.00897113  0.00462585
1010  0.00646464  0.00854514  0.00438414
1015  0.0061363  0.00812964  0.00414297
1020  0.00583463  0.00775158  0.00391769
1025  0.00554311  0.00737492  0.00371131
1030  0.00527311  0.00703242  0.00351379
1035  0.00501444  0.00670378  0.0033251
1040  0.00476429  0.00638457  0.00314402
1045  0.00452604  0.0060791  0.00297297
1050  0.00430754  0.00579604  0.00281904
1055  0.00409554  0.00552667  0.00266442
1060  0.00389205  0.00526739  0.00251671
1065  0.00370536  0.00502172  0.00238899
1070  0.00352432  0.00478797  0.00226068
1075  0.00334915  0.00456473  0.00213358
1080  0.00318918  0.00435503  0.00202334
1085  0.00302797  0.00414333  0.00191261
1090  0.00288454  0.00395791  0.00181118
1095  0.00274446  0.00377069  0.00171824
1100  0.0026109  0.00359693  0.00162487
1105  0.00248804  0.00343546  0.00154062
1110  0.0023645  0.00327244  0.00145655
1115  0.00225161  0.00312285  0.00138037
1120  0.00214484  0.00298476  0.00130491
1125  0.00204251  0.00284719  0.00123782
1130  0.00194105  0.00271032  0.00117179
1135  0.00185505  0.00259696  0.00111314
1140  0.00176283  0.00247105  0.00105462
1145  0.0016768  0.00235774  0.000995848
1150  0.0016011  0.00225643  0.000945773
1155  0.00152566  0.0021555  0.000895811
1160  0.00145038  0.00205512  0.000845631
1165  0.00138299  0.00196601  0.000799977
1170  0.00131745  0.00187722  0.000757672
1175  0.00125289  0.00178814  0.000717639
1180  0.00119626  0.00171216  0.000680354
1185  0.00113324  0.00162251  0.000643962
1190  0.00108442  0.001559  0.000609836
1195  0.00102995  0.00148224  0.000577656
1200  0.000982721  0.00141828  0.000547162
1205  0.000936128  0.00135412  0.000518141
1210  0.000891791  0.00129257  0.000491012
1215  0.000849697  0.00123465  0.000464748
1220  0.000809569  0.00117836  0.000440773
1225  0.000771052  0.00112507  0.000417039
1230  0.000735012  0.00107507  0.000394958
1235  0.000700075  0.00102577  0.000374376
1240  0.000666967  0.000979137  0.000354797
1245  0.000635416  0.000934908  0.000335923
1250  0.000605819  0.000893605  0.000318032
1255  0.00057745  0.00085313  0.000301771
1260  0.000550384  0.000815337  0.000285431
1265  0.000524912  0.000778989  0.000270836
1270  0.000499857  0.000743543  0.00025617
1275  0.000475939  0.000709438  0.000242439
1280  0.000454085  0.00067813  0.00023004
1285  0.000432966  0.000648059  0.000217872
1290  0.000412403  0.000618981  0.000205826
1295  0.000393277  0.000591257  0.000195297
1300  0.000374922  0.000564968  0.000184877
1305  0.000357606  0.000539947  0.000175265
1310  0.000340833  0.00051606  0.000165606
1315  0.000325215  0.000493607  0.000156823
1320  0.000309831  0.000471064  0.000148598
1325  0.000295231  0.000449816  0.000140647
1330  0.000281622  0.000429753  0.00013349
1335  0.000268711  0.000411123  0.000126299
1340  0.000256422  0.000393811  0.000119034
1345  0.000244548  0.000376431  0.000112665
1350  0.000233009  0.000358886  0.000107131
1355  0.000222171  0.000342773  0.000101569
1360  0.000211972  0.000327998  9.59459e-05
1365  0.000201813  0.000313166  9.04612e-05
1370  0.000192721  0.000299723  8.57194e-05
1375  0.000183606  0.000286185  8.10269e-05
1380  0.000175494  0.000274007  7.69811e-05
1385  0.000167278  0.000261782  7.27748e-05
1390  0.000159896  0.000250862  6.89295e-05
1395  0.000152629  0.000240063  6.51949e-05
1400  0.000145401  0.000229122  6.16801e-05
1405  0.000138997  0.000219565  5.84283e-05
1410  0.000132542  0.000209918  5.51671e-05
1415  0.000126303  0.000200369  5.22376e-05
1420  0.000120758  0.000192134  4.9382e-05
1425  0.000114601  0.000182431  4.67713e-05
1430  0.000109874  0.000175525  4.42228e-05
1435  0.000104567  0.000167263  4.18718e-05
1440  9.99551e-05  0.000160345  3.95652e-05
1445  9.54213e-05  0.000153401  3.74417e-05
1450  9.09209e-05  0.000146451  3.53908e-05
1455  8.66995e-05  0.000139889  3.35097e-05
1460  8.27165e-05  0.000133739  3.16938e-05
1465  7.89251e-05  0.000127907  2.9943e-05
1470  7.52923e-05  0.000122263  2.83214e-05
1475  7.18631e-05  0.000116922  2.68038e-05
1480  6.8615e-05  0.000111898  2.53318e-05
1485  6.54698e-05  0.000106957  2.3983e-05
1490  6.24882e-05  0.000102305  2.2671e-05
1495  5.95866e-05  9.77692e-05  2.1404e-05
1500  5.68988e-05  9.35476e-05  2.02501e-05
1505  5.42832e-05  8.94549e-05  1.91114e-05
1510  5.18731e-05  8.56077e-05  1.81384e-05
1515  4.94161e-05  8.1758e-05  1.70742e-05
1520  4.7199e-05  7.82096e-05  1.61884e-05
1525  4.50361e-05  7.47944e-05  1.52778e-05
1530  4.30528e-05  7.16359e-05  1.44697e-05
1535  4.10656e-05  6.84918e-05  1.36394e-05
1540  3.91931e-05  6.54839e-05  1.29022e-05
1545  3.74206e-05  6.2613e-05  1.22282e-05
1550  3.57169e-05  5.98662e-05  1.15676e-05
1555  3.40864e-05  5.7273e-05  1.08998e-05
1560  3.25605e-05  5.48197e-05  1.03012e-05
1565  3.10374e-05  5.23556e-05  9.71919e-06
1570  2.96171e-05  5.00327e-05  9.20146e-06
1575  2.82671e-05  4.7852e-05  8.68227e-06
1580  2.69977e-05  4.58144e-05  8.1811e-06
1585  2.57474e-05  4.37578e-05  7.73694e-06
1590  2.45758e-05  4.18561e-05  7.29543e-06
1595  2.35122e-05  4.00997e-05  6.92472e-06
1600  2.24358e-05  3.83357e-05  6.53601e-06
1605  2.14443e-05  3.67182e-05  6.17034e-06
1610  2.04586e-05  3.50938e-05  5.82343e-06
1615  1.9483e-05  3.34622e-05  5.50382e-06
1620  1.86688e-05  3.21388e-05  5.19873e-06
1625  1.7777e-05  3.06492e-05  4.9047e-06
1630  1.69697e-05  2.93091e-05  4.63037e-06
1635  1.61673e-05  2.79632e-05  4.37129e-06
1640  1.54531e-05  2.67779e-05  4.12833e-06
1645  1.47381e-05  2.55773e-05  3.89894e-06
1650  1.41032e-05  2.45288e-05  3.67769e-06
1655  1.34718e-05  2.34707e-05  3.47294e-06
1660  1.28479e-05  2.24215e-05  3.27434e-06
1665  1.2304e-05  2.15176e-05  3.09031e-06
1670  1.16827e-05  2.04514e-05  2.91407e-06
1675  1.11467e-05  1.95465e-05  2.74693e-06
1680  1.0693e-05  1.87897e-05  2.59629e-06
1685  1.0161e-05  1.78727e-05  2.44931e-06
1690  9.70942e-06  1.7109e-05  2.30981e-06
1695  9.26343e-06  1.6348e-05  2.17886e-06
1700  8.86405e-06  1.5674e-05  2.05409e-06
1705  8.46153e-06  1.49864e-05  1.93662e-06
1710  8.08259e-06  1.43388e-05  1.82638e-06
1715  7.71667e-06  1.37066e-05  1.72672e-06
1720  7.36312e-06  1.31021e-05  1.62412e-06
1725  7.03352e-06  1.2532e-05  1.53503e-06
1730  6.71697e-06  1.19874e-05  1.44652e-06
1735  6.41011e-06  1.14609e-05  1.3593e-06
1740  6.12458e-06  1.09645e-05  1.28462e-06
1745  5.84427e-06  1.04763e-05  1.21222e-06
1750  5.57333e-06  1.00083e-05  1.13841e-06
1755  5.32259e-06  9.56748e-06  1.0777e-06
1760  5.08634e-06  9.16104e-06  1.01164e-06
1765  4.85531e-06  8.75264e-06  9.57976e-07
1770  4.63462e-06  8.37081e-06  8.98428e-07
1775  4.41873e-06  7.99196e-06  8.45496e-07
1780  4.22243e-06  7.64454e-06  8.00326e-07
1785  4.03189e-06  7.30959e-06  7.54188e-07
1790  3.84989e-06  6.99102e-06  7.08752e-07
1795  3.66972e-06  6.67008e-06  6.69353e-07
1800  3.50689e-06  6.38356e-06  6.30221e-07
1805  3.34369e-06  6.09358e-06  5.93793e-07
1810  3.1982e-06  5.83696e-06  5.59436e-07
1815  3.05277e-06  5.57841e-06  5.2713e-07
1820  2.90889e-06  5.32065e-06  4.97137e-07
1825  2.78103e-06  5.09381e-06  4.68257e-07
1830  2.65378e-06  4.86679e-06  4.40775e-07
1835  2.53519e-06  4.65511e-06  4.15274e-07
1840  2.41762e-06  4.4441e-06  3.91139e-07
1845  2.30765e-06  4.24694e-06  3.68357e-07
1850  2.19916e-06  4.05121e-06  3.47117e-07
1855  2.0987e-06  3.87041e-06  3.26991e-07
1860  2.00712e-06  3.70607e-06  3.0818e-07
1865  1.91561e-06  3.54161e-06  2.89618e-07
1870  1.8244e-06  3.37595e-06  2.7284e-07
1875  1.74238e-06  3.228e-06  2.5676e-07
1880  1.66008e-06  3.07879e-06  2.41372e-07
1885  1.58662e-06  2.94586e-06  2.27378e-07
1890  1.51363e-06  2.81335e-06  2.13915e-07
1895  1.44027e-06  2.67886e-06  2.01689e-07
1900  1.3761e-06  2.56264e-06  1.89552e-07
1905  1.31198e-06  2.4459e-06  1.7807e-07
1910  1.24762e-06  2.32744e-06  1.67797e-07
1915  1.19242e-06  2.22724e-06  1.576e-07
1920  1.13764e-06  2.12659e-06  1.48688e-07
1925  1.08243e-06  2.02512e-06  1.39746e-07
1930  1.03601e-06  1.94059e-06  1.31425e-07
1935  9.89756e-07  1.85635e-06  1.23165e-07
1940  9.41085e-07  1.7661e-06  1.16069e-07
1945  8.96841e-07  1.68466e-06  1.09025e-07
1950  8.55385e-07  1.60819e-06  1.02581e-07
1955  8.14705e-07  1.53316e-06  9.62469e-08
1960  7.76674e-07  1.46291e-06  9.0438e-08
1965  7.40434e-07  1.39619e-06  8.46736e-08
1970  7.05503e-07  1.33098e-06  8.00277e-08
1975  6.71868e-07  1.26885e-06  7.48827e-08
1980  6.40492e-07  1.21067e-06  7.03103e-08
1985  6.09726e-07  1.15364e-06  6.58166e-08
1990  5.80904e-07  1.09997e-06  6.1841e-08
1995  5.52965e-07  1.04803e-06  5.78966e-08

