   160   2500     50 1.975e+02 7.153e+01 4.868e+01 3.152e+02 8.780e+01 6.409e+01
   160   2500    150 1.975e+02 7.153e+01 4.868e+01 3.152e+02 8.770e+01 6.409e+01
   160   2500    250 1.975e+02 7.153e+01 4.868e+01 3.152e+02 8.770e+01 6.409e+01
   160   2500    350 1.975e+02 7.153e+01 4.868e+01 3.152e+02 8.770e+01 6.409e+01
   160   2500    450 1.975e+02 7.153e+01 4.868e+01 3.152e+02 8.780e+01 6.409e+01
   160   2500    550 1.975e+02 7.153e+01 4.868e+01 3.152e+02 8.770e+01 6.409e+01
   160   2500    650 1.975e+02 7.153e+01 4.868e+01 3.152e+02 8.770e+01 6.409e+01
   160   2500    750 1.975e+02 7.153e+01 4.868e+01 3.152e+02 8.780e+01 6.409e+01
   160   2500    850 1.975e+02 7.153e+01 4.868e+01 3.152e+02 8.770e+01 6.409e+01
   160   2500    950 1.975e+02 7.153e+01 4.868e+01 3.152e+02 8.770e+01 6.409e+01
   160   2500   1050 1.975e+02 7.153e+01 4.868e+01 3.152e+02 8.770e+01 6.409e+01
   240   2500     50 7.568e+00 2.945e+00 1.966e+00 1.243e+01 3.581e+00 2.552e+00
   240   2500    150 7.563e+00 2.945e+00 1.966e+00 1.242e+01 3.581e+00 2.552e+00
   240   2500    250 7.562e+00 2.945e+00 1.966e+00 1.242e+01 3.581e+00 2.542e+00
   240   2500    350 7.562e+00 2.945e+00 1.966e+00 1.242e+01 3.581e+00 2.552e+00
   240   2500    450 7.562e+00 2.945e+00 1.966e+00 1.242e+01 3.581e+00 2.552e+00
   240   2500    550 7.562e+00 2.945e+00 1.966e+00 1.242e+01 3.581e+00 2.542e+00
   240   2500    650 7.562e+00 2.945e+00 1.966e+00 1.242e+01 3.581e+00 2.542e+00
   240   2500    750 7.562e+00 2.945e+00 1.966e+00 1.242e+01 3.581e+00 2.552e+00
   240   2500    850 7.562e+00 2.945e+00 1.966e+00 1.242e+01 3.581e+00 2.552e+00
   240   2500    950 7.562e+00 2.945e+00 1.966e+00 1.242e+01 3.581e+00 2.542e+00
   240   2500   1050 7.562e+00 2.945e+00 1.966e+00 1.242e+01 3.581e+00 2.542e+00
   320   2500     50 1.125e+00 4.417e-01 2.954e-01 1.883e+00 5.341e-01 3.899e-01
   320   2500    150 1.120e+00 4.418e-01 2.954e-01 1.876e+00 5.247e-01 3.901e-01
   320   2500    250 1.119e+00 4.418e-01 2.954e-01 1.876e+00 5.357e-01 3.891e-01
   320   2500    350 1.119e+00 4.418e-01 2.954e-01 1.875e+00 5.347e-01 3.891e-01
   320   2500    450 1.119e+00 4.418e-01 2.954e-01 1.876e+00 5.347e-01 3.901e-01
   320   2500    550 1.119e+00 4.418e-01 2.954e-01 1.875e+00 5.347e-01 3.891e-01
   320   2500    650 1.119e+00 4.418e-01 2.954e-01 1.875e+00 5.347e-01 3.891e-01
   320   2500    750 1.119e+00 4.418e-01 2.954e-01 1.876e+00 5.247e-01 3.901e-01
   320   2500    850 1.119e+00 4.418e-01 2.954e-01 1.875e+00 5.347e-01 3.891e-01
   320   2500    950 1.119e+00 4.418e-01 2.954e-01 1.875e+00 5.347e-01 3.891e-01
   320   2500   1050 1.119e+00 4.418e-01 2.954e-01 1.876e+00 5.347e-01 3.901e-01
   400   2500     50 2.620e-01 1.033e-01 6.772e-02 4.444e-01 1.219e-01 9.156e-02
   400   2500    150 2.565e-01 1.034e-01 6.771e-02 4.374e-01 1.225e-01 9.171e-02
   400   2500    250 2.564e-01 1.034e-01 6.771e-02 4.373e-01 1.215e-01 9.272e-02
   400   2500    350 2.564e-01 1.033e-01 6.770e-02 4.372e-01 1.225e-01 9.171e-02
   400   2500    450 2.563e-01 1.033e-01 6.770e-02 4.382e-01 1.225e-01 9.271e-02
   400   2500    550 2.563e-01 1.033e-01 6.770e-02 4.372e-01 1.225e-01 9.171e-02
   400   2500    650 2.563e-01 1.033e-01 6.770e-02 4.372e-01 1.225e-01 9.171e-02
   400   2500    750 2.563e-01 1.033e-01 6.770e-02 4.372e-01 1.225e-01 9.171e-02
   400   2500    850 2.563e-01 1.033e-01 6.770e-02 4.372e-01 1.225e-01 9.171e-02
   400   2500    950 2.563e-01 1.033e-01 6.770e-02 4.372e-01 1.225e-01 9.171e-02
   400   2500   1050 2.563e-01 1.033e-01 6.770e-02 4.372e-01 1.215e-01 9.271e-02
   480   2500     50 7.963e-02 2.992e-02 1.948e-02 1.351e-01 3.504e-02 2.705e-02
   480   2500    150 7.417e-02 2.995e-02 1.947e-02 1.283e-01 3.573e-02 2.719e-02
   480   2500    250 7.407e-02 2.994e-02 1.947e-02 1.280e-01 3.583e-02 2.709e-02
   480   2500    350 7.402e-02 2.994e-02 1.946e-02 1.281e-01 3.573e-02 2.719e-02
   480   2500    450 7.400e-02 2.994e-02 1.946e-02 1.279e-01 3.573e-02 2.709e-02
   480   2500    550 7.400e-02 2.994e-02 1.946e-02 1.279e-01 3.573e-02 2.709e-02
   480   2500    650 7.399e-02 2.993e-02 1.946e-02 1.277e-01 3.573e-02 2.709e-02
   480   2500    750 7.399e-02 2.993e-02 1.946e-02 1.280e-01 3.573e-02 2.719e-02
   480   2500    850 7.399e-02 2.993e-02 1.946e-02 1.277e-01 3.563e-02 2.709e-02
   480   2500    950 7.399e-02 2.993e-02 1.946e-02 1.277e-01 3.563e-02 2.709e-02
   480   2500   1050 7.399e-02 2.993e-02 1.946e-02 1.280e-01 3.573e-02 2.719e-02
   560   2500     50 3.055e-02 1.020e-02 6.478e-03 5.064e-02 1.155e-02 9.078e-03
   560   2500    150 2.505e-02 1.023e-02 6.467e-03 4.365e-02 1.213e-02 9.217e-03
   560   2500    250 2.497e-02 1.022e-02 6.462e-03 4.354e-02 1.214e-02 9.219e-03
   560   2500    350 2.493e-02 1.022e-02 6.460e-03 4.339e-02 1.214e-02 9.219e-03
   560   2500    450 2.492e-02 1.022e-02 6.459e-03 4.337e-02 1.214e-02 9.218e-03
   560   2500    550 2.491e-02 1.022e-02 6.458e-03 4.336e-02 1.214e-02 9.218e-03
   560   2500    650 2.491e-02 1.022e-02 6.458e-03 4.336e-02 1.214e-02 9.218e-03
   560   2500    750 2.490e-02 1.022e-02 6.457e-03 4.335e-02 1.214e-02 9.218e-03
   560   2500    850 2.490e-02 1.022e-02 6.457e-03 4.355e-02 1.214e-02 9.318e-03
   560   2500    950 2.490e-02 1.022e-02 6.457e-03 4.345e-02 1.214e-02 9.218e-03
   560   2500   1050 2.490e-02 1.022e-02 6.457e-03 4.345e-02 1.214e-02 9.218e-03
   640   2500     50 1.508e-02 3.840e-03 2.415e-03 2.380e-02 3.984e-03 3.389e-03
   640   2500    150 9.565e-03 3.869e-03 2.393e-03 1.668e-02 4.571e-03 3.539e-03
   640   2500    250 9.491e-03 3.865e-03 2.390e-03 1.654e-02 4.564e-03 3.530e-03
   640   2500    350 9.460e-03 3.862e-03 2.387e-03 1.654e-02 4.574e-03 3.530e-03
   640   2500    450 9.446e-03 3.861e-03 2.386e-03 1.649e-02 4.564e-03 3.520e-03
   640   2500    550 9.439e-03 3.860e-03 2.386e-03 1.649e-02 4.544e-03 3.539e-03
   640   2500    650 9.437e-03 3.860e-03 2.385e-03 1.649e-02 4.544e-03 3.529e-03
   640   2500    750 9.435e-03 3.860e-03 2.385e-03 1.652e-02 4.604e-03 3.539e-03
   640   2500    850 9.435e-03 3.860e-03 2.385e-03 1.651e-02 4.574e-03 3.529e-03
   640   2500    950 9.434e-03 3.860e-03 2.385e-03 1.647e-02 4.564e-03 3.519e-03
   640   2500   1050 9.434e-03 3.860e-03 2.385e-03 1.650e-02 4.574e-03 3.539e-03
   720   2500     50 9.584e-03 1.585e-03 9.934e-04 1.412e-02 1.291e-03 1.303e-03
   720   2500    150 4.056e-03 1.613e-03 9.703e-04 6.984e-03 1.859e-03 1.452e-03
   720   2500    250 3.993e-03 1.610e-03 9.672e-04 6.897e-03 1.861e-03 1.454e-03
   720   2500    350 3.965e-03 1.607e-03 9.652e-04 6.860e-03 1.851e-03 1.464e-03
   720   2500    450 3.953e-03 1.606e-03 9.642e-04 6.854e-03 1.861e-03 1.464e-03
   720   2500    550 3.947e-03 1.605e-03 9.637e-04 6.816e-03 1.841e-03 1.453e-03
   720   2500    650 3.944e-03 1.605e-03 9.634e-04 6.823e-03 1.850e-03 1.463e-03
   720   2500    750 3.943e-03 1.605e-03 9.633e-04 6.852e-03 1.860e-03 1.463e-03
   720   2500    850 3.943e-03 1.605e-03 9.632e-04 6.841e-03 1.860e-03 1.463e-03
   720   2500    950 3.943e-03 1.605e-03 9.632e-04 6.841e-03 1.860e-03 1.463e-03
   720   2500   1050 3.942e-03 1.605e-03 9.632e-04 6.810e-03 1.850e-03 1.453e-03
   800   2500     50 7.422e-03 7.157e-04 4.265e-04 1.033e-02 2.254e-04 4.965e-04
   800   2500    150 1.879e-03 7.428e-04 4.027e-04 3.186e-03 8.134e-04 6.365e-04
   800   2500    250 1.824e-03 7.394e-04 3.999e-04 3.100e-03 8.156e-04 6.302e-04
   800   2500    350 1.800e-03 7.374e-04 3.982e-04 3.078e-03 8.157e-04 6.381e-04
   800   2500    450 1.789e-03 7.364e-04 3.973e-04 3.064e-03 8.055e-04 6.379e-04
   800   2500    550 1.784e-03 7.358e-04 3.968e-04 3.058e-03 8.154e-04 6.307e-04
   800   2500    650 1.782e-03 7.355e-04 3.966e-04 3.055e-03 8.153e-04 6.306e-04
   800   2500    750 1.781e-03 7.353e-04 3.965e-04 3.053e-03 8.253e-04 6.296e-04
   800   2500    850 1.781e-03 7.353e-04 3.964e-04 3.053e-03 8.153e-04 6.305e-04
   800   2500    950 1.780e-03 7.352e-04 3.964e-04 3.072e-03 8.153e-04 6.465e-04
   800   2500   1050 1.780e-03 7.352e-04 3.964e-04 3.042e-03 8.053e-04 6.325e-04
   880   2500     50 6.507e-03 3.370e-04 2.036e-04 8.733e-03 -2.105e-04 1.473e-04
   880   2500    150 9.524e-04 3.630e-04 1.789e-04 1.562e-03 3.774e-04 2.883e-04
   880   2500    250 9.051e-04 3.603e-04 1.766e-04 1.505e-03 3.806e-04 2.891e-04
   880   2500    350 8.839e-04 3.585e-04 1.750e-04 1.477e-03 3.786e-04 2.889e-04
   880   2500    450 8.742e-04 3.575e-04 1.742e-04 1.466e-03 3.805e-04 2.896e-04
   880   2500    550 8.697e-04 3.570e-04 1.738e-04 1.459e-03 3.805e-04 2.885e-04
   880   2500    650 8.676e-04 3.568e-04 1.736e-04 1.452e-03 3.774e-04 2.884e-04
   880   2500    750 8.667e-04 3.566e-04 1.735e-04 1.449e-03 3.783e-04 2.864e-04
   880   2500    850 8.662e-04 3.565e-04 1.735e-04 1.448e-03 3.783e-04 2.874e-04
   880   2500    950 8.660e-04 3.565e-04 1.734e-04 1.451e-03 3.783e-04 2.884e-04
   880   2500   1050 8.659e-04 3.565e-04 1.734e-04 1.449e-03 3.793e-04 2.864e-04
   960   2500     50 6.088e-03 1.622e-04 1.106e-04 8.010e-03 -4.037e-04 -2.219e-06
   960   2500    150 5.230e-04 1.875e-04 8.538e-05 8.206e-04 1.838e-04 1.380e-04
   960   2500    250 4.816e-04 1.852e-04 8.324e-05 7.730e-04 1.874e-04 1.384e-04
   960   2500    350 4.629e-04 1.836e-04 8.192e-05 7.487e-04 1.866e-04 1.393e-04
   960   2500    450 4.542e-04 1.827e-04 8.116e-05 7.375e-04 1.854e-04 1.391e-04
   960   2500    550 4.502e-04 1.823e-04 8.077e-05 7.323e-04 1.853e-04 1.400e-04
   960   2500    650 4.483e-04 1.820e-04 8.058e-05 7.329e-04 1.873e-04 1.389e-04
   960   2500    750 4.474e-04 1.819e-04 8.049e-05 7.277e-04 1.873e-04 1.379e-04
   960   2500    850 4.470e-04 1.818e-04 8.043e-05 7.272e-04 1.862e-04 1.388e-04
   960   2500    950 4.468e-04 1.818e-04 8.041e-05 7.279e-04 1.852e-04 1.388e-04
   960   2500   1050 4.467e-04 1.818e-04 8.040e-05 7.278e-04 1.862e-04 1.378e-04
  1040   2500     50 5.882e-03 7.751e-05 6.933e-05 7.660e-03 -4.951e-04 -7.202e-05
  1040   2500    150 3.098e-04 1.024e-04 4.367e-05 4.623e-04 9.265e-05 6.719e-05
  1040   2500    250 2.721e-04 1.002e-04 4.164e-05 4.185e-04 9.503e-05 6.869e-05
  1040   2500    350 2.555e-04 9.881e-05 4.052e-05 3.968e-04 9.551e-05 6.830e-05
  1040   2500    450 2.478e-04 9.798e-05 3.987e-05 3.875e-04 9.677e-05 6.787e-05
  1040   2500    550 2.442e-04 9.756e-05 3.955e-05 3.838e-04 9.570e-05 6.875e-05
  1040   2500    650 2.425e-04 9.733e-05 3.936e-05 3.807e-04 9.654e-05 6.779e-05
  1040   2500    750 2.417e-04 9.723e-05 3.928e-05 3.806e-04 9.561e-05 6.866e-05
  1040   2500    850 2.413e-04 9.717e-05 3.923e-05 3.785e-04 9.519e-05 6.793e-05
  1040   2500    950 2.411e-04 9.714e-05 3.920e-05 3.784e-04 9.498e-05 6.782e-05
  1040   2500   1050 2.410e-04 9.712e-05 3.920e-05 3.797e-04 9.558e-05 6.862e-05
  1120   2500     50 5.776e-03 3.374e-05 5.077e-05 7.485e-03 -5.299e-04 -1.047e-04
  1120   2500    150 2.034e-04 5.861e-05 2.512e-05 2.876e-04 4.766e-05 3.439e-05
  1120   2500    250 1.625e-04 5.602e-05 2.299e-05 2.392e-04 5.013e-05 3.560e-05
  1120   2500    350 1.477e-04 5.486e-05 2.187e-05 2.207e-04 5.011e-05 3.570e-05
  1120   2500    450 1.408e-04 5.416e-05 2.128e-05 2.112e-04 4.996e-05 3.545e-05
  1120   2500    550 1.376e-04 5.378e-05 2.097e-05 2.076e-04 5.009e-05 3.554e-05
  1120   2500    650 1.360e-04 5.358e-05 2.081e-05 2.057e-04 5.004e-05 3.549e-05
  1120   2500    750 1.353e-04 5.348e-05 2.072e-05 2.049e-04 5.001e-05 3.545e-05
  1120   2500    850 1.349e-04 5.342e-05 2.068e-05 2.042e-04 4.990e-05 3.543e-05
  1120   2500    950 1.348e-04 5.340e-05 2.066e-05 2.038e-04 4.999e-05 3.522e-05
  1120   2500   1050 1.347e-04 5.338e-05 2.065e-05 2.038e-04 5.009e-05 3.532e-05
  1200   2500     50 5.708e-03 9.669e-06 3.140e-05 7.393e-03 -5.528e-04 -1.214e-04
  1200   2500    150 1.456e-04 3.456e-05 1.574e-05 1.957e-04 2.480e-05 1.784e-05
  1200   2500    250 1.018e-04 3.178e-05 1.331e-05 1.437e-04 2.717e-05 1.895e-05
  1200   2500    350 8.871e-05 3.062e-05 1.240e-05 1.271e-04 2.736e-05 1.895e-05
  1200   2500    450 8.249e-05 3.007e-05 1.184e-05 1.192e-04 2.728e-05 1.887e-05
  1200   2500    550 7.954e-05 2.971e-05 1.157e-05 1.153e-04 2.722e-05 1.878e-05
  1200   2500    650 7.812e-05 2.954e-05 1.142e-05 1.134e-04 2.709e-05 1.874e-05
  1200   2500    750 7.745e-05 2.944e-05 1.135e-05 1.125e-04 2.716e-05 1.860e-05
  1200   2500    850 7.713e-05 2.939e-05 1.130e-05 1.121e-04 2.715e-05 1.868e-05
  1200   2500    950 7.698e-05 2.936e-05 1.128e-05 1.119e-04 2.714e-05 1.857e-05
  1200   2500   1050 7.691e-05 2.935e-05 1.128e-05 1.118e-04 2.703e-05 1.867e-05
  1280   2500     50 5.675e-03 -3.153e-06 2.636e-05 7.343e-03 -5.652e-04 -1.300e-04
  1280   2500    150 1.130e-04 2.175e-05 1.071e-05 1.461e-04 1.242e-05 9.186e-06
  1280   2500    250 6.672e-05 1.877e-05 8.079e-06 9.087e-05 1.491e-05 1.033e-05
  1280   2500    350 5.507e-05 1.773e-05 7.273e-06 7.597e-05 1.489e-05 1.030e-05
  1280   2500    450 4.946e-05 1.721e-05 6.763e-06 6.885e-05 1.491e-05 1.018e-05
  1280   2500    550 4.679e-05 1.690e-05 6.519e-06 6.544e-05 1.485e-05 1.012e-05
  1280   2500    650 4.550e-05 1.672e-05 6.382e-06 6.380e-05 1.481e-05 1.007e-05
  1280   2500    750 4.488e-05 1.664e-05 6.310e-06 6.300e-05 1.479e-05 1.004e-05
  1280   2500    850 4.458e-05 1.659e-05 6.270e-06 6.261e-05 1.478e-05 1.002e-05
  1280   2500    950 4.444e-05 1.657e-05 6.254e-06 6.242e-05 1.477e-05 1.002e-05
  1280   2500   1050 4.437e-05 1.656e-05 6.247e-06 6.253e-05 1.487e-05 1.010e-05
  1360   2500     50 5.657e-03 -1.036e-05 2.361e-05 7.316e-03 -5.617e-04 -1.346e-04
  1360   2500    150 9.429e-05 1.454e-05 7.971e-06 1.190e-04 5.922e-06 4.622e-06
  1360   2500    250 4.586e-05 1.138e-05 5.145e-06 6.071e-05 8.307e-06 5.728e-06
  1360   2500    350 3.540e-05 1.045e-05 4.410e-06 4.766e-05 8.406e-06 5.743e-06
  1360   2500    450 3.038e-05 9.963e-06 3.991e-06 4.126e-05 8.418e-06 5.608e-06
  1360   2500    550 2.795e-05 9.675e-06 3.756e-06 3.817e-05 8.382e-06 5.533e-06
  1360   2500    650 2.678e-05 9.524e-06 3.637e-06 3.671e-05 8.328e-06 5.516e-06
  1360   2500    750 2.621e-05 9.443e-06 3.574e-06 3.595e-05 8.307e-06 5.486e-06
  1360   2500    850 2.593e-05 9.401e-06 3.536e-06 3.563e-05 8.306e-06 5.477e-06
  1360   2500    950 2.580e-05 9.379e-06 3.521e-06 3.545e-05 8.289e-06 5.470e-06
  1360   2500   1050 2.574e-05 9.368e-06 3.514e-06 3.537e-05 8.295e-06 5.469e-06
  1440   2500     50 5.646e-03 -1.448e-05 2.205e-05 7.301e-03 -5.753e-04 -1.370e-04
  1440   2500    150 8.344e-05 1.043e-05 6.414e-06 1.036e-04 2.274e-06 2.294e-06
  1440   2500    250 3.313e-05 7.067e-06 3.489e-06 4.286e-05 4.561e-06 3.300e-06
  1440   2500    350 2.371e-05 6.276e-06 2.785e-06 3.110e-05 4.751e-06 3.206e-06
  1440   2500    450 1.918e-05 5.809e-06 2.397e-06 2.538e-05 4.734e-06 3.160e-06
  1440   2500    550 1.696e-05 5.552e-06 2.183e-06 2.261e-05 4.709e-06 3.094e-06
  1440   2500    650 1.589e-05 5.412e-06 2.075e-06 2.124e-05 4.685e-06 3.057e-06
  1440   2500    750 1.537e-05 5.336e-06 2.016e-06 2.054e-05 4.654e-06 3.046e-06
  1440   2500    850 1.511e-05 5.297e-06 1.981e-06 2.021e-05 4.643e-06 3.028e-06
  1440   2500    950 1.499e-05 5.277e-06 1.967e-06 2.005e-05 4.636e-06 3.022e-06
  1440   2500   1050 1.493e-05 5.266e-06 1.961e-06 1.997e-05 4.633e-06 3.020e-06
  1520   2500     50 5.639e-03 -1.689e-05 2.123e-05 7.282e-03 -5.573e-04 -1.483e-04
  1520   2500    150 7.711e-05 8.035e-06 5.594e-06 9.496e-05 2.472e-07 8.725e-07
  1520   2500    250 2.512e-05 4.477e-06 2.573e-06 3.203e-05 2.437e-06 1.878e-06
  1520   2500    350 1.663e-05 3.809e-06 1.889e-06 2.146e-05 2.738e-06 1.875e-06
  1520   2500    450 1.252e-05 3.384e-06 1.542e-06 1.630e-05 2.711e-06 1.810e-06
  1520   2500    550 1.051e-05 3.149e-06 1.347e-06 1.377e-05 2.677e-06 1.764e-06
  1520   2500    650 9.530e-06 3.020e-06 1.251e-06 1.252e-05 2.654e-06 1.726e-06
  1520   2500    750 9.047e-06 2.948e-06 1.197e-06 1.190e-05 2.641e-06 1.704e-06
  1520   2500    850 8.813e-06 2.912e-06 1.165e-06 1.162e-05 2.621e-06 1.705e-06
  1520   2500    950 8.699e-06 2.893e-06 1.151e-06 1.147e-05 2.615e-06 1.699e-06
  1520   2500   1050 8.644e-06 2.883e-06 1.145e-06 1.140e-05 2.612e-06 1.698e-06
  1600   2500     50 5.636e-03 -1.818e-05 2.073e-05 7.277e-03 -5.585e-04 -1.491e-04
  1600   2500    150 7.339e-05 6.752e-06 5.101e-06 8.999e-05 -9.118e-07 1.325e-07
  1600   2500    250 1.992e-05 3.099e-06 1.880e-06 2.509e-05 1.378e-06 1.140e-06
  1600   2500    350 1.224e-05 2.453e-06 1.348e-06 1.565e-05 1.538e-06 1.144e-06
  1600   2500    450 8.507e-06 2.071e-06 1.021e-06 1.096e-05 1.535e-06 1.068e-06
  1600   2500    550 6.682e-06 1.846e-06 8.474e-07 8.663e-06 1.511e-06 1.022e-06
  1600   2500    650 5.775e-06 1.737e-06 7.532e-07 7.527e-06 1.488e-06 9.942e-07
  1600   2500    750 5.331e-06 1.672e-06 7.041e-07 6.960e-06 1.475e-06 9.778e-07
  1600   2500    850 5.114e-06 1.639e-06 6.743e-07 6.680e-06 1.464e-06 9.648e-07
  1600   2500    950 5.007e-06 1.621e-06 6.613e-07 6.541e-06 1.460e-06 9.573e-07
  1600   2500   1050 4.956e-06 1.612e-06 6.559e-07 6.472e-06 1.456e-06 9.581e-07
  1680   2500     50 5.633e-03 -1.893e-05 2.044e-05 7.274e-03 -5.592e-04 -1.495e-04
  1680   2500    150 7.121e-05 5.908e-06 4.810e-06 8.704e-05 -1.463e-06 -2.865e-07
  1680   2500    250 1.635e-05 2.259e-06 1.491e-06 2.046e-05 8.298e-07 6.195e-07
  1680   2500    350 9.455e-06 1.656e-06 9.890e-07 1.200e-05 8.925e-07 6.844e-07
  1680   2500    450 6.067e-06 1.304e-06 7.040e-07 7.779e-06 8.882e-07 6.374e-07
  1680   2500    550 4.394e-06 1.101e-06 5.398e-07 5.687e-06 8.544e-07 6.010e-07
  1680   2500    650 3.568e-06 9.930e-07 4.578e-07 4.642e-06 8.437e-07 5.714e-07
  1680   2500    750 3.159e-06 9.337e-07 4.126e-07 4.123e-06 8.261e-07 5.559e-07
  1680   2500    850 2.957e-06 9.025e-07 3.850e-07 3.863e-06 8.179e-07 5.418e-07
  1680   2500    950 2.858e-06 8.860e-07 3.734e-07 3.733e-06 8.134e-07 5.374e-07
  1680   2500   1050 2.810e-06 8.776e-07 3.683e-07 3.670e-06 8.105e-07 5.362e-07
  1760   2500     50 5.632e-03 -1.934e-05 2.027e-05 7.273e-03 -5.595e-04 -1.497e-04
  1760   2500    150 6.994e-05 5.500e-06 4.644e-06 8.551e-05 -1.934e-06 -5.175e-07
  1760   2500    250 1.390e-05 1.756e-06 1.226e-06 1.724e-05 4.593e-07 3.865e-07
  1760   2500    350 7.658e-06 1.195e-06 7.862e-07 9.658e-06 5.130e-07 4.314e-07
  1760   2500    450 4.565e-06 8.749e-07 5.100e-07 5.843e-06 5.087e-07 3.954e-07
  1760   2500    550 3.035e-06 6.922e-07 3.667e-07 3.934e-06 4.853e-07 3.582e-07
  1760   2500    650 2.275e-06 5.869e-07 2.889e-07 2.977e-06 4.679e-07 3.356e-07
  1760   2500    750 1.897e-06 5.320e-07 2.478e-07 2.498e-06 4.563e-07 3.210e-07
  1760   2500    850 1.710e-06 5.030e-07 2.211e-07 2.258e-06 4.493e-07 3.078e-07
  1760   2500    950 1.617e-06 4.877e-07 2.101e-07 2.138e-06 4.438e-07 3.044e-07
  1760   2500   1050 1.572e-06 4.797e-07 2.054e-07 2.078e-06 4.417e-07 3.032e-07
  1840   2500     50 5.631e-03 -1.958e-05 2.017e-05 7.272e-03 -5.497e-04 -1.499e-04
  1840   2500    150 6.922e-05 5.263e-06 4.549e-06 8.447e-05 -2.032e-06 -6.546e-07
  1840   2500    250 1.219e-05 1.421e-06 1.133e-06 1.492e-05 1.627e-07 2.494e-07
  1840   2500    350 6.454e-06 9.032e-07 6.431e-07 8.110e-06 2.974e-07 2.743e-07
  1840   2500    450 3.634e-06 6.153e-07 3.974e-07 4.619e-06 3.141e-07 2.473e-07
  1840   2500    550 2.227e-06 4.433e-07 2.643e-07 2.874e-06 2.902e-07 2.104e-07
  1840   2500    650 1.528e-06 3.516e-07 1.906e-07 2.002e-06 2.709e-07 1.946e-07
  1840   2500    750 1.177e-06 3.008e-07 1.516e-07 1.560e-06 2.595e-07 1.820e-07
  1840   2500    850 1.004e-06 2.739e-07 1.280e-07 1.338e-06 2.526e-07 1.708e-07
  1840   2500    950 9.177e-07 2.591e-07 1.175e-07 1.225e-06 2.490e-07 1.660e-07
  1840   2500   1050 8.757e-07 2.515e-07 1.130e-07 1.169e-06 2.471e-07 1.650e-07
  1920   2500     50 5.631e-03 -1.971e-05 2.012e-05 7.271e-03 -5.598e-04 -1.499e-04
  1920   2500    150 6.881e-05 5.137e-06 4.495e-06 8.403e-05 -2.243e-06 -7.296e-07
  1920   2500    250 1.078e-05 1.200e-06 9.093e-07 1.319e-05 5.070e-08 1.764e-07
  1920   2500    350 5.604e-06 7.337e-07 5.502e-07 7.012e-06 1.964e-07 1.993e-07
  1920   2500    450 3.029e-06 4.665e-07 3.251e-07 3.837e-06 1.821e-07 1.633e-07
  1920   2500    550 1.734e-06 3.147e-07 2.022e-07 2.234e-06 1.797e-07 1.357e-07
  1920   2500    650 1.089e-06 2.274e-07 1.326e-07 1.432e-06 1.586e-07 1.168e-07
  1920   2500    750 7.655e-07 1.790e-07 9.767e-08 1.025e-06 1.483e-07 1.061e-07
  1920   2500    850 6.031e-07 1.541e-07 7.506e-08 8.180e-07 1.425e-07 9.483e-08
  1920   2500    950 5.232e-07 1.406e-07 6.520e-08 7.141e-07 1.390e-07 9.102e-08
  1920   2500   1050 4.837e-07 1.335e-07 6.097e-08 6.617e-07 1.368e-07 9.015e-08
  2000   2500     50 5.631e-03 -1.978e-05 2.008e-05 7.271e-03 -5.499e-04 -1.500e-04
  2000   2500    150 6.857e-05 5.067e-06 4.465e-06 8.362e-05 -2.307e-06 -7.701e-07
  2000   2500    250 9.720e-06 1.062e-06 8.308e-07 1.179e-05 -1.125e-08 1.339e-07
  2000   2500    350 4.971e-06 6.281e-07 4.728e-07 6.192e-06 1.244e-07 1.378e-07
  2000   2500    450 2.610e-06 3.814e-07 2.672e-07 3.301e-06 1.211e-07 1.218e-07
  2000   2500    550 1.427e-06 2.411e-07 1.645e-07 1.841e-06 9.848e-08 9.344e-08
  2000   2500    650 8.314e-07 1.572e-07 1.010e-07 1.095e-06 9.540e-08 7.250e-08
  2000   2500    750 5.306e-07 1.130e-07 6.714e-08 7.173e-07 8.617e-08 6.167e-08
  2000   2500    850 3.796e-07 8.946e-08 4.663e-08 5.259e-07 8.048e-08 5.245e-08
  2000   2500    950 3.047e-07 7.720e-08 3.733e-08 4.286e-07 7.762e-08 4.864e-08
  2000   2500   1050 2.678e-07 7.048e-08 3.343e-08 3.796e-07 7.574e-08 4.769e-08
  2500    160     50 1.270e+03 4.900e+02 3.340e+02 2.050e+03 3.100e+02 3.000e+02
  2500    160    150 1.270e+03 4.900e+02 3.340e+02 2.050e+03 3.100e+02 3.000e+02
  2500    160    250 1.270e+03 4.900e+02 3.340e+02 2.050e+03 3.100e+02 3.000e+02
  2500    160    350 1.270e+03 4.900e+02 3.340e+02 2.050e+03 3.100e+02 3.000e+02
  2500    160    450 1.270e+03 4.900e+02 3.340e+02 2.050e+03 3.100e+02 3.000e+02
  2500    160    550 1.270e+03 4.900e+02 3.340e+02 2.050e+03 3.100e+02 3.000e+02
  2500    160    650 1.270e+03 4.900e+02 3.340e+02 2.050e+03 3.100e+02 3.000e+02
  2500    160    750 1.270e+03 4.900e+02 3.340e+02 2.050e+03 3.100e+02 3.000e+02
  2500    160    850 1.270e+03 4.900e+02 3.340e+02 2.050e+03 3.100e+02 3.000e+02
  2500    160    950 1.270e+03 4.900e+02 3.340e+02 2.050e+03 3.100e+02 3.000e+02
  2500    160   1050 1.270e+03 4.900e+02 3.340e+02 2.050e+03 3.100e+02 3.000e+02
  2500    240     50 1.310e+02 5.200e+01 3.490e+01 2.270e+02 3.400e+01 3.400e+01
  2500    240    150 1.310e+02 5.200e+01 3.490e+01 2.270e+02 3.400e+01 3.400e+01
  2500    240    250 1.310e+02 5.200e+01 3.490e+01 2.270e+02 3.400e+01 3.400e+01
  2500    240    350 1.310e+02 5.200e+01 3.490e+01 2.270e+02 3.400e+01 3.400e+01
  2500    240    450 1.310e+02 5.200e+01 3.490e+01 2.270e+02 3.400e+01 3.400e+01
  2500    240    550 1.310e+02 5.200e+01 3.490e+01 2.270e+02 3.400e+01 3.400e+01
  2500    240    650 1.310e+02 5.200e+01 3.490e+01 2.270e+02 3.400e+01 3.400e+01
  2500    240    750 1.310e+02 5.200e+01 3.490e+01 2.270e+02 3.400e+01 3.400e+01
  2500    240    850 1.310e+02 5.200e+01 3.490e+01 2.270e+02 3.400e+01 3.400e+01
  2500    240    950 1.310e+02 5.200e+01 3.490e+01 2.270e+02 3.400e+01 3.400e+01
  2500    240   1050 1.310e+02 5.200e+01 3.490e+01 2.270e+02 3.400e+01 3.400e+01
  2500    320     50 2.281e+01 9.200e+00 6.100e+00 4.191e+01 6.400e+00 6.400e+00
  2500    320    150 2.280e+01 9.200e+00 6.100e+00 4.190e+01 6.400e+00 6.400e+00
  2500    320    250 2.280e+01 9.200e+00 6.100e+00 4.190e+01 6.400e+00 6.400e+00
  2500    320    350 2.280e+01 9.200e+00 6.100e+00 4.190e+01 6.400e+00 6.400e+00
  2500    320    450 2.280e+01 9.200e+00 6.100e+00 4.190e+01 6.400e+00 6.400e+00
  2500    320    550 2.280e+01 9.200e+00 6.100e+00 4.190e+01 6.400e+00 6.400e+00
  2500    320    650 2.280e+01 9.200e+00 6.100e+00 4.190e+01 6.400e+00 6.400e+00
  2500    320    750 2.280e+01 9.200e+00 6.100e+00 4.190e+01 6.400e+00 6.400e+00
  2500    320    850 2.280e+01 9.200e+00 6.100e+00 4.190e+01 6.400e+00 6.400e+00
  2500    320    950 2.280e+01 9.200e+00 6.100e+00 4.190e+01 6.400e+00 6.400e+00
  2500    320   1050 2.280e+01 9.200e+00 6.100e+00 4.190e+01 6.400e+00 6.400e+00
  2500    400     50 5.326e+00 2.170e+00 1.420e+00 1.031e+01 1.600e+00 1.610e+00
  2500    400    150 5.321e+00 2.170e+00 1.420e+00 1.030e+01 1.600e+00 1.610e+00
  2500    400    250 5.321e+00 2.170e+00 1.420e+00 1.030e+01 1.600e+00 1.610e+00
  2500    400    350 5.320e+00 2.170e+00 1.420e+00 1.030e+01 1.600e+00 1.610e+00
  2500    400    450 5.320e+00 2.170e+00 1.420e+00 1.030e+01 1.600e+00 1.610e+00
  2500    400    550 5.320e+00 2.170e+00 1.420e+00 1.030e+01 1.600e+00 1.610e+00
  2500    400    650 5.320e+00 2.170e+00 1.420e+00 1.030e+01 1.600e+00 1.610e+00
  2500    400    750 5.320e+00 2.170e+00 1.420e+00 1.030e+01 1.600e+00 1.610e+00
  2500    400    850 5.320e+00 2.170e+00 1.420e+00 1.030e+01 1.600e+00 1.610e+00
  2500    400    950 5.320e+00 2.170e+00 1.420e+00 1.030e+01 1.600e+00 1.610e+00
  2500    400   1050 5.320e+00 2.170e+00 1.420e+00 1.030e+01 1.600e+00 1.610e+00
  2500    480     50 1.506e+00 6.101e-01 4.001e-01 3.038e+00 4.895e-01 4.799e-01
  2500    480    150 1.501e+00 6.101e-01 4.001e-01 3.031e+00 4.901e-01 4.801e-01
  2500    480    250 1.500e+00 6.101e-01 4.001e-01 3.031e+00 4.902e-01 4.801e-01
  2500    480    350 1.500e+00 6.101e-01 4.000e-01 3.031e+00 4.901e-01 4.801e-01
  2500    480    450 1.500e+00 6.101e-01 4.000e-01 3.031e+00 4.901e-01 4.801e-01
  2500    480    550 1.500e+00 6.101e-01 4.000e-01 3.031e+00 4.901e-01 4.801e-01
  2500    480    650 1.500e+00 6.101e-01 4.000e-01 3.031e+00 4.901e-01 4.801e-01
  2500    480    750 1.500e+00 6.101e-01 4.000e-01 3.031e+00 4.901e-01 4.801e-01
  2500    480    850 1.500e+00 6.101e-01 4.000e-01 3.031e+00 4.901e-01 4.801e-01
  2500    480    950 1.500e+00 6.101e-01 4.000e-01 3.031e+00 4.901e-01 4.801e-01
  2500    480   1050 1.500e+00 6.101e-01 4.000e-01 3.031e+00 4.901e-01 4.801e-01
  2500    560     50 4.830e-01 1.951e-01 1.281e-01 1.018e+00 1.695e-01 1.649e-01
  2500    560    150 4.774e-01 1.951e-01 1.281e-01 1.011e+00 1.701e-01 1.651e-01
  2500    560    250 4.773e-01 1.951e-01 1.280e-01 1.011e+00 1.701e-01 1.651e-01
  2500    560    350 4.772e-01 1.951e-01 1.280e-01 1.010e+00 1.701e-01 1.651e-01
  2500    560    450 4.772e-01 1.951e-01 1.280e-01 1.010e+00 1.701e-01 1.651e-01
  2500    560    550 4.771e-01 1.951e-01 1.280e-01 1.010e+00 1.701e-01 1.651e-01
  2500    560    650 4.771e-01 1.950e-01 1.280e-01 1.010e+00 1.701e-01 1.651e-01
  2500    560    750 4.771e-01 1.950e-01 1.280e-01 1.010e+00 1.701e-01 1.651e-01
  2500    560    850 4.771e-01 1.950e-01 1.280e-01 1.010e+00 1.701e-01 1.651e-01
  2500    560    950 4.771e-01 1.950e-01 1.280e-01 1.010e+00 1.701e-01 1.651e-01
  2500    560   1050 4.771e-01 1.950e-01 1.280e-01 1.010e+00 1.701e-01 1.651e-01
  2500    640     50 1.719e-01 6.806e-02 4.407e-02 3.765e-01 6.246e-02 6.288e-02
  2500    640    150 1.663e-01 6.807e-02 4.404e-02 3.695e-01 6.306e-02 6.304e-02
  2500    640    250 1.662e-01 6.805e-02 4.403e-02 3.694e-01 6.307e-02 6.304e-02
  2500    640    350 1.661e-01 6.804e-02 4.402e-02 3.693e-01 6.307e-02 6.304e-02
  2500    640    450 1.661e-01 6.804e-02 4.402e-02 3.693e-01 6.306e-02 6.304e-02
  2500    640    550 1.661e-01 6.804e-02 4.402e-02 3.693e-01 6.306e-02 6.304e-02
  2500    640    650 1.661e-01 6.803e-02 4.401e-02 3.693e-01 6.306e-02 6.304e-02
  2500    640    750 1.661e-01 6.803e-02 4.401e-02 3.693e-01 6.306e-02 6.304e-02
  2500    640    850 1.661e-01 6.803e-02 4.401e-02 3.693e-01 6.306e-02 6.304e-02
  2500    640    950 1.661e-01 6.803e-02 4.401e-02 3.692e-01 6.306e-02 6.304e-02
  2500    640   1050 1.661e-01 6.803e-02 4.401e-02 3.692e-01 6.306e-02 6.304e-02
  2500    720     50 6.754e-02 2.544e-02 1.666e-02 1.515e-01 2.446e-02 2.487e-02
  2500    720    150 6.193e-02 2.545e-02 1.663e-02 1.444e-01 2.504e-02 2.503e-02
  2500    720    250 6.183e-02 2.544e-02 1.662e-02 1.443e-01 2.504e-02 2.503e-02
  2500    720    350 6.180e-02 2.543e-02 1.662e-02 1.442e-01 2.504e-02 2.503e-02
  2500    720    450 6.178e-02 2.543e-02 1.661e-02 1.442e-01 2.504e-02 2.503e-02
  2500    720    550 6.177e-02 2.542e-02 1.661e-02 1.442e-01 2.504e-02 2.503e-02
  2500    720    650 6.176e-02 2.542e-02 1.661e-02 1.442e-01 2.504e-02 2.503e-02
  2500    720    750 6.175e-02 2.542e-02 1.661e-02 1.442e-01 2.504e-02 2.503e-02
  2500    720    850 6.175e-02 2.542e-02 1.661e-02 1.442e-01 2.504e-02 2.503e-02
  2500    720    950 6.175e-02 2.542e-02 1.661e-02 1.442e-01 2.504e-02 2.503e-02
  2500    720   1050 6.174e-02 2.542e-02 1.661e-02 1.442e-01 2.504e-02 2.503e-02
  2500    800     50 2.979e-02 9.920e-03 6.347e-03 6.622e-02 1.034e-02 1.028e-02
  2500    800    150 2.419e-02 9.937e-03 6.325e-03 5.897e-02 1.093e-02 1.042e-02
  2500    800    250 2.410e-02 9.926e-03 6.316e-03 5.888e-02 1.093e-02 1.042e-02
  2500    800    350 2.407e-02 9.922e-03 6.312e-03 5.886e-02 1.093e-02 1.042e-02
  2500    800    450 2.406e-02 9.918e-03 6.310e-03 5.884e-02 1.093e-02 1.042e-02
  2500    800    550 2.405e-02 9.916e-03 6.308e-03 5.883e-02 1.093e-02 1.042e-02
  2500    800    650 2.404e-02 9.914e-03 6.306e-03 5.882e-02 1.093e-02 1.042e-02
  2500    800    750 2.404e-02 9.913e-03 6.306e-03 5.882e-02 1.093e-02 1.042e-02
  2500    800    850 2.403e-02 9.912e-03 6.305e-03 5.881e-02 1.093e-02 1.042e-02
  2500    800    950 2.403e-02 9.911e-03 6.304e-03 5.881e-02 1.093e-02 1.042e-02
  2500    800   1050 2.403e-02 9.911e-03 6.304e-03 5.881e-02 1.093e-02 1.042e-02
  2500    880     50 1.539e-02 3.970e-03 2.410e-03 3.244e-02 4.241e-03 4.367e-03
  2500    880    150 9.795e-03 3.988e-03 2.390e-03 2.522e-02 4.816e-03 4.513e-03
  2500    880    250 9.711e-03 3.979e-03 2.382e-03 2.513e-02 4.820e-03 4.514e-03
  2500    880    350 9.694e-03 3.975e-03 2.379e-03 2.511e-02 4.820e-03 4.513e-03
  2500    880    450 9.682e-03 3.973e-03 2.377e-03 2.510e-02 4.819e-03 4.513e-03
  2500    880    550 9.674e-03 3.971e-03 2.375e-03 2.509e-02 4.819e-03 4.512e-03
  2500    880    650 9.668e-03 3.969e-03 2.374e-03 2.508e-02 4.819e-03 4.512e-03
  2500    880    750 9.665e-03 3.968e-03 2.374e-03 2.508e-02 4.818e-03 4.511e-03
  2500    880    850 9.662e-03 3.968e-03 2.373e-03 2.508e-02 4.818e-03 4.511e-03
  2500    880    950 9.660e-03 3.967e-03 2.373e-03 2.507e-02 4.818e-03 4.511e-03
  2500    880   1050 9.659e-03 3.967e-03 2.373e-03 2.507e-02 4.818e-03 4.511e-03
  2500    960     50 9.676e-03 1.652e-03 9.451e-04 1.829e-02 1.634e-03 1.812e-03
  2500    960    150 4.092e-03 1.672e-03 9.257e-04 1.108e-02 2.210e-03 1.958e-03
  2500    960    250 4.014e-03 1.664e-03 9.188e-04 1.099e-02 2.213e-03 1.960e-03
  2500    960    350 3.999e-03 1.661e-03 9.165e-04 1.098e-02 2.213e-03 1.959e-03
  2500    960    450 3.990e-03 1.659e-03 9.150e-04 1.097e-02 2.213e-03 1.959e-03
  2500    960    550 3.984e-03 1.657e-03 9.139e-04 1.096e-02 2.213e-03 1.958e-03
  2500    960    650 3.979e-03 1.656e-03 9.130e-04 1.096e-02 2.212e-03 1.958e-03
  2500    960    750 3.977e-03 1.656e-03 9.124e-04 1.095e-02 2.212e-03 1.958e-03
  2500    960    850 3.975e-03 1.655e-03 9.121e-04 1.095e-02 2.212e-03 1.957e-03
  2500    960    950 3.973e-03 1.655e-03 9.118e-04 1.095e-02 2.212e-03 1.957e-03
  2500    960   1050 3.972e-03 1.655e-03 9.117e-04 1.095e-02 2.212e-03 1.957e-03
  2500   1040     50 7.344e-03 6.966e-04 3.814e-04 1.225e-02 4.495e-04 7.480e-04
  2500   1040    150 1.765e-03 7.176e-04 3.629e-04 5.027e-03 1.035e-03 8.854e-04
  2500   1040    250 1.691e-03 7.102e-04 3.568e-04 4.946e-03 1.039e-03 8.866e-04
  2500   1040    350 1.679e-03 7.079e-04 3.550e-04 4.935e-03 1.039e-03 8.863e-04
  2500   1040    450 1.672e-03 7.063e-04 3.538e-04 4.927e-03 1.039e-03 8.858e-04
  2500   1040    550 1.667e-03 7.050e-04 3.527e-04 4.922e-03 1.039e-03 8.855e-04
  2500   1040    650 1.664e-03 7.043e-04 3.521e-04 4.918e-03 1.038e-03 8.852e-04
  2500   1040    750 1.661e-03 7.037e-04 3.517e-04 4.916e-03 1.038e-03 8.850e-04
  2500   1040    850 1.660e-03 7.033e-04 3.514e-04 4.914e-03 1.038e-03 8.849e-04
  2500   1040    950 1.659e-03 7.031e-04 3.512e-04 4.913e-03 1.038e-03 8.848e-04
  2500   1040   1050 1.658e-03 7.029e-04 3.511e-04 4.912e-03 1.038e-03 8.848e-04
  2500   1120     50 6.376e-03 2.884e-04 1.707e-04 9.564e-03 -8.360e-05 2.657e-04
  2500   1120    150 8.013e-04 3.103e-04 1.529e-04 2.347e-03 4.924e-04 4.033e-04
  2500   1120    250 7.295e-04 3.037e-04 1.472e-04 2.269e-03 4.959e-04 4.046e-04
  2500   1120    350 7.201e-04 3.018e-04 1.458e-04 2.259e-03 4.960e-04 4.043e-04
  2500   1120    450 7.140e-04 3.004e-04 1.447e-04 2.253e-03 4.958e-04 4.039e-04
  2500   1120    550 7.101e-04 2.996e-04 1.439e-04 2.249e-03 4.956e-04 4.036e-04
  2500   1120    650 7.075e-04 2.989e-04 1.435e-04 2.246e-03 4.955e-04 4.035e-04
  2500   1120    750 7.058e-04 2.985e-04 1.431e-04 2.244e-03 4.954e-04 4.033e-04
  2500   1120    850 7.046e-04 2.982e-04 1.429e-04 2.243e-03 4.954e-04 4.032e-04
  2500   1120    950 7.039e-04 2.980e-04 1.428e-04 2.242e-03 4.953e-04 4.032e-04
  2500   1120   1050 7.034e-04 2.979e-04 1.427e-04 2.241e-03 4.953e-04 4.031e-04
  2500   1200     50 5.962e-03 1.154e-04 8.256e-05 8.347e-03 -3.356e-04 4.410e-05
  2500   1200    150 3.902e-04 1.380e-04 6.526e-05 1.133e-03 2.405e-04 1.817e-04
  2500   1200    250 3.207e-04 1.318e-04 6.003e-05 1.057e-03 2.440e-04 1.831e-04
  2500   1200    350 3.129e-04 1.303e-04 5.876e-05 1.049e-03 2.441e-04 1.828e-04
  2500   1200    450 3.079e-04 1.292e-04 5.794e-05 1.044e-03 2.439e-04 1.826e-04
  2500   1200    550 3.048e-04 1.285e-04 5.737e-05 1.040e-03 2.438e-04 1.824e-04
  2500   1200    650 3.027e-04 1.280e-04 5.700e-05 1.038e-03 2.437e-04 1.822e-04
  2500   1200    750 3.014e-04 1.277e-04 5.678e-05 1.036e-03 2.436e-04 1.821e-04
  2500   1200    850 3.005e-04 1.275e-04 5.663e-05 1.035e-03 2.436e-04 1.821e-04
  2500   1200    950 2.999e-04 1.273e-04 5.653e-05 1.035e-03 2.436e-04 1.821e-04
  2500   1200   1050 2.995e-04 1.272e-04 5.646e-05 1.034e-03 2.435e-04 1.820e-04
  2500   1280     50 5.782e-03 4.100e-05 4.693e-05 7.788e-03 -4.609e-04 -5.505e-05
  2500   1280    150 2.126e-04 6.410e-05 3.013e-05 5.761e-04 1.153e-04 8.285e-05
  2500   1280    250 1.448e-04 5.846e-05 2.510e-05 5.011e-04 1.186e-04 8.417e-05
  2500   1280    350 1.381e-04 5.725e-05 2.408e-05 4.943e-04 1.187e-04 8.394e-05
  2500   1280    450 1.340e-04 5.638e-05 2.342e-05 4.900e-04 1.187e-04 8.374e-05
  2500   1280    550 1.315e-04 5.580e-05 2.299e-05 4.871e-04 1.186e-04 8.359e-05
  2500   1280    650 1.298e-04 5.542e-05 2.271e-05 4.853e-04 1.185e-04 8.349e-05
  2500   1280    750 1.288e-04 5.515e-05 2.253e-05 4.841e-04 1.185e-04 8.344e-05
  2500   1280    850 1.281e-04 5.496e-05 2.242e-05 4.833e-04 1.184e-04 8.339e-05
  2500   1280    950 1.276e-04 5.486e-05 2.235e-05 4.828e-04 1.184e-04 8.338e-05
  2500   1280   1050 1.273e-04 5.477e-05 2.230e-05 4.824e-04 1.183e-04 8.336e-05
  2500   1360     50 5.703e-03 8.461e-06 3.235e-05 7.525e-03 -5.208e-04 -1.009e-04
  2500   1360    150 1.356e-04 3.186e-05 1.585e-05 3.171e-04 5.556e-05 3.717e-05
  2500   1360    250 6.902e-05 2.658e-05 1.098e-05 2.419e-04 5.875e-05 3.840e-05
  2500   1360    350 6.329e-05 2.555e-05 1.017e-05 2.361e-04 5.880e-05 3.828e-05
  2500   1360    450 5.985e-05 2.486e-05 9.659e-06 2.324e-04 5.876e-05 3.814e-05
  2500   1360    550 5.772e-05 2.440e-05 9.311e-06 2.300e-04 5.870e-05 3.803e-05
  2500   1360    650 5.639e-05 2.410e-05 9.103e-06 2.285e-04 5.865e-05 3.796e-05
  2500   1360    750 5.554e-05 2.389e-05 8.973e-06 2.276e-04 5.860e-05 3.792e-05
  2500   1360    850 5.501e-05 2.374e-05 8.885e-06 2.269e-04 5.857e-05 3.789e-05
  2500   1360    950 5.466e-05 2.365e-05 8.832e-06 2.265e-04 5.854e-05 3.788e-05
  2500   1360   1050 5.443e-05 2.359e-05 8.801e-06 2.262e-04 5.852e-05 3.787e-05
  2500   1440     50 5.667e-03 -6.072e-06 2.609e-05 7.402e-03 -5.404e-04 -1.212e-04
  2500   1440    150 1.011e-04 1.773e-05 9.650e-06 1.950e-04 2.595e-05 1.697e-05
  2500   1440    250 3.551e-05 1.263e-05 5.040e-06 1.205e-04 2.910e-05 1.820e-05
  2500   1440    350 3.049e-05 1.180e-05 4.400e-06 1.154e-04 2.922e-05 1.815e-05
  2500   1440    450 2.754e-05 1.124e-05 3.980e-06 1.122e-04 2.918e-05 1.805e-05
  2500   1440    550 2.575e-05 1.087e-05 3.722e-06 1.102e-04 2.914e-05 1.797e-05
  2500   1440    650 2.466e-05 1.061e-05 3.554e-06 1.090e-04 2.910e-05 1.793e-05
  2500   1440    750 2.398e-05 1.046e-05 3.455e-06 1.082e-04 2.906e-05 1.791e-05
  2500   1440    850 2.355e-05 1.034e-05 3.389e-06 1.077e-04 2.903e-05 1.788e-05
  2500   1440    950 2.328e-05 1.027e-05 3.350e-06 1.073e-04 2.901e-05 1.787e-05
  2500   1440   1050 2.311e-05 1.022e-05 3.326e-06 1.071e-04 2.900e-05 1.787e-05
  2500   1520     50 5.651e-03 -1.288e-05 2.340e-05 7.342e-03 -5.553e-04 -1.312e-04
  2500   1520    150 8.543e-05 1.123e-05 7.126e-06 1.362e-04 1.136e-05 6.901e-06
  2500   1520    250 2.063e-05 6.259e-06 2.726e-06 6.233e-05 1.440e-05 8.271e-06
  2500   1520    350 1.615e-05 5.569e-06 2.196e-06 5.770e-05 1.450e-05 8.251e-06
  2500   1520    450 1.358e-05 5.099e-06 1.866e-06 5.486e-05 1.449e-05 8.190e-06
  2500   1520    550 1.205e-05 4.798e-06 1.648e-06 5.316e-05 1.446e-05 8.140e-06
  2500   1520    650 1.113e-05 4.603e-06 1.516e-06 5.211e-05 1.442e-05 8.102e-06
  2500   1520    750 1.058e-05 4.468e-06 1.440e-06 5.146e-05 1.439e-05 8.089e-06
  2500   1520    850 1.024e-05 4.383e-06 1.388e-06 5.105e-05 1.437e-05 8.075e-06
  2500   1520    950 1.002e-05 4.326e-06 1.358e-06 5.079e-05 1.436e-05 8.069e-06
  2500   1520   1050 9.887e-06 4.289e-06 1.342e-06 5.062e-05 1.434e-05 8.067e-06
  2500   1600     50 5.642e-03 -1.602e-05 2.207e-05 7.313e-03 -5.628e-04 -1.357e-04
  2500   1600    150 7.799e-05 8.225e-06 5.995e-06 1.090e-04 3.962e-06 2.721e-06
  2500   1600    250 1.375e-05 3.415e-06 1.705e-06 3.450e-05 6.902e-06 3.941e-06
  2500   1600    350 9.678e-06 2.825e-06 1.265e-06 3.037e-05 7.032e-06 3.971e-06
  2500   1600    450 7.397e-06 2.435e-06 9.853e-07 2.781e-05 7.031e-06 3.920e-06
  2500   1600    550 6.071e-06 2.184e-06 8.172e-07 2.631e-05 7.008e-06 3.881e-06
  2500   1600    650 5.296e-06 2.015e-06 7.112e-07 2.541e-05 6.978e-06 3.863e-06
  2500   1600    750 4.833e-06 1.909e-06 6.492e-07 2.487e-05 6.955e-06 3.850e-06
  2500   1600    850 4.552e-06 1.840e-06 6.083e-07 2.453e-05 6.938e-06 3.840e-06
  2500   1600    950 4.380e-06 1.796e-06 5.854e-07 2.432e-05 6.925e-06 3.836e-06
  2500   1600   1050 4.274e-06 1.768e-06 5.728e-07 2.419e-05 6.915e-06 3.836e-06
  2500   1680     50 5.638e-03 -1.760e-05 2.134e-05 7.288e-03 -5.564e-04 -1.479e-04
  2500   1680    150 7.417e-05 6.831e-06 5.381e-06 9.561e-05 4.692e-07 6.717e-07
  2500   1680    250 1.038e-05 2.111e-06 1.201e-06 2.088e-05 3.319e-06 1.832e-06
  2500   1680    350 6.616e-06 1.611e-06 8.213e-07 1.699e-05 3.449e-06 1.862e-06
  2500   1680    450 4.555e-06 1.271e-06 5.813e-07 1.472e-05 3.468e-06 1.841e-06
  2500   1680    550 3.382e-06 1.067e-06 4.412e-07 1.338e-05 3.434e-06 1.821e-06
  2500   1680    650 2.708e-06 9.294e-07 3.542e-07 1.260e-05 3.414e-06 1.806e-06
  2500   1680    750 2.316e-06 8.424e-07 3.042e-07 1.213e-05 3.396e-06 1.796e-06
  2500   1680    850 2.083e-06 7.870e-07 2.713e-07 1.185e-05 3.383e-06 1.789e-06
  2500   1680    950 1.943e-06 7.521e-07 2.534e-07 1.168e-05 3.373e-06 1.786e-06
  2500   1680   1050 1.860e-06 7.302e-07 2.438e-07 1.157e-05 3.366e-06 1.787e-06
  2500   1760     50 5.635e-03 -1.841e-05 2.091e-05 7.281e-03 -5.582e-04 -1.490e-04
  2500   1760    150 7.208e-05 6.118e-06 5.046e-06 8.898e-05 -1.191e-06 -2.433e-07
  2500   1760    250 8.616e-06 1.488e-06 9.263e-07 1.416e-05 1.559e-06 8.566e-07
  2500   1760    350 5.096e-06 1.047e-06 5.963e-07 1.051e-05 1.709e-06 9.065e-07
  2500   1760    450 3.196e-06 7.674e-07 3.873e-07 8.349e-06 1.708e-06 8.965e-07
  2500   1760    550 2.141e-06 5.833e-07 2.682e-07 7.152e-06 1.698e-06 8.774e-07
  2500   1760    650 1.547e-06 4.692e-07 1.962e-07 6.450e-06 1.680e-06 8.654e-07
  2500   1760    750 1.207e-06 3.982e-07 1.542e-07 6.047e-06 1.666e-06 8.594e-07
  2500   1760    850 1.010e-06 3.528e-07 1.263e-07 5.808e-06 1.655e-06 8.524e-07
  2500   1760    950 8.957e-07 3.249e-07 1.124e-07 5.665e-06 1.647e-06 8.513e-07
  2500   1760   1050 8.277e-07 3.071e-07 1.049e-07 5.578e-06 1.642e-06 8.518e-07
  2500   1840     50 5.634e-03 -1.889e-05 2.063e-05 7.277e-03 -5.590e-04 -1.495e-04
  2500   1840    150 7.083e-05 5.730e-06 4.841e-06 8.584e-05 -1.979e-06 -6.293e-07
  2500   1840    250 7.617e-06 1.170e-06 7.712e-07 1.063e-05 6.709e-07 3.806e-07
  2500   1840    350 4.287e-06 7.701e-07 4.812e-07 7.258e-06 8.405e-07 4.505e-07
  2500   1840    450 2.512e-06 5.240e-07 2.932e-07 5.226e-06 8.513e-07 4.405e-07
  2500   1840    550 1.543e-06 3.639e-07 1.871e-07 4.101e-06 8.360e-07 4.285e-07
  2500   1840    650 1.007e-06 2.678e-07 1.241e-07 3.462e-06 8.208e-07 4.174e-07
  2500   1840    750 7.077e-07 2.068e-07 8.811e-08 3.107e-06 8.097e-07 4.124e-07
  2500   1840    850 5.379e-07 1.695e-07 6.521e-08 2.897e-06 8.006e-07 4.064e-07
  2500   1840    950 4.411e-07 1.468e-07 5.350e-08 2.776e-06 7.944e-07 4.054e-07
  2500   1840   1050 3.853e-07 1.326e-07 4.740e-08 2.705e-06 7.897e-07 4.062e-07
  2500   1920     50 5.633e-03 -1.919e-05 2.044e-05 7.274e-03 -5.495e-04 -1.497e-04
  2500   1920    150 7.002e-05 5.495e-06 4.697e-06 8.410e-05 -2.312e-06 -8.853e-07
  2500   1920    250 7.002e-06 9.851e-07 6.673e-07 8.815e-06 2.579e-07 1.446e-07
  2500   1920    350 3.811e-06 6.260e-07 4.033e-07 5.535e-06 4.275e-07 2.146e-07
  2500   1920    450 2.137e-06 3.979e-07 2.393e-07 3.626e-06 4.343e-07 2.185e-07
  2500   1920    550 1.233e-06 2.608e-07 1.433e-07 2.580e-06 4.210e-07 2.095e-07
  2500   1920    650 7.426e-07 1.757e-07 8.824e-08 2.001e-06 4.088e-07 2.014e-07
  2500   1920    750 4.735e-07 1.237e-07 5.722e-08 1.677e-06 3.997e-07 1.964e-07
  2500   1920    850 3.237e-07 9.237e-08 3.672e-08 1.494e-06 3.926e-07 1.914e-07
  2500   1920    950 2.402e-07 7.365e-08 2.691e-08 1.389e-06 3.877e-07 1.905e-07
  2500   1920   1050 1.932e-07 6.224e-08 2.191e-08 1.329e-06 3.842e-07 1.908e-07
  2500   2000     50 5.632e-03 -1.941e-05 2.032e-05 7.273e-03 -5.497e-04 -1.499e-04
  2500   2000    150 6.948e-05 5.329e-06 4.618e-06 8.343e-05 -2.443e-06 -8.953e-07
  2500   2000    250 6.604e-06 8.636e-07 6.075e-07 7.890e-06 6.690e-08 3.461e-08
  2500   2000    350 3.513e-06 5.315e-07 3.595e-07 4.635e-06 1.946e-07 1.186e-07
  2500   2000    450 1.914e-06 3.274e-07 2.085e-07 2.811e-06 2.223e-07 1.155e-07
  2500   2000    550 1.060e-06 2.043e-07 1.195e-07 1.812e-06 2.110e-07 1.075e-07
  2500   2000    650 6.025e-07 1.302e-07 6.944e-08 1.273e-06 2.028e-07 1.004e-07
  2500   2000    750 3.563e-07 8.420e-08 4.242e-08 9.751e-07 1.937e-07 9.639e-08
  2500   2000    850 2.218e-07 5.677e-08 2.372e-08 8.098e-07 1.886e-07 9.137e-08
  2500   2000    950 1.483e-07 4.135e-08 1.521e-08 7.178e-07 1.842e-07 9.096e-08
  2500   2000   1050 1.081e-07 3.174e-08 1.111e-08 6.660e-07 1.811e-07 9.155e-08
  