# cMSSM_500_560_10_0_1_ch4.txt

 Mzero = 500
 Mhalf = 560
 TanBeta = 10
 Xsection.LO = -1
 Xsection.NLO = 0.0239751
 Luminosity = 4650
 Channel = 4
 n_channels = 1 
 data_0 = 177
 signal_0 = 0.640632
 signal_contamination_0 = 0.0425527
 qcd_0 = 34.6144
 lostle_0 = 57.6963
 tau_0 = 56.265
 zinvis_0 = 48.38
 QCD_stat_unc = 5.35151
 lostle_trigger = 1.15393
 non-closure_uncertainties = 2.41696
 other_QCD_uncerts = 23.3903
 other_lostlepton_uncertainties = 6.71375
 other_tau_uncertainties = 4.375
 qcd_trigger = 0.692289
 signal_stat = 0.0863538
 signal_syst = 0.0592895
 signal_syst_acceptance_PDF = 0.0069849
 signal_syst_kfactor = 0.0456713
 signal_syst_xSec_PDF = 0.0625705
 signal_trigger = 0.0128126
 stat_IsoMuCS = 18.7059
 statistics = 3.91
 systematic_uncertainties = 18.66
 tau_trigger = 1.1253
 zinvis_trigger = 0.9676

CLs observed asymptotic = 80.2209
CLs expected asymptotic = 19.8415
CLs expected m2sigma asymptotic = 10.7650
CLs expected m1sigma asymptotic = 14.3191
CLs expected p1sigma asymptotic = 27.5599
CLs expected p2sigma asymptotic = 36.6170

CLs expected profile likelihood =  124.788 
CLs expected m2sigma profile likelihood =  40.2995 
CLs expected m1sigma profile likelihood =  69.8204 
CLs expected p1sigma profile likelihood =  207.845
CLs expected p2sigma profile likelihood =  323.334

scanned r = 40.2995 43.129845 45.960190 48.790535 51.620880 54.451225 57.281570 60.111915 62.942260 65.772605 68.602950 71.433295 74.263640 77.093985 79.924330 82.754675 85.585020 88.415365 91.245710 94.076055 96.906400 99.736745 102.567090 105.397435 108.227780 111.058125 113.888470 116.718815 119.549160 122.379505 125.209850 128.040195 130.870540 133.700885 136.531230 139.361575 142.191920 145.022265 147.852610 150.682955 153.513300 156.343645 159.173990 162.004335 164.834680 167.665025 170.495370 173.325715 176.156060 178.986405 181.816750 184.647095 187.477440 190.307785 193.138130 195.968475 198.798820 201.629165 204.459510 207.289855 210.120200 212.950545 215.780890 218.611235 221.441580 224.271925 227.102270 229.932615 232.762960 235.593305 238.423650 241.253995 244.084340 246.914685 249.745030 252.575375 255.405720 258.236065 261.066410 263.896755 266.727100 269.557445 272.387790 275.218135 278.048480 280.878825 283.709170 286.539515 289.369860 292.200205 295.030550 297.860895 300.691240 303.521585 306.351930 309.182275 312.012620 314.842965 317.673310 320.503655 323.334000
CLs for scanned r =  0.285714   0.210227   0.234375   0.232143   0.214286   0.180556   0.208333   0.16875   0.117021   0.140625   0.0738636   0.0641026   0.0714286   0.03   0.0681818   0.0460526   0.0403226   0.0175439   0.0592105   0.0428571   0.0642857   0.0304878   0.0238095   0.0367647   0.0202703   0   0.0460526   0.0217391   0.00581395   0.00595238   0   0   0   0   0.00694444   0   0.00657895   0.0153061   0   0   0   0   0   0   0   0   0   0   0   0   0   0   0   0   0   0   0   0   0   0   0   0   0   0   0   0   0   0   0   0   0   0   0   0   0   0   0   0   0   0   0   0   0   0   0   0   0   0   0   0   0   0   0   0   0   0   0   0   0   0   0 
CLsUnc for scanned r =  0.0531788  0.0419161  0.0426122  0.0461086  0.0436992  0.0428184  0.0470995  0.0384946  0.0278725  0.0389726  0.022116  0.0217987  0.0204337  0.0126095  0.021132  0.0183734  0.0190098  0.00890329  0.0211363  0.0184454  0.0231502  0.0141166  0.0122291  0.0172211  0.0119982  0  0.0183734  0.0111218  0.00585236  0.00599334  0  0  0  0  0.0070059  0  0.0066324  0.0089739  0  0  0  0  0  0  0  0  0  0  0  0  0  0  0  0  0  0  0  0  0  0  0  0  0  0  0  0  0  0  0  0  0  0  0  0  0  0  0  0  0  0  0  0  0  0  0  0  0  0  0  0  0  0  0  0  0  0  0  0  0  0  0
CLb for scanned r =  0.336   0.352   0.384   0.336   0.336   0.288   0.288   0.32   0.376   0.256   0.352   0.312   0.392   0.4   0.352   0.304   0.248   0.456   0.304   0.28   0.28   0.328   0.336   0.272   0.296   0.384   0.304   0.368   0.344   0.336   0.328   0.264   0.328   0.4   0.288   0.4   0.304   0.392   0.32   0.272   0.296   0.248   0.28   0.344   0.296   0.424   0.376   0.328   0.336   0.464   0.304   0.312   0.328   0.272   0.376   0.4   0.352   0.312   0.28   0.328   0.304   0.352   0.312   0.296   0.32   0.248   0.36   0.296   0.336   0.312   0.328   0.424   0.312   0.256   0.368   0.32   0.416   0.376   0.352   0.344   0.304   0.392   0.344   0.432   0.336   0.448   0.28   0.36   0.384   0.384   0.368   0.336   0.264   0.392   0.312   0.392   0.408   0.392   0.36   0.272   0.32 
CLbUnc for scanned r =  0.0422473  0.0427173  0.0435012  0.0422473  0.0422473  0.0405024  0.0405024  0.0417229  0.0433243  0.0390348  0.0427173  0.0414397  0.0436656  0.0438178  0.0427173  0.0411421  0.038626  0.0445479  0.0411421  0.0401597  0.0401597  0.041992  0.0422473  0.0398011  0.0408298  0.0435012  0.0411421  0.0431348  0.042489  0.0422473  0.041992  0.0394263  0.041992  0.0438178  0.0405024  0.0438178  0.0411421  0.0436656  0.0417229  0.0398011  0.0408298  0.038626  0.0401597  0.042489  0.0408298  0.0442017  0.0433243  0.041992  0.0422473  0.0446053  0.0411421  0.0414397  0.041992  0.0398011  0.0433243  0.0438178  0.0427173  0.0414397  0.0401597  0.041992  0.0411421  0.0427173  0.0414397  0.0408298  0.0417229  0.038626  0.0429325  0.0408298  0.0422473  0.0414397  0.041992  0.0442017  0.0414397  0.0390348  0.0431348  0.0417229  0.0440857  0.0433243  0.0427173  0.042489  0.0411421  0.0436656  0.042489  0.0443058  0.0422473  0.0444788  0.0401597  0.0429325  0.0435012  0.0435012  0.0431348  0.0422473  0.0394263  0.0436656  0.0414397  0.0436656  0.0439578  0.0436656  0.0429325  0.0398011  0.0417229
CLsb for scanned r =  0.096   0.074   0.09   0.078   0.072   0.052   0.06   0.054   0.044   0.036   0.026   0.02   0.028   0.012   0.024   0.014   0.01   0.008   0.018   0.012   0.018   0.01   0.008   0.01   0.006   0   0.014   0.008   0.002   0.002   0   0   0   0   0.002   0   0.002   0.006   0   0   0   0   0   0   0   0   0   0   0   0   0   0   0   0   0   0   0   0   0   0   0   0   0   0   0   0   0   0   0   0   0   0   0   0   0   0   0   0   0   0   0   0   0   0   0   0   0   0   0   0   0   0   0   0   0   0   0   0   0   0   0 
CLsbUnc for scanned r =  0.0131745  0.0117068  0.0127984  0.011993  0.0115599  0.00992935  0.0106207  0.0101078  0.00917213  0.00833115  0.00711674  0.00626099  0.0073778  0.0048695  0.00684456  0.00525433  0.00444972  0.00398397  0.00594575  0.0048695  0.00594575  0.00444972  0.00398397  0.00444972  0.00345369  0  0.00525433  0.00398397  0.001998  0.001998  0  0  0  0  0.001998  0  0.001998  0.00345369  0  0  0  0  0  0  0  0  0  0  0  0  0  0  0  0  0  0  0  0  0  0  0  0  0  0  0  0  0  0  0  0  0  0  0  0  0  0  0  0  0  0  0  0  0  0  0  0  0  0  0  0  0  0  0  0  0  0  0  0  0  0  0
CLs observed = 76.2991
CLs observed error= 1.78128
CLs expected = 97.3814
CLs expected error= 2.21625
CLs expected m2sigma = 54.4512
CLs expected m2sigma error= 5.6607
CLs expected m1sigma = 65.1234
CLs expected m1sigma error= 2.78813
CLs expected p1sigma = 135.838
CLs expected p1sigma error= 3.28401
CLs expected p2sigma = 192.376
CLs expected p2sigma error= 0.340435
