# cMSSM_1000_400_10_0_1_ch6.txt

 Mzero = 1000
 Mhalf = 400
 TanBeta = 10
 Xsection.LO = -1
 Xsection.NLO = 0.12088
 Luminosity = 4650
 Channel = 6
 n_channels = 1 
 data_0 = 6
 signal_0 = 0.502372
 signal_contamination_0 = 0.033174
 qcd_0 = 0.0300647
 lostle_0 = 2.43091
 tau_0 = 1.2578
 zinvis_0 = 7.058
 QCD_stat_unc = 0.170366
 lostle_trigger = 0.0486182
 non-closure_uncertainties = 0.07429
 other_QCD_uncerts = 0.0350754
 other_lostlepton_uncertainties = 0.313698
 other_tau_uncertainties = 0.10375
 qcd_trigger = 0.000601293
 signal_stat = 0.171271
 signal_syst = 0.153847
 signal_syst_acceptance_PDF = 0.00262128
 signal_syst_kfactor = 0.0151792
 signal_syst_xSec_PDF = 0.0911001
 signal_trigger = 0.0100474
 stat_IsoMuCS = 2.01106
 statistics = 1.964
 systematic_uncertainties = 4.061
 tau_trigger = 0.025156
 zinvis_trigger = 0.14116

CLs observed asymptotic = 15.6818
CLs expected asymptotic = 19.8709
CLs expected m2sigma asymptotic = 10.7809
CLs expected m1sigma asymptotic = 14.3403
CLs expected p1sigma asymptotic = 27.6007
CLs expected p2sigma asymptotic = 36.6711

CLs expected profile likelihood =  32.7709 
CLs expected m2sigma profile likelihood =  9.2792 
CLs expected m1sigma profile likelihood =  15.2326 
CLs expected p1sigma profile likelihood =  63.6165
CLs expected p2sigma profile likelihood =  105.422

scanned r = 9.2792 10.240628 11.202056 12.163484 13.124912 14.086340 15.047768 16.009196 16.970624 17.932052 18.893480 19.854908 20.816336 21.777764 22.739192 23.700620 24.662048 25.623476 26.584904 27.546332 28.507760 29.469188 30.430616 31.392044 32.353472 33.314900 34.276328 35.237756 36.199184 37.160612 38.122040 39.083468 40.044896 41.006324 41.967752 42.929180 43.890608 44.852036 45.813464 46.774892 47.736320 48.697748 49.659176 50.620604 51.582032 52.543460 53.504888 54.466316 55.427744 56.389172 57.350600 58.312028 59.273456 60.234884 61.196312 62.157740 63.119168 64.080596 65.042024 66.003452 66.964880 67.926308 68.887736 69.849164 70.810592 71.772020 72.733448 73.694876 74.656304 75.617732 76.579160 77.540588 78.502016 79.463444 80.424872 81.386300 82.347728 83.309156 84.270584 85.232012 86.193440 87.154868 88.116296 89.077724 90.039152 91.000580 91.962008 92.923436 93.884864 94.846292 95.807720 96.769148 97.730576 98.692004 99.653432 100.614860 101.576288 102.537716 103.499144 104.460572 105.422000
CLs for scanned r =  0.16   0.0661765   0.178571   0.09375   0.151786   0.0689655   0.0568182   0.0174419   0.0859375   0.0480769   0.0390625   0.0462963   0.0234375   0.00657895   0.00675676   0.00657895   0.0147059   0.0125   0.00757576   0   0.0147059   0   0   0.0131579   0   0   0   0.00625   0   0   0   0   0.00568182   0   0   0   0   0.00675676   0   0   0   0   0   0   0   0   0   0   0.00595238   0   0   0   0   0   0.00675676   0   0   0   0   0   0   0   0   0   0   0   0   0   0   0   0   0   0   0   0   0   0   0   0   0   0   0   0   0   0   0   0   0   0   0   0   0   0   0   0   0   0   0   0   0   0 
CLsUnc for scanned r =  0.0486621  0.0239082  0.0491361  0.0354243  0.0441323  0.0266641  0.0275703  0.0102683  0.0287806  0.0229796  0.0183739  0.0220594  0.0139563  0.0066324  0.00681404  0.0066324  0.0105986  0.0127475  0.00765228  0  0.0105986  0  0  0.00945462  0  0  0  0.0062967  0  0  0  0  0.00571786  0  0  0  0  0.00681404  0  0  0  0  0  0  0  0  0  0  0.00599334  0  0  0  0  0  0.00681404  0  0  0  0  0  0  0  0  0  0  0  0  0  0  0  0  0  0  0  0  0  0  0  0  0  0  0  0  0  0  0  0  0  0  0  0  0  0  0  0  0  0  0  0  0  0
CLb for scanned r =  0.2   0.272   0.224   0.192   0.224   0.232   0.176   0.344   0.256   0.208   0.256   0.216   0.256   0.304   0.296   0.304   0.272   0.16   0.264   0.232   0.272   0.288   0.232   0.304   0.304   0.24   0.36   0.32   0.248   0.248   0.272   0.264   0.352   0.28   0.28   0.296   0.224   0.296   0.272   0.304   0.28   0.256   0.344   0.256   0.304   0.232   0.288   0.224   0.336   0.288   0.344   0.272   0.336   0.312   0.296   0.376   0.32   0.296   0.304   0.208   0.248   0.272   0.296   0.312   0.392   0.4   0.312   0.288   0.264   0.296   0.296   0.328   0.256   0.264   0.312   0.272   0.376   0.328   0.256   0.336   0.224   0.304   0.328   0.28   0.336   0.336   0.344   0.328   0.312   0.344   0.312   0.296   0.336   0.256   0.296   0.336   0.296   0.28   0.36   0.296   0.248 
CLbUnc for scanned r =  0.0357771  0.0398011  0.0372906  0.0352291  0.0372906  0.0377546  0.0340616  0.042489  0.0390348  0.0363027  0.0390348  0.036807  0.0390348  0.0411421  0.0408298  0.0411421  0.0398011  0.0327902  0.0394263  0.0377546  0.0398011  0.0405024  0.0377546  0.0411421  0.0411421  0.0381995  0.0429325  0.0417229  0.038626  0.038626  0.0398011  0.0394263  0.0427173  0.0401597  0.0401597  0.0408298  0.0372906  0.0408298  0.0398011  0.0411421  0.0401597  0.0390348  0.042489  0.0390348  0.0411421  0.0377546  0.0405024  0.0372906  0.0422473  0.0405024  0.042489  0.0398011  0.0422473  0.0414397  0.0408298  0.0433243  0.0417229  0.0408298  0.0411421  0.0363027  0.038626  0.0398011  0.0408298  0.0414397  0.0436656  0.0438178  0.0414397  0.0405024  0.0394263  0.0408298  0.0408298  0.041992  0.0390348  0.0394263  0.0414397  0.0398011  0.0433243  0.041992  0.0390348  0.0422473  0.0372906  0.0411421  0.041992  0.0401597  0.0422473  0.0422473  0.042489  0.041992  0.0414397  0.042489  0.0414397  0.0408298  0.0422473  0.0390348  0.0408298  0.0422473  0.0408298  0.0401597  0.0429325  0.0408298  0.038626
CLsb for scanned r =  0.032   0.018   0.04   0.018   0.034   0.016   0.01   0.006   0.022   0.01   0.01   0.01   0.006   0.002   0.002   0.002   0.004   0.002   0.002   0   0.004   0   0   0.004   0   0   0   0.002   0   0   0   0   0.002   0   0   0   0   0.002   0   0   0   0   0   0   0   0   0   0   0.002   0   0   0   0   0   0.002   0   0   0   0   0   0   0   0   0   0   0   0   0   0   0   0   0   0   0   0   0   0   0   0   0   0   0   0   0   0   0   0   0   0   0   0   0   0   0   0   0   0   0   0   0   0 
CLsbUnc for scanned r =  0.00787096  0.00594575  0.00876356  0.00594575  0.00810481  0.00561142  0.00444972  0.00345369  0.00655988  0.00444972  0.00444972  0.00444972  0.00345369  0.001998  0.001998  0.001998  0.00282276  0.001998  0.001998  0  0.00282276  0  0  0.00282276  0  0  0  0.001998  0  0  0  0  0.001998  0  0  0  0  0.001998  0  0  0  0  0  0  0  0  0  0  0.001998  0  0  0  0  0  0.001998  0  0  0  0  0  0  0  0  0  0  0  0  0  0  0  0  0  0  0  0  0  0  0  0  0  0  0  0  0  0  0  0  0  0  0  0  0  0  0  0  0  0  0  0  0  0
CLs observed = 13.7515
CLs observed error= 0.808585
CLs expected = 21.7255
CLs expected error= 0.457622
CLs expected m2sigma = 0
CLs expected m2sigma error= 0
CLs expected m1sigma = 12.805
CLs expected m1sigma error= 1.17013
CLs expected p1sigma = 38.8039
CLs expected p1sigma error= 0.728685
CLs expected p2sigma = 66.1153
CLs expected p2sigma error= 0.215036
