# cMSSM_500_560_10_0_1_ch7.txt

 Mzero = 500
 Mhalf = 560
 TanBeta = 10
 Xsection.LO = -1
 Xsection.NLO = 0.0239751
 Luminosity = 4980
 Channel = 7
 n_channels = 1 
 data_0 = 5
 signal_0 = 1.54882
 signal_contamination_0 = 0.0468697
 qcd_0 = 0.0100221
 lostle_0 = 0.69601
 tau_0 = 0.99856
 zinvis_0 = 3.338
 QCD_stat_unc = 0.100221
 lostle_trigger = 0.0139202
 lostlepton_uncertainties = 0.159999
 other_QCD_uncerts = 0.0150332
 other_syst = 0.160426
 other_tau_uncertainties = 0.1063
 qcd_trigger = 0.000200443
 signal_stat = 0.139451
 signal_syst_kfactor = 0.110417
 signal_syst_xSec_PDF = 0.202569
 signal_trigger = 0.0309764
 stat_IsoMuCS = 0.89601
 statistics = 1.01
 systematic_uncertainties = 1.769
 tau_non-closure = 0.11713
 tau_trigger = 0.0199712
 zinvis_trigger = 0.06676

CLs observed asymptotic = 4.4884
CLs expected asymptotic = 4.4855
CLs expected m2sigma asymptotic = 2.4336
CLs expected m1sigma asymptotic = 3.2371
CLs expected p1sigma asymptotic = 6.2304
CLs expected p2sigma asymptotic = 8.2779

CLs expected profile likelihood =  5.49707 
CLs expected m2sigma profile likelihood =  1.32683 
CLs expected m1sigma profile likelihood =  2.76415 
CLs expected p1sigma profile likelihood =  8.52458
CLs expected p2sigma profile likelihood =  14.4738

scanned r = 1.32683 1.458299 1.589768 1.721237 1.852706 1.984175 2.115644 2.247113 2.378582 2.510051 2.641520 2.772989 2.904458 3.035927 3.167396 3.298865 3.430334 3.561803 3.693272 3.824741 3.956210 4.087679 4.219148 4.350617 4.482086 4.613555 4.745024 4.876493 5.007962 5.139431 5.270900 5.402369 5.533838 5.665307 5.796776 5.928245 6.059714 6.191183 6.322652 6.454121 6.585590 6.717059 6.848528 6.979997 7.111466 7.242935 7.374404 7.505873 7.637342 7.768811 7.900280 8.031749 8.163218 8.294687 8.426156 8.557625 8.689094 8.820563 8.952032 9.083501 9.214970 9.346439 9.477908 9.609377 9.740846 9.872315 10.003784 10.135253 10.266722 10.398191 10.529660 10.661129 10.792598 10.924067 11.055536 11.187005 11.318474 11.449943 11.581412 11.712881 11.844350 11.975819 12.107288 12.238757 12.370226 12.501695 12.633164 12.764633 12.896102 13.027571 13.159040 13.290509 13.421978 13.553447 13.684916 13.816385 13.947854 14.079323 14.210792 14.342261 14.473730
CLs for scanned r =  0.513333   0.476351   0.538462   0.430147   0.351266   0.306962   0.343333   0.30625   0.317797   0.298387   0.209375   0.238462   0.216667   0.184211   0.182836   0.14726   0.117857   0.161538   0.121429   0.105422   0.0919118   0.0915493   0.0669014   0.0898438   0.0783582   0.0466667   0.0292208   0.0423077   0.028169   0.0330882   0.0202703   0.0320513   0.0403226   0.0197368   0.0261194   0.0153846   0.0189394   0.0101351   0.010274   0.0181818   0.0163934   0.00396825   0.00675676   0.00337838   0.00724638   0   0.0151515   0.00352113   0.00666667   0.0110294   0   0.00746269   0.00337838   0   0   0   0   0.00704225   0   0.00409836   0   0.00704225   0.00666667   0   0   0   0   0   0   0   0   0   0   0   0   0   0   0   0   0   0   0   0   0   0   0   0   0   0   0   0   0   0   0   0   0   0   0   0   0   0 
CLsUnc for scanned r =  0.0508869  0.0490566  0.0602679  0.049519  0.037942  0.0349553  0.0392093  0.0345182  0.0452595  0.0418195  0.0276386  0.0349764  0.0296429  0.0267042  0.0291011  0.0241769  0.0219191  0.0276009  0.0222905  0.0184472  0.0194336  0.0188836  0.0159327  0.0199087  0.0179617  0.0127599  0.00987032  0.0131286  0.0101207  0.0112606  0.00836207  0.0102774  0.0131361  0.00813351  0.0100409  0.00777471  0.00857834  0.00588228  0.0059645  0.00923847  0.00830087  0.00397989  0.00479451  0.00338431  0.00514693  0  0.00765341  0.00352831  0.00472973  0.00641263  0  0.00530284  0.00338431  0  0  0  0  0.00499992  0  0.00411144  0  0.00499992  0.00472973  0  0  0  0  0  0  0  0  0  0  0  0  0  0  0  0  0  0  0  0  0  0  0  0  0  0  0  0  0  0  0  0  0  0  0  0  0  0
CLb for scanned r =  0.6   0.592   0.52   0.544   0.632   0.632   0.6   0.64   0.472   0.496   0.64   0.52   0.6   0.608   0.536   0.584   0.56   0.52   0.56   0.664   0.544   0.568   0.568   0.512   0.536   0.6   0.616   0.52   0.568   0.544   0.592   0.624   0.496   0.608   0.536   0.52   0.528   0.592   0.584   0.44   0.488   0.504   0.592   0.592   0.552   0.616   0.528   0.568   0.6   0.544   0.48   0.536   0.592   0.504   0.544   0.544   0.552   0.568   0.536   0.488   0.568   0.568   0.6   0.608   0.496   0.56   0.536   0.624   0.504   0.448   0.536   0.552   0.608   0.576   0.544   0.552   0.512   0.488   0.52   0.504   0.528   0.536   0.52   0.568   0.576   0.576   0.584   0.528   0.6   0.592   0.584   0.528   0.6   0.568   0.56   0.616   0.56   0.544   0.44   0.544   0.44 
CLbUnc for scanned r =  0.0438178  0.0439578  0.0446856  0.0445479  0.0431348  0.0431348  0.0438178  0.0429325  0.0446512  0.0447199  0.0429325  0.0446856  0.0438178  0.0436656  0.0446053  0.0440857  0.0443982  0.0446856  0.0443982  0.0422473  0.0445479  0.0443058  0.0443058  0.0447085  0.0446053  0.0438178  0.0435012  0.0446856  0.0443058  0.0445479  0.0439578  0.0433243  0.0447199  0.0436656  0.0446053  0.0446856  0.0446512  0.0439578  0.0440857  0.0443982  0.0447085  0.0447199  0.0439578  0.0439578  0.0444788  0.0435012  0.0446512  0.0443058  0.0438178  0.0445479  0.0446856  0.0446053  0.0439578  0.0447199  0.0445479  0.0445479  0.0444788  0.0443058  0.0446053  0.0447085  0.0443058  0.0443058  0.0438178  0.0436656  0.0447199  0.0443982  0.0446053  0.0433243  0.0447199  0.0444788  0.0446053  0.0444788  0.0436656  0.0442017  0.0445479  0.0444788  0.0447085  0.0447085  0.0446856  0.0447199  0.0446512  0.0446053  0.0446856  0.0443058  0.0442017  0.0442017  0.0440857  0.0446512  0.0438178  0.0439578  0.0440857  0.0446512  0.0438178  0.0443058  0.0443982  0.0435012  0.0443982  0.0445479  0.0443982  0.0445479  0.0443982
CLsb for scanned r =  0.308   0.282   0.28   0.234   0.222   0.194   0.206   0.196   0.15   0.148   0.134   0.124   0.13   0.112   0.098   0.086   0.066   0.084   0.068   0.07   0.05   0.052   0.038   0.046   0.042   0.028   0.018   0.022   0.016   0.018   0.012   0.02   0.02   0.012   0.014   0.008   0.01   0.006   0.006   0.008   0.008   0.002   0.004   0.002   0.004   0   0.008   0.002   0.004   0.006   0   0.004   0.002   0   0   0   0   0.004   0   0.002   0   0.004   0.004   0   0   0   0   0   0   0   0   0   0   0   0   0   0   0   0   0   0   0   0   0   0   0   0   0   0   0   0   0   0   0   0   0   0   0   0   0   0 
CLsbUnc for scanned r =  0.0206464  0.0201234  0.0200798  0.0189338  0.0185858  0.0176841  0.0180867  0.017753  0.0159687  0.0158806  0.0152344  0.0147393  0.0150399  0.0141036  0.0132963  0.0125383  0.0111035  0.0124052  0.0112584  0.0114105  0.00974679  0.00992935  0.00855056  0.00936846  0.00897062  0.0073778  0.00594575  0.00655988  0.00561142  0.00594575  0.0048695  0.00626099  0.00626099  0.0048695  0.00525433  0.00398397  0.00444972  0.00345369  0.00345369  0.00398397  0.00398397  0.001998  0.00282276  0.001998  0.00282276  0  0.00398397  0.001998  0.00282276  0.00345369  0  0.00282276  0.001998  0  0  0  0  0.00282276  0  0.001998  0  0.00282276  0.00282276  0  0  0  0  0  0  0  0  0  0  0  0  0  0  0  0  0  0  0  0  0  0  0  0  0  0  0  0  0  0  0  0  0  0  0  0  0  0
CLs observed = 4.62115
CLs observed error= 0.0768176
CLs expected = 4.22899
CLs expected error= 0.0899498
CLs expected m2sigma = 1.32683
CLs expected m2sigma error= 0.26294
CLs expected m1sigma = 3.03989
CLs expected m1sigma error= 0.174628
CLs expected p1sigma = 6.38784
CLs expected p1sigma error= 0.0933922
CLs expected p2sigma = 9.23147
CLs expected p2sigma error= 0.0875855
