# cMSSM_1000_400_10_0_1_ch5.txt

 Mzero = 1000
 Mhalf = 400
 TanBeta = 10
 Xsection.LO = -1
 Xsection.NLO = 0.12088
 Luminosity = 4650
 Channel = 5
 n_channels = 1 
 data_0 = 24
 signal_0 = 0.954291
 signal_contamination_0 = 0.0621151
 qcd_0 = 1.1625
 lostle_0 = 5.44685
 tau_0 = 7.16275
 zinvis_0 = 16.01
 QCD_stat_unc = 1.11239
 lostle_trigger = 0.108937
 non-closure_uncertainties = 0.34576
 other_QCD_uncerts = 0.761638
 other_lostlepton_uncertainties = 0.654631
 other_tau_uncertainties = 0.6935
 qcd_trigger = 0.02325
 signal_stat = 0.236149
 signal_syst = 0.236335
 signal_syst_acceptance_PDF = 0.00597607
 signal_syst_kfactor = 0.0288339
 signal_syst_xSec_PDF = 0.180401
 signal_trigger = 0.0190858
 stat_IsoMuCS = 3.94874
 statistics = 2.42
 systematic_uncertainties = 6.89
 tau_trigger = 0.143255
 zinvis_trigger = 0.3202

CLs observed asymptotic = 16.3444
CLs expected asymptotic = 19.8645
CLs expected m2sigma asymptotic = 10.7775
CLs expected m1sigma asymptotic = 14.3357
CLs expected p1sigma asymptotic = 27.5918
CLs expected p2sigma asymptotic = 36.6593

CLs expected profile likelihood =  27.1151 
CLs expected m2sigma profile likelihood =  8.23903 
CLs expected m1sigma profile likelihood =  13.3417 
CLs expected p1sigma profile likelihood =  44.4255
CLs expected p2sigma profile likelihood =  70.9632

scanned r = 8.23903 8.866271 9.493512 10.120753 10.747994 11.375235 12.002476 12.629717 13.256958 13.884199 14.511440 15.138681 15.765922 16.393163 17.020404 17.647645 18.274886 18.902127 19.529368 20.156609 20.783850 21.411091 22.038332 22.665573 23.292814 23.920055 24.547296 25.174537 25.801778 26.429019 27.056260 27.683501 28.310742 28.937983 29.565224 30.192465 30.819706 31.446947 32.074188 32.701429 33.328670 33.955911 34.583152 35.210393 35.837634 36.464875 37.092116 37.719357 38.346598 38.973839 39.601080 40.228321 40.855562 41.482803 42.110044 42.737285 43.364526 43.991767 44.619008 45.246249 45.873490 46.500731 47.127972 47.755213 48.382454 49.009695 49.636936 50.264177 50.891418 51.518659 52.145900 52.773141 53.400382 54.027623 54.654864 55.282105 55.909346 56.536587 57.163828 57.791069 58.418310 59.045551 59.672792 60.300033 60.927274 61.554515 62.181756 62.808997 63.436238 64.063479 64.690720 65.317961 65.945202 66.572443 67.199684 67.826925 68.454166 69.081407 69.708648 70.335889 70.963130
CLs for scanned r =  0.296053   0.205128   0.25   0.333333   0.201613   0.122093   0.166667   0.106383   0.08125   0.0909091   0.0722222   0.0478723   0.108974   0.0555556   0.025641   0.0448718   0.03125   0.0472973   0.0290698   0.027027   0.0564516   0.0119048   0.0220588   0.0265957   0.0214286   0.015625   0   0   0.0106383   0.00595238   0.00657895   0.01   0   0.0113636   0.00714286   0   0   0.00568182   0.0119048   0.00595238   0.015   0   0.00520833   0   0   0   0.00555556   0   0   0   0   0   0   0   0   0   0   0   0   0   0   0   0   0   0   0   0   0   0   0   0   0   0   0   0   0   0   0   0   0   0   0   0   0   0   0   0   0   0   0   0   0   0   0   0   0   0   0   0   0   0 
CLsUnc for scanned r =  0.0581184  0.0444192  0.054281  0.0780419  0.0503056  0.0301238  0.0406354  0.0263342  0.024634  0.0249342  0.0215635  0.0167476  0.0297371  0.0209922  0.0132155  0.0178643  0.01449  0.0189121  0.0134243  0.0139661  0.0229388  0.00853339  0.0131013  0.0122247  0.0127118  0.00916652  0  0  0.00760677  0.00599334  0.0066324  0.00714143  0  0.00813693  0.00720888  0  0  0.00571786  0.00853339  0.00599334  0.0087892  0  0.00523647  0  0  0  0.0055894  0  0  0  0  0  0  0  0  0  0  0  0  0  0  0  0  0  0  0  0  0  0  0  0  0  0  0  0  0  0  0  0  0  0  0  0  0  0  0  0  0  0  0  0  0  0  0  0  0  0  0  0  0  0
CLb for scanned r =  0.304   0.312   0.28   0.216   0.248   0.344   0.288   0.376   0.32   0.352   0.36   0.376   0.312   0.288   0.312   0.312   0.32   0.296   0.344   0.296   0.248   0.336   0.272   0.376   0.28   0.384   0.288   0.36   0.376   0.336   0.304   0.4   0.272   0.352   0.28   0.344   0.32   0.352   0.336   0.336   0.4   0.304   0.384   0.44   0.328   0.352   0.36   0.384   0.384   0.384   0.344   0.32   0.44   0.392   0.4   0.336   0.416   0.312   0.352   0.336   0.312   0.376   0.312   0.408   0.352   0.368   0.312   0.376   0.36   0.264   0.376   0.352   0.352   0.36   0.4   0.352   0.328   0.336   0.36   0.368   0.432   0.328   0.408   0.32   0.352   0.344   0.384   0.288   0.424   0.312   0.32   0.368   0.4   0.288   0.392   0.352   0.36   0.32   0.344   0.32   0.408 
CLbUnc for scanned r =  0.0411421  0.0414397  0.0401597  0.036807  0.038626  0.042489  0.0405024  0.0433243  0.0417229  0.0427173  0.0429325  0.0433243  0.0414397  0.0405024  0.0414397  0.0414397  0.0417229  0.0408298  0.042489  0.0408298  0.038626  0.0422473  0.0398011  0.0433243  0.0401597  0.0435012  0.0405024  0.0429325  0.0433243  0.0422473  0.0411421  0.0438178  0.0398011  0.0427173  0.0401597  0.042489  0.0417229  0.0427173  0.0422473  0.0422473  0.0438178  0.0411421  0.0435012  0.0443982  0.041992  0.0427173  0.0429325  0.0435012  0.0435012  0.0435012  0.042489  0.0417229  0.0443982  0.0436656  0.0438178  0.0422473  0.0440857  0.0414397  0.0427173  0.0422473  0.0414397  0.0433243  0.0414397  0.0439578  0.0427173  0.0431348  0.0414397  0.0433243  0.0429325  0.0394263  0.0433243  0.0427173  0.0427173  0.0429325  0.0438178  0.0427173  0.041992  0.0422473  0.0429325  0.0431348  0.0443058  0.041992  0.0439578  0.0417229  0.0427173  0.042489  0.0435012  0.0405024  0.0442017  0.0414397  0.0417229  0.0431348  0.0438178  0.0405024  0.0436656  0.0427173  0.0429325  0.0417229  0.042489  0.0417229  0.0439578
CLsb for scanned r =  0.09   0.064   0.07   0.072   0.05   0.042   0.048   0.04   0.026   0.032   0.026   0.018   0.034   0.016   0.008   0.014   0.01   0.014   0.01   0.008   0.014   0.004   0.006   0.01   0.006   0.006   0   0   0.004   0.002   0.002   0.004   0   0.004   0.002   0   0   0.002   0.004   0.002   0.006   0   0.002   0   0   0   0.002   0   0   0   0   0   0   0   0   0   0   0   0   0   0   0   0   0   0   0   0   0   0   0   0   0   0   0   0   0   0   0   0   0   0   0   0   0   0   0   0   0   0   0   0   0   0   0   0   0   0   0   0   0   0 
CLsbUnc for scanned r =  0.0127984  0.0109457  0.0114105  0.0115599  0.00974679  0.00897062  0.00955992  0.00876356  0.00711674  0.00787096  0.00711674  0.00594575  0.00810481  0.00561142  0.00398397  0.00525433  0.00444972  0.00525433  0.00444972  0.00398397  0.00525433  0.00282276  0.00345369  0.00444972  0.00345369  0.00345369  0  0  0.00282276  0.001998  0.001998  0.00282276  0  0.00282276  0.001998  0  0  0.001998  0.00282276  0.001998  0.00345369  0  0.001998  0  0  0  0.001998  0  0  0  0  0  0  0  0  0  0  0  0  0  0  0  0  0  0  0  0  0  0  0  0  0  0  0  0  0  0  0  0  0  0  0  0  0  0  0  0  0  0  0  0  0  0  0  0  0  0  0  0  0  0
CLs observed = 16.3352
CLs observed error= 0.479428
CLs expected = 20.973
CLs expected error= 0.542415
CLs expected m2sigma = 8.23903
CLs expected m2sigma error= 4.39067
CLs expected m1sigma = 12.2017
CLs expected m1sigma error= 0.62541
CLs expected p1sigma = 33.8316
CLs expected p1sigma error= 0.267775
CLs expected p2sigma = 51.5187
CLs expected p2sigma error= 2.5089
