# cMSSM_1000_400_10_0_1_ch0.txt

 Mzero = 1000
 Mhalf = 400
 TanBeta = 10
 Xsection.LO = -1
 Xsection.NLO = 0.12088
 Luminosity = 4650
 Channel = 0
 n_channels = 1 
 data_0 = 1269
 signal_0 = 4.48764
 signal_contamination_0 = 0.514588
 qcd_0 = 118.625
 lostle_0 = 326.509
 tau_0 = 348.536
 zinvis_0 = 359.2
 QCD_stat_unc = 12.3165
 lostle_trigger = 6.53017
 non-closure_uncertainties = 14.972
 other_QCD_uncerts = 75.9082
 other_lostlepton_uncertainties = 38.3206
 other_tau_uncertainties = 23.5
 qcd_trigger = 2.3725
 signal_stat = 0.513703
 signal_syst = 0.317027
 signal_syst_acceptance_PDF = 0.0187261
 signal_syst_kfactor = 0.135594
 signal_syst_xSec_PDF = 0.278507
 signal_trigger = 0.0897528
 stat_IsoMuCS = 36.49
 statistics = 10.8
 systematic_uncertainties = 81.2
 tau_trigger = 6.97072
 zinvis_trigger = 7.184

CLs observed asymptotic = 80.7936
CLs expected asymptotic = 19.8293
CLs expected m2sigma asymptotic = 10.7584
CLs expected m1sigma asymptotic = 14.3103
CLs expected p1sigma asymptotic = 27.5429
CLs expected p2sigma asymptotic = 36.5944

CLs expected profile likelihood =  61.0696 
CLs expected m2sigma profile likelihood =  21.5008 
CLs expected m1sigma profile likelihood =  34.1938 
CLs expected p1sigma profile likelihood =  99.7569
CLs expected p2sigma profile likelihood =  147

scanned r = 21.5008 22.755792 24.010784 25.265776 26.520768 27.775760 29.030752 30.285744 31.540736 32.795728 34.050720 35.305712 36.560704 37.815696 39.070688 40.325680 41.580672 42.835664 44.090656 45.345648 46.600640 47.855632 49.110624 50.365616 51.620608 52.875600 54.130592 55.385584 56.640576 57.895568 59.150560 60.405552 61.660544 62.915536 64.170528 65.425520 66.680512 67.935504 69.190496 70.445488 71.700480 72.955472 74.210464 75.465456 76.720448 77.975440 79.230432 80.485424 81.740416 82.995408 84.250400 85.505392 86.760384 88.015376 89.270368 90.525360 91.780352 93.035344 94.290336 95.545328 96.800320 98.055312 99.310304 100.565296 101.820288 103.075280 104.330272 105.585264 106.840256 108.095248 109.350240 110.605232 111.860224 113.115216 114.370208 115.625200 116.880192 118.135184 119.390176 120.645168 121.900160 123.155152 124.410144 125.665136 126.920128 128.175120 129.430112 130.685104 131.940096 133.195088 134.450080 135.705072 136.960064 138.215056 139.470048 140.725040 141.980032 143.235024 144.490016 145.745008 147.000000
CLs for scanned r =  0.998   0.99   1   1   0.994   0.994   1   0.603365   0.659091   0.638095   0.563063   0.517699   0.514151   0.509901   0.57398   0.507143   0.481982   0.457207   0.451389   0.408654   0.38785   0.400943   0.361386   0.331776   0.385   0.378866   0.229358   0.25   0.304455   0.240566   0.213592   0.234848   0.196602   0.203431   0.158019   0.152778   0.171053   0.150901   0.121681   0.102273   0.107143   0.101942   0.12963   0.0833333   0.0677083   0.0891089   0.0688073   0.0573394   0.0657895   0.0445545   0.0442708   0.0346535   0.0588235   0.039823   0.0309735   0.0315534   0.0288462   0.03125   0.0259434   0.0215054   0.0233645   0.0144231   0.0166667   0.00917431   0.0175   0.00735294   0.0137615   0.00663717   0.0049505   0   0.00694444   0.00505051   0.00274725   0.00462963   0.0025   0   0   0.00252525   0.00238095   0.0122549   0.00227273   0   0.00242718   0   0.00238095   0.0025   0   0   0   0.00247525   0   0   0   0.00252525   0   0   0   0   0   0   0 
CLsUnc for scanned r =  0.001998  0.00444972  0  0  0.00345369  0.00345369  0  0.0361991  0.041331  0.0364059  0.0308865  0.0289313  0.0326035  0.0351623  0.039134  0.0329395  0.029246  0.0286808  0.0298991  0.0303003  0.0284215  0.029234  0.0296916  0.0265173  0.0310242  0.0319508  0.0219685  0.0221601  0.0272842  0.0231217  0.0224753  0.0244668  0.0215854  0.022147  0.0189355  0.0183402  0.0215763  0.0178129  0.0158799  0.0149308  0.0157999  0.0156334  0.0169594  0.013968  0.0133504  0.014825  0.0124059  0.0113489  0.0132442  0.0104922  0.0107752  0.00925511  0.011979  0.00928868  0.00821107  0.00873475  0.00830793  0.0086455  0.00779784  0.00762616  0.00736429  0.0058814  0.0062889  0.00457957  0.00661438  0.00424397  0.00560416  0.00382535  0.00350018  0  0.00400492  0.00357161  0.00274861  0.00327122  0.0025  0  0  0.00252538  0.00238039  0.00547787  0.00227169  0  0.00242683  0  0.00238039  0.0025  0  0  0  0.00247512  0  0  0  0.00252538  0  0  0  0  0  0  0
CLb for scanned r =  1   1   1   1   1   1   1   0.832   0.792   0.84   0.888   0.904   0.848   0.808   0.784   0.84   0.888   0.888   0.864   0.832   0.856   0.848   0.808   0.856   0.8   0.776   0.872   0.896   0.808   0.848   0.824   0.792   0.824   0.816   0.848   0.864   0.76   0.888   0.904   0.88   0.84   0.824   0.864   0.84   0.768   0.808   0.872   0.872   0.76   0.808   0.768   0.808   0.816   0.904   0.904   0.824   0.832   0.832   0.848   0.744   0.856   0.832   0.84   0.872   0.8   0.816   0.872   0.904   0.808   0.84   0.864   0.792   0.728   0.864   0.8   0.792   0.832   0.792   0.84   0.816   0.88   0.872   0.824   0.808   0.84   0.8   0.816   0.832   0.792   0.808   0.816   0.76   0.856   0.792   0.792   0.8   0.824   0.784   0.824   0.752   0.744 
CLbUnc for scanned r =  0  0  0  0  0  0  0  0.0334396  0.0363027  0.0327902  0.0282072  0.026349  0.0321118  0.0352291  0.036807  0.0327902  0.0282072  0.0282072  0.0306599  0.0334396  0.0314024  0.0321118  0.0352291  0.0314024  0.0357771  0.0372906  0.0298819  0.0273033  0.0352291  0.0321118  0.0340616  0.0363027  0.0340616  0.0346576  0.0321118  0.0306599  0.0381995  0.0282072  0.026349  0.0290654  0.0327902  0.0340616  0.0306599  0.0327902  0.0377546  0.0352291  0.0298819  0.0298819  0.0381995  0.0352291  0.0377546  0.0352291  0.0346576  0.026349  0.026349  0.0340616  0.0334396  0.0334396  0.0321118  0.0390348  0.0314024  0.0334396  0.0327902  0.0298819  0.0357771  0.0346576  0.0298819  0.026349  0.0352291  0.0327902  0.0306599  0.0363027  0.0398011  0.0306599  0.0357771  0.0363027  0.0334396  0.0363027  0.0327902  0.0346576  0.0290654  0.0298819  0.0340616  0.0352291  0.0327902  0.0357771  0.0346576  0.0334396  0.0363027  0.0352291  0.0346576  0.0381995  0.0314024  0.0363027  0.0363027  0.0357771  0.0340616  0.036807  0.0340616  0.038626  0.0390348
CLsb for scanned r =  0.998   0.99   1   1   0.994   0.994   1   0.502   0.522   0.536   0.5   0.468   0.436   0.412   0.45   0.426   0.428   0.406   0.39   0.34   0.332   0.34   0.292   0.284   0.308   0.294   0.2   0.224   0.246   0.204   0.176   0.186   0.162   0.166   0.134   0.132   0.13   0.134   0.11   0.09   0.09   0.084   0.112   0.07   0.052   0.072   0.06   0.05   0.05   0.036   0.034   0.028   0.048   0.036   0.028   0.026   0.024   0.026   0.022   0.016   0.02   0.012   0.014   0.008   0.014   0.006   0.012   0.006   0.004   0   0.006   0.004   0.002   0.004   0.002   0   0   0.002   0.002   0.01   0.002   0   0.002   0   0.002   0.002   0   0   0   0.002   0   0   0   0.002   0   0   0   0   0   0   0 
CLsbUnc for scanned r =  0.001998  0.00444972  0  0  0.00345369  0.00345369  0  0.0223605  0.022339  0.0223026  0.0223607  0.0223148  0.0221767  0.0220116  0.0222486  0.0221144  0.0221276  0.021962  0.0218128  0.0211849  0.0210607  0.0211849  0.020334  0.0201665  0.0206464  0.0203747  0.0178885  0.0186453  0.0192605  0.0180213  0.0170308  0.0174014  0.0164776  0.01664  0.0152344  0.0151378  0.0150399  0.0152344  0.0139929  0.0127984  0.0127984  0.0124052  0.0141036  0.0114105  0.00992935  0.0115599  0.0106207  0.00974679  0.00974679  0.00833115  0.00810481  0.0073778  0.00955992  0.00833115  0.0073778  0.00711674  0.00684456  0.00711674  0.00655988  0.00561142  0.00626099  0.0048695  0.00525433  0.00398397  0.00525433  0.00345369  0.0048695  0.00345369  0.00282276  0  0.00345369  0.00282276  0.001998  0.00282276  0.001998  0  0  0.001998  0.001998  0.00444972  0.001998  0  0.001998  0  0.001998  0.001998  0  0  0  0.001998  0  0  0  0.001998  0  0  0  0  0  0  0
CLs observed = 83.8136
CLs observed error= 0.701526
CLs expected = 60.2058
CLs expected error= 0.968732
CLs expected m2sigma = 22.7558
CLs expected m2sigma error= 20.0799
CLs expected m1sigma = 47.0092
CLs expected m1sigma error= 1.76643
CLs expected p1sigma = 85.0419
CLs expected p1sigma error= 0.39894
CLs expected p2sigma = 114.183
CLs expected p2sigma error= 0.420642
