# cMSSM_2500_240_10_0_1_ch13.txt

 Mzero = 2500
 Mhalf = 240
 TanBeta = 10
 Xsection.LO = -1
 Xsection.NLO = 2.29006
 Luminosity = 4650
 Channel = 13
 n_channels = 1 
 data_0 = 16
 signal_0 = 8.62978
 signal_contamination_0 = 1.58793
 qcd_0 = 11.9557
 lostle_0 = 2.68005
 tau_0 = 1.07537
 zinvis_0 = 3.197
 QCD_stat_unc = 3.77813
 lostle_trigger = 0.0536011
 non-closure_uncertainties = 0.04784
 other_QCD_uncerts = 8.28281
 other_lostlepton_uncertainties = 0.325298
 other_tau_uncertainties = 0.146
 qcd_trigger = 0.239114
 signal_stat = 3.08957
 signal_syst = 2.3941
 signal_syst_acceptance_PDF = 0.0155347
 signal_syst_kfactor = 0.0596792
 signal_syst_xSec_PDF = 1.86533
 signal_trigger = 0.172596
 stat_IsoMuCS = 2.05756
 statistics = 0.735
 systematic_uncertainties = 2.237
 tau_trigger = 0.0215074
 zinvis_trigger = 0.06394

CLs observed asymptotic = 2.2182
CLs expected asymptotic = 2.4979
CLs expected m2sigma asymptotic = 1.3552
CLs expected m1sigma asymptotic = 1.8026
CLs expected p1sigma asymptotic = 3.4695
CLs expected p2sigma asymptotic = 4.6097

CLs expected profile likelihood =  3.3564 
CLs expected m2sigma profile likelihood =  0.944415 
CLs expected m1sigma profile likelihood =  1.67437 
CLs expected p1sigma profile likelihood =  6.25669
CLs expected p2sigma profile likelihood =  12.4875

scanned r = 0.944415 1.059845 1.175275 1.290705 1.406135 1.521565 1.636995 1.752425 1.867855 1.983285 2.098715 2.214145 2.329575 2.445005 2.560435 2.675865 2.791295 2.906725 3.022155 3.137585 3.253015 3.368445 3.483875 3.599305 3.714735 3.830165 3.945595 4.061025 4.176455 4.291885 4.407315 4.522745 4.638175 4.753605 4.869035 4.984465 5.099895 5.215325 5.330755 5.446185 5.561615 5.677045 5.792475 5.907905 6.023335 6.138765 6.254195 6.369625 6.485055 6.600485 6.715915 6.831345 6.946775 7.062205 7.177635 7.293065 7.408495 7.523925 7.639355 7.754785 7.870215 7.985645 8.101075 8.216505 8.331935 8.447365 8.562795 8.678225 8.793655 8.909085 9.024515 9.139945 9.255375 9.370805 9.486235 9.601665 9.717095 9.832525 9.947955 10.063385 10.178815 10.294245 10.409675 10.525105 10.640535 10.755965 10.871395 10.986825 11.102255 11.217685 11.333115 11.448545 11.563975 11.679405 11.794835 11.910265 12.025695 12.141125 12.256555 12.371985 12.487415
CLs for scanned r =  0.38587   0.244186   0.317708   0.208333   0.2   0.190476   0.173077   0.105263   0.0989583   0.0772727   0.0580357   0.0585938   0.0714286   0.0377358   0.03125   0.0612245   0.0234375   0.03   0.0240385   0.0263158   0.012931   0.012931   0.015625   0.00909091   0.00980392   0.00943396   0.00793651   0.0131579   0.0136364   0   0.0178571   0.00423729   0.00471698   0.0078125   0   0   0   0   0   0   0   0   0.00416667   0   0   0.00390625   0   0.00423729   0   0   0   0   0   0   0   0   0   0   0   0   0   0   0   0   0   0   0   0   0   0   0   0   0   0   0   0   0   0   0   0   0   0   0   0   0   0   0   0   0   0   0   0   0   0   0   0   0   0   0   0   0 
CLsUnc for scanned r =  0.0620082  0.0470116  0.0524236  0.0365272  0.0374166  0.0404328  0.0332959  0.023351  0.0249298  0.0200023  0.0168983  0.0157542  0.0189464  0.0138068  0.0112944  0.0187452  0.00972844  0.0126095  0.0109956  0.0109838  0.00754639  0.00754639  0.0078999  0.00648062  0.00699871  0.00672972  0.00564482  0.0076822  0.007969  0  0.00906779  0.00425199  0.00473785  0.00555526  0  0  0  0  0  0  0  0  0.00418053  0  0  0.00391722  0  0.00425199  0  0  0  0  0  0  0  0  0  0  0  0  0  0  0  0  0  0  0  0  0  0  0  0  0  0  0  0  0  0  0  0  0  0  0  0  0  0  0  0  0  0  0  0  0  0  0  0  0  0  0  0  0
CLb for scanned r =  0.368   0.344   0.384   0.432   0.4   0.336   0.416   0.456   0.384   0.44   0.448   0.512   0.448   0.424   0.512   0.392   0.512   0.4   0.416   0.456   0.464   0.464   0.512   0.44   0.408   0.424   0.504   0.456   0.44   0.44   0.448   0.472   0.424   0.512   0.472   0.472   0.496   0.456   0.48   0.416   0.456   0.496   0.48   0.464   0.448   0.512   0.448   0.472   0.416   0.36   0.416   0.384   0.464   0.456   0.448   0.448   0.464   0.472   0.512   0.496   0.456   0.48   0.408   0.52   0.512   0.448   0.456   0.472   0.496   0.368   0.472   0.544   0.504   0.464   0.48   0.432   0.464   0.408   0.464   0.408   0.488   0.512   0.464   0.424   0.448   0.504   0.536   0.504   0.472   0.464   0.472   0.448   0.48   0.44   0.528   0.448   0.408   0.392   0.504   0.552   0.432 
CLbUnc for scanned r =  0.0431348  0.042489  0.0435012  0.0443058  0.0438178  0.0422473  0.0440857  0.0445479  0.0435012  0.0443982  0.0444788  0.0447085  0.0444788  0.0442017  0.0447085  0.0436656  0.0447085  0.0438178  0.0440857  0.0445479  0.0446053  0.0446053  0.0447085  0.0443982  0.0439578  0.0442017  0.0447199  0.0445479  0.0443982  0.0443982  0.0444788  0.0446512  0.0442017  0.0447085  0.0446512  0.0446512  0.0447199  0.0445479  0.0446856  0.0440857  0.0445479  0.0447199  0.0446856  0.0446053  0.0444788  0.0447085  0.0444788  0.0446512  0.0440857  0.0429325  0.0440857  0.0435012  0.0446053  0.0445479  0.0444788  0.0444788  0.0446053  0.0446512  0.0447085  0.0447199  0.0445479  0.0446856  0.0439578  0.0446856  0.0447085  0.0444788  0.0445479  0.0446512  0.0447199  0.0431348  0.0446512  0.0445479  0.0447199  0.0446053  0.0446856  0.0443058  0.0446053  0.0439578  0.0446053  0.0439578  0.0447085  0.0447085  0.0446053  0.0442017  0.0444788  0.0447199  0.0446053  0.0447199  0.0446512  0.0446053  0.0446512  0.0444788  0.0446856  0.0443982  0.0446512  0.0444788  0.0439578  0.0436656  0.0447199  0.0444788  0.0443058
CLsb for scanned r =  0.142   0.084   0.122   0.09   0.08   0.064   0.072   0.048   0.038   0.034   0.026   0.03   0.032   0.016   0.016   0.024   0.012   0.012   0.01   0.012   0.006   0.006   0.008   0.004   0.004   0.004   0.004   0.006   0.006   0   0.008   0.002   0.002   0.004   0   0   0   0   0   0   0   0   0.002   0   0   0.002   0   0.002   0   0   0   0   0   0   0   0   0   0   0   0   0   0   0   0   0   0   0   0   0   0   0   0   0   0   0   0   0   0   0   0   0   0   0   0   0   0   0   0   0   0   0   0   0   0   0   0   0   0   0   0   0 
CLsbUnc for scanned r =  0.01561  0.0124052  0.0146367  0.0127984  0.0121326  0.0109457  0.0115599  0.00955992  0.00855056  0.00810481  0.00711674  0.00762889  0.00787096  0.00561142  0.00561142  0.00684456  0.0048695  0.0048695  0.00444972  0.0048695  0.00345369  0.00345369  0.00398397  0.00282276  0.00282276  0.00282276  0.00282276  0.00345369  0.00345369  0  0.00398397  0.001998  0.001998  0.00282276  0  0  0  0  0  0  0  0  0.001998  0  0  0.001998  0  0.001998  0  0  0  0  0  0  0  0  0  0  0  0  0  0  0  0  0  0  0  0  0  0  0  0  0  0  0  0  0  0  0  0  0  0  0  0  0  0  0  0  0  0  0  0  0  0  0  0  0  0  0  0  0
CLs observed = 2.36531
CLs observed error= 0.0644146
CLs expected = 2.4466
CLs expected error= 0.0663885
CLs expected m2sigma = 1.05984
CLs expected m2sigma error= 2.77032
CLs expected m1sigma = 1.80457
CLs expected m1sigma error= 0.116386
CLs expected p1sigma = 3.79244
CLs expected p1sigma error= 0.115908
CLs expected p2sigma = 7.63819
CLs expected p2sigma error= 0.0176489
