# cMSSM_1000_400_10_0_1_ch9.txt

 Mzero = 1000
 Mhalf = 400
 TanBeta = 10
 Xsection.LO = -1
 Xsection.NLO = 0.12088
 Luminosity = 4980
 Channel = 9
 n_channels = 1 
 data_0 = 12
 signal_0 = 2.65664
 signal_contamination_0 = 0.286691
 qcd_0 = 0.440974
 lostle_0 = 4.97294
 tau_0 = 2.88046
 zinvis_0 = 5.454
 QCD_stat_unc = 0.61135
 lostle_trigger = 0.0994588
 lostlepton_uncertainties = 0.692405
 other_QCD_uncerts = 0.28062
 other_syst = 0.403582
 other_tau_uncertainties = 0.243
 qcd_trigger = 0.00881948
 signal_stat = 0.408308
 signal_syst_kfactor = 0.0802703
 signal_syst_xSec_PDF = 0.794113
 signal_trigger = 0.0531328
 stat_IsoMuCS = 5.54719
 statistics = 1.464
 systematic_uncertainties = 3.209
 tau_non-closure = 0.16307
 tau_trigger = 0.0576092
 zinvis_trigger = 0.10908

CLs observed asymptotic = 4.9285
CLs expected asymptotic = 5.4262
CLs expected m2sigma asymptotic = 2.9440
CLs expected m1sigma asymptotic = 3.9159
CLs expected p1sigma asymptotic = 7.5370
CLs expected p2sigma asymptotic = 10.0138

CLs expected profile likelihood =  7.0173 
CLs expected m2sigma profile likelihood =  1.81364 
CLs expected m1sigma profile likelihood =  3.15777 
CLs expected p1sigma profile likelihood =  13.1789
CLs expected p2sigma profile likelihood =  19.973

scanned r = 1.81364 1.995233 2.176826 2.358419 2.540012 2.721605 2.903198 3.084791 3.266384 3.447977 3.629570 3.811163 3.992756 4.174349 4.355942 4.537535 4.719128 4.900721 5.082314 5.263907 5.445500 5.627093 5.808686 5.990279 6.171872 6.353465 6.535058 6.716651 6.898244 7.079837 7.261430 7.443023 7.624616 7.806209 7.987802 8.169395 8.350988 8.532581 8.714174 8.895767 9.077360 9.258953 9.440546 9.622139 9.803732 9.985325 10.166918 10.348511 10.530104 10.711697 10.893290 11.074883 11.256476 11.438069 11.619662 11.801255 11.982848 12.164441 12.346034 12.527627 12.709220 12.890813 13.072406 13.253999 13.435592 13.617185 13.798778 13.980371 14.161964 14.343557 14.525150 14.706743 14.888336 15.069929 15.251522 15.433115 15.614708 15.796301 15.977894 16.159487 16.341080 16.522673 16.704266 16.885859 17.067452 17.249045 17.430638 17.612231 17.793824 17.975417 18.157010 18.338603 18.520196 18.701789 18.883382 19.064975 19.246568 19.428161 19.609754 19.791347 19.972940
CLs for scanned r =  0.3625   0.37069   0.433962   0.307692   0.292373   0.25463   0.161017   0.169231   0.171053   0.138889   0.157258   0.169811   0.112745   0.0595238   0.0858209   0.0727273   0.0833333   0.0580357   0.0508475   0.0362903   0.0446429   0.0570175   0.0340909   0.0198413   0.02   0.0301724   0.0377358   0.0330189   0.0133929   0.0113636   0.00892857   0.0263158   0.00625   0.0163934   0.0136364   0   0   0   0.00925926   0   0.016129   0.00390625   0.00510204   0   0.00462963   0   0.00877193   0.00446429   0   0   0.00446429   0   0   0.00793651   0.00446429   0   0   0   0   0.00480769   0   0   0   0   0   0   0   0   0   0   0   0   0   0   0   0   0   0   0   0   0.00454545   0   0   0   0   0   0   0   0   0   0   0   0   0   0   0   0   0   0   0   0 
CLsUnc for scanned r =  0.0488514  0.05092  0.0609674  0.0485099  0.0428123  0.0416071  0.0293674  0.0283742  0.0311602  0.0284135  0.0280299  0.0325071  0.0259769  0.0160317  0.0188813  0.0193353  0.021094  0.0168983  0.0152782  0.0124259  0.0146614  0.0165711  0.0116241  0.00900263  0.010198  0.0116896  0.0138068  0.0128615  0.00782297  0.0066113  0.00636287  0.0109838  0.0062967  0.00830087  0.007969  0  0  0  0.00660282  0  0.00816277  0.00391722  0.00512852  0  0.00464931  0  0.00624931  0.00448179  0  0  0.00448179  0  0  0.00564482  0.00448179  0  0  0  0  0.00482983  0  0  0  0  0  0  0  0  0  0  0  0  0  0  0  0  0  0  0  0  0.00456401  0  0  0  0  0  0  0  0  0  0  0  0  0  0  0  0  0  0  0  0
CLb for scanned r =  0.48   0.464   0.424   0.416   0.472   0.432   0.472   0.52   0.456   0.432   0.496   0.424   0.408   0.504   0.536   0.44   0.432   0.448   0.472   0.496   0.448   0.456   0.528   0.504   0.4   0.464   0.424   0.424   0.448   0.528   0.448   0.456   0.32   0.488   0.44   0.384   0.376   0.504   0.432   0.536   0.496   0.512   0.392   0.432   0.432   0.48   0.456   0.448   0.464   0.44   0.448   0.464   0.504   0.504   0.448   0.416   0.44   0.48   0.448   0.416   0.44   0.496   0.464   0.408   0.416   0.448   0.464   0.464   0.488   0.536   0.448   0.496   0.52   0.472   0.392   0.456   0.52   0.56   0.536   0.44   0.44   0.536   0.472   0.4   0.456   0.52   0.496   0.48   0.496   0.424   0.464   0.456   0.448   0.464   0.416   0.496   0.456   0.512   0.488   0.456   0.48 
CLbUnc for scanned r =  0.0446856  0.0446053  0.0442017  0.0440857  0.0446512  0.0443058  0.0446512  0.0446856  0.0445479  0.0443058  0.0447199  0.0442017  0.0439578  0.0447199  0.0446053  0.0443982  0.0443058  0.0444788  0.0446512  0.0447199  0.0444788  0.0445479  0.0446512  0.0447199  0.0438178  0.0446053  0.0442017  0.0442017  0.0444788  0.0446512  0.0444788  0.0445479  0.0417229  0.0447085  0.0443982  0.0435012  0.0433243  0.0447199  0.0443058  0.0446053  0.0447199  0.0447085  0.0436656  0.0443058  0.0443058  0.0446856  0.0445479  0.0444788  0.0446053  0.0443982  0.0444788  0.0446053  0.0447199  0.0447199  0.0444788  0.0440857  0.0443982  0.0446856  0.0444788  0.0440857  0.0443982  0.0447199  0.0446053  0.0439578  0.0440857  0.0444788  0.0446053  0.0446053  0.0447085  0.0446053  0.0444788  0.0447199  0.0446856  0.0446512  0.0436656  0.0445479  0.0446856  0.0443982  0.0446053  0.0443982  0.0443982  0.0446053  0.0446512  0.0438178  0.0445479  0.0446856  0.0447199  0.0446856  0.0447199  0.0442017  0.0446053  0.0445479  0.0444788  0.0446053  0.0440857  0.0447199  0.0445479  0.0447085  0.0447085  0.0445479  0.0446856
CLsb for scanned r =  0.174   0.172   0.184   0.128   0.138   0.11   0.076   0.088   0.078   0.06   0.078   0.072   0.046   0.03   0.046   0.032   0.036   0.026   0.024   0.018   0.02   0.026   0.018   0.01   0.008   0.014   0.016   0.014   0.006   0.006   0.004   0.012   0.002   0.008   0.006   0   0   0   0.004   0   0.008   0.002   0.002   0   0.002   0   0.004   0.002   0   0   0.002   0   0   0.004   0.002   0   0   0   0   0.002   0   0   0   0   0   0   0   0   0   0   0   0   0   0   0   0   0   0   0   0   0.002   0   0   0   0   0   0   0   0   0   0   0   0   0   0   0   0   0   0   0   0 
CLsbUnc for scanned r =  0.0169543  0.016877  0.0173288  0.014941  0.0154244  0.0139929  0.0118511  0.0126693  0.011993  0.0106207  0.011993  0.0115599  0.00936846  0.00762889  0.00936846  0.00787096  0.00833115  0.00711674  0.00684456  0.00594575  0.00626099  0.00711674  0.00594575  0.00444972  0.00398397  0.00525433  0.00561142  0.00525433  0.00345369  0.00345369  0.00282276  0.0048695  0.001998  0.00398397  0.00345369  0  0  0  0.00282276  0  0.00398397  0.001998  0.001998  0  0.001998  0  0.00282276  0.001998  0  0  0.001998  0  0  0.00282276  0.001998  0  0  0  0  0.001998  0  0  0  0  0  0  0  0  0  0  0  0  0  0  0  0  0  0  0  0  0.001998  0  0  0  0  0  0  0  0  0  0  0  0  0  0  0  0  0  0  0  0
CLs observed = 5.07629
CLs observed error= 0.137885
CLs expected = 5.11003
CLs expected error= 0.139031
CLs expected m2sigma = 1.99523
CLs expected m2sigma error= 1.45275
CLs expected m1sigma = 3.77453
CLs expected m1sigma error= 0.157815
CLs expected p1sigma = 8.51347
CLs expected p1sigma error= 0.0920453
CLs expected p2sigma = 12.9612
CLs expected p2sigma error= 0.326573
