# cMSSM_1000_400_10_0_1_ch8.txt

 Mzero = 1000
 Mhalf = 400
 TanBeta = 10
 Xsection.LO = -1
 Xsection.NLO = 0.12088
 Luminosity = 4650
 Channel = 8
 n_channels = 1 
 data_0 = 71
 signal_0 = 2.10919
 signal_contamination_0 = 0.163724
 qcd_0 = 19.6923
 lostle_0 = 13.6877
 tau_0 = 21.8915
 zinvis_0 = 10.95
 QCD_stat_unc = 4.42953
 lostle_trigger = 0.273755
 non-closure_uncertainties = 0.94039
 other_QCD_uncerts = 12.4969
 other_lostlepton_uncertainties = 1.61187
 other_tau_uncertainties = 1.945
 qcd_trigger = 0.393847
 signal_stat = 0.351437
 signal_syst = 0.572272
 signal_syst_acceptance_PDF = 0.0092329
 signal_syst_kfactor = 0.0637289
 signal_syst_xSec_PDF = 0.275039
 signal_trigger = 0.0421838
 stat_IsoMuCS = 7.1395
 statistics = 1.74
 systematic_uncertainties = 5.18
 tau_trigger = 0.43783
 zinvis_trigger = 0.219

CLs observed asymptotic = 19.4884
CLs expected asymptotic = 17.4952
CLs expected m2sigma asymptotic = 9.4920
CLs expected m1sigma asymptotic = 12.6258
CLs expected p1sigma asymptotic = 24.3008
CLs expected p2sigma asymptotic = 32.2869

CLs expected profile likelihood =  18.8442 
CLs expected m2sigma profile likelihood =  6.59942 
CLs expected m1sigma profile likelihood =  9.54574 
CLs expected p1sigma profile likelihood =  34.7667
CLs expected p2sigma profile likelihood =  56.0822

scanned r = 6.59942 7.094247 7.589074 8.083901 8.578728 9.073555 9.568382 10.063209 10.558036 11.052863 11.547690 12.042517 12.537344 13.032171 13.526998 14.021825 14.516652 15.011479 15.506306 16.001133 16.495960 16.990787 17.485614 17.980441 18.475268 18.970095 19.464922 19.959749 20.454576 20.949403 21.444230 21.939057 22.433884 22.928711 23.423538 23.918365 24.413192 24.908019 25.402846 25.897673 26.392500 26.887327 27.382154 27.876981 28.371808 28.866635 29.361462 29.856289 30.351116 30.845943 31.340770 31.835597 32.330424 32.825251 33.320078 33.814905 34.309732 34.804559 35.299386 35.794213 36.289040 36.783867 37.278694 37.773521 38.268348 38.763175 39.258002 39.752829 40.247656 40.742483 41.237310 41.732137 42.226964 42.721791 43.216618 43.711445 44.206272 44.701099 45.195926 45.690753 46.185580 46.680407 47.175234 47.670061 48.164888 48.659715 49.154542 49.649369 50.144196 50.639023 51.133850 51.628677 52.123504 52.618331 53.113158 53.607985 54.102812 54.597639 55.092466 55.587293 56.082120
CLs for scanned r =  0.553977   0.652027   0.471264   0.473214   0.396067   0.390449   0.359756   0.347701   0.297619   0.282967   0.252778   0.291209   0.247093   0.226744   0.198052   0.217532   0.201299   0.151786   0.140244   0.138554   0.1   0.102564   0.117284   0.0866667   0.0915493   0.0596591   0.0552326   0.0769231   0.0679012   0.0397727   0.0280899   0.053125   0.0308989   0.0518293   0.034375   0.0182927   0.0308219   0.0171233   0.00882353   0.00625   0.0357143   0.0152439   0.0158228   0.028481   0.0120482   0.0170455   0.0116279   0.00974026   0.00595238   0.00357143   0.00609756   0.00297619   0.01   0.00641026   0.00588235   0.00271739   0.00925926   0   0   0   0.00320513   0.00914634   0   0   0.00290698   0.00333333   0   0   0   0.00320513   0   0   0   0   0.00347222   0.00666667   0   0   0   0   0   0.00316456   0   0.00357143   0   0   0   0   0.00297619   0   0   0   0   0   0   0   0   0   0   0   0 
CLsUnc for scanned r =  0.044635  0.0607991  0.0410617  0.0428359  0.0361446  0.0358496  0.0371607  0.0343481  0.0324729  0.0292673  0.0278057  0.0297304  0.0285952  0.027255  0.0275715  0.0291139  0.0278317  0.0222627  0.0216967  0.0213694  0.0176569  0.0189315  0.0198558  0.017718  0.0188836  0.0132038  0.0128657  0.0162246  0.0148454  0.0107307  0.00893753  0.0131557  0.00937948  0.0128028  0.010506  0.00751697  0.0104436  0.00772825  0.00510773  0.00443045  0.0109437  0.00685459  0.00712303  0.00960656  0.00604872  0.00698719  0.00583285  0.00564868  0.00421698  0.00357907  0.00432108  0.00297902  0.0058023  0.0045455  0.00416679  0.00271857  0.00536461  0  0  0  0.00320965  0.005298  0  0  0.00290934  0.00333888  0  0  0  0.00320965  0  0  0  0  0.00347897  0.00472973  0  0  0  0  0  0.00316876  0  0.00357907  0  0  0  0  0.00297902  0  0  0  0  0  0  0  0  0  0  0  0
CLb for scanned r =  0.704   0.592   0.696   0.672   0.712   0.712   0.656   0.696   0.672   0.728   0.72   0.728   0.688   0.688   0.616   0.616   0.616   0.672   0.656   0.664   0.68   0.624   0.648   0.6   0.568   0.704   0.688   0.624   0.648   0.704   0.712   0.64   0.712   0.656   0.64   0.656   0.584   0.584   0.68   0.64   0.616   0.656   0.632   0.632   0.664   0.704   0.688   0.616   0.672   0.56   0.656   0.672   0.6   0.624   0.68   0.736   0.648   0.656   0.608   0.616   0.624   0.656   0.576   0.608   0.688   0.6   0.568   0.608   0.616   0.624   0.592   0.568   0.616   0.6   0.576   0.6   0.632   0.56   0.6   0.672   0.576   0.632   0.616   0.56   0.624   0.64   0.64   0.592   0.672   0.56   0.552   0.552   0.6   0.672   0.736   0.696   0.656   0.616   0.584   0.648   0.528 
CLbUnc for scanned r =  0.0408298  0.0439578  0.0411421  0.041992  0.0405024  0.0405024  0.042489  0.0411421  0.041992  0.0398011  0.0401597  0.0398011  0.0414397  0.0414397  0.0435012  0.0435012  0.0435012  0.041992  0.042489  0.0422473  0.0417229  0.0433243  0.0427173  0.0438178  0.0443058  0.0408298  0.0414397  0.0433243  0.0427173  0.0408298  0.0405024  0.0429325  0.0405024  0.042489  0.0429325  0.042489  0.0440857  0.0440857  0.0417229  0.0429325  0.0435012  0.042489  0.0431348  0.0431348  0.0422473  0.0408298  0.0414397  0.0435012  0.041992  0.0443982  0.042489  0.041992  0.0438178  0.0433243  0.0417229  0.0394263  0.0427173  0.042489  0.0436656  0.0435012  0.0433243  0.042489  0.0442017  0.0436656  0.0414397  0.0438178  0.0443058  0.0436656  0.0435012  0.0433243  0.0439578  0.0443058  0.0435012  0.0438178  0.0442017  0.0438178  0.0431348  0.0443982  0.0438178  0.041992  0.0442017  0.0431348  0.0435012  0.0443982  0.0433243  0.0429325  0.0429325  0.0439578  0.041992  0.0443982  0.0444788  0.0444788  0.0438178  0.041992  0.0394263  0.0411421  0.042489  0.0435012  0.0440857  0.0427173  0.0446512
CLsb for scanned r =  0.39   0.386   0.328   0.318   0.282   0.278   0.236   0.242   0.2   0.206   0.182   0.212   0.17   0.156   0.122   0.134   0.124   0.102   0.092   0.092   0.068   0.064   0.076   0.052   0.052   0.042   0.038   0.048   0.044   0.028   0.02   0.034   0.022   0.034   0.022   0.012   0.018   0.01   0.006   0.004   0.022   0.01   0.01   0.018   0.008   0.012   0.008   0.006   0.004   0.002   0.004   0.002   0.006   0.004   0.004   0.002   0.006   0   0   0   0.002   0.006   0   0   0.002   0.002   0   0   0   0.002   0   0   0   0   0.002   0.004   0   0   0   0   0   0.002   0   0.002   0   0   0   0   0.002   0   0   0   0   0   0   0   0   0   0   0   0 
CLsbUnc for scanned r =  0.0218128  0.0217717  0.020996  0.0208267  0.0201234  0.0200358  0.0189897  0.0191539  0.0178885  0.0180867  0.0172555  0.0182787  0.0167988  0.0162274  0.0146367  0.0152344  0.0147393  0.0135348  0.0129256  0.0129256  0.0112584  0.0109457  0.0118511  0.00992935  0.00992935  0.00897062  0.00855056  0.00955992  0.00917213  0.0073778  0.00626099  0.00810481  0.00655988  0.00810481  0.00655988  0.0048695  0.00594575  0.00444972  0.00345369  0.00282276  0.00655988  0.00444972  0.00444972  0.00594575  0.00398397  0.0048695  0.00398397  0.00345369  0.00282276  0.001998  0.00282276  0.001998  0.00345369  0.00282276  0.00282276  0.001998  0.00345369  0  0  0  0.001998  0.00345369  0  0  0.001998  0.001998  0  0  0  0.001998  0  0  0  0  0.001998  0.00282276  0  0  0  0  0  0.001998  0  0.001998  0  0  0  0  0.001998  0  0  0  0  0  0  0  0  0  0  0  0
CLs observed = 20.6256
CLs observed error= 0.307726
CLs expected = 16.6813
CLs expected error= 0.257514
CLs expected m2sigma = 7.09425
CLs expected m2sigma error= 11.8758
CLs expected m1sigma = 11.5382
CLs expected m1sigma error= 0.665496
CLs expected p1sigma = 27.6296
CLs expected p1sigma error= 0.247547
CLs expected p2sigma = 40.2477
CLs expected p2sigma error= 0.4949
