# cMSSM_2500_240_10_0_1_ch0.txt

 Mzero = 2500
 Mhalf = 240
 TanBeta = 10
 Xsection.LO = -1
 Xsection.NLO = 2.29006
 Luminosity = 4980
 Channel = 0
 n_channels = 1 
 data_0 = 1269
 signal_0 = 132.261
 signal_contamination_0 = 31.2384
 qcd_0 = 118.632
 lostle_0 = 326.519
 tau_0 = 348.536
 zinvis_0 = 359.2
 QCD_stat_unc = 12.3172
 lostle_trigger = 6.53039
 lostlepton_uncertainties = 40.9502
 other_QCD_uncerts = 75.9127
 other_syst = 11.6155
 other_tau_uncertainties = 23.5
 qcd_trigger = 2.37264
 signal_stat = 12.5843
 signal_syst_kfactor = 0.914645
 signal_syst_xSec_PDF = 27.9518
 signal_trigger = 2.64522
 stat_IsoMuCS = 36.4907
 statistics = 10.8
 systematic_uncertainties = 81.2
 tau_non-closure = 15.3525
 tau_trigger = 6.97072
 zinvis_trigger = 7.184

CLs observed asymptotic = 3.4050
CLs expected asymptotic = 2.5112
CLs expected m2sigma asymptotic = 1.3625
CLs expected m1sigma asymptotic = 1.8123
CLs expected p1sigma asymptotic = 3.4881
CLs expected p2sigma asymptotic = 4.6344

CLs expected profile likelihood =  2.53291 
CLs expected m2sigma profile likelihood =  0.712064 
CLs expected m1sigma profile likelihood =  1.26072 
CLs expected p1sigma profile likelihood =  4.248
CLs expected p2sigma profile likelihood =  6.12624

scanned r = 0.712064 .766205 .820346 .874487 .928628 .982769 1.036910 1.091051 1.145192 1.199333 1.253474 1.307615 1.361756 1.415897 1.470038 1.524179 1.578320 1.632461 1.686602 1.740743 1.794884 1.849025 1.903166 1.957307 2.011448 2.065589 2.119730 2.173871 2.228012 2.282153 2.336294 2.390435 2.444576 2.498717 2.552858 2.606999 2.661140 2.715281 2.769422 2.823563 2.877704 2.931845 2.985986 3.040127 3.094268 3.148409 3.202550 3.256691 3.310832 3.364973 3.419114 3.473255 3.527396 3.581537 3.635678 3.689819 3.743960 3.798101 3.852242 3.906383 3.960524 4.014665 4.068806 4.122947 4.177088 4.231229 4.285370 4.339511 4.393652 4.447793 4.501934 4.556075 4.610216 4.664357 4.718498 4.772639 4.826780 4.880921 4.935062 4.989203 5.043344 5.097485 5.151626 5.205767 5.259908 5.314049 5.368190 5.422331 5.476472 5.530613 5.584754 5.638895 5.693036 5.747177 5.801318 5.855459 5.909600 5.963741 6.017882 6.072023 6.126164
CLs for scanned r =  0.994   0.992   0.994   1.01626   0.99   1   0.996   0.99   0.996   0.606818   0.633178   0.506944   0.587264   0.513393   0.527523   0.564286   0.468182   0.462264   0.497596   0.444712   0.411905   0.40625   0.401961   0.392157   0.383178   0.346698   0.325472   0.304762   0.277778   0.247642   0.287129   0.239691   0.204128   0.237864   0.159722   0.158019   0.185644   0.159524   0.154206   0.159091   0.157767   0.154255   0.0972222   0.120098   0.105769   0.0865385   0.0808824   0.0788288   0.0965347   0.067757   0.0714286   0.0721154   0.0618812   0.075   0.0271739   0.0537383   0.0522727   0.0325   0.0231959   0.0208333   0.0412621   0.0223214   0.0425   0.0218447   0.00505051   0.0154639   0.0186916   0.0145631   0.016055   0.0190476   0.00990099   0.0153061   0.0049505   0.00735294   0.0121359   0.00943396   0.0108696   0.00721154   0.00490196   0.00561798   0.00742574   0   0.0103093   0.00531915   0.00235849   0.0126263   0   0   0.00526316   0   0   0   0   0.00274725   0.00265957   0   0.00247525   0   0   0.00242718   0 
CLsUnc for scanned r =  0.00345369  0.00398397  0.00345369  0.0115908  0.00444972  0.00898027  0.00282276  0.00444972  0.00282276  0.0323169  0.0348871  0.0313547  0.0344941  0.0293865  0.0313072  0.034524  0.0294072  0.0311334  0.03318  0.0315112  0.0299989  0.0270182  0.0308791  0.0305125  0.0282705  0.0273797  0.0266019  0.0261035  0.0266318  0.0234382  0.0265057  0.0252097  0.0208274  0.0236825  0.0187305  0.0189355  0.0213565  0.0191755  0.0185671  0.0201072  0.0193825  0.0206262  0.0147665  0.0170742  0.0158098  0.0143229  0.0140342  0.0130914  0.015428  0.0124622  0.0135372  0.0130902  0.0123609  0.0136931  0.00863043  0.0111206  0.0107851  0.00901388  0.00774271  0.00692126  0.00998273  0.00702074  0.0103078  0.007272  0.00357161  0.00631897  0.00659116  0.00594017  0.00605067  0.00672151  0.00494951  0.00625252  0.00350018  0.00424397  0.0054234  0.00471164  0.00544423  0.00416118  0.00346553  0.00397742  0.00428662  0  0.00515783  0.00376361  0.00235782  0.00564806  0  0  0.00372357  0  0  0  0  0.00274861  0.00266042  0  0.00247512  0  0  0.00242683  0
CLb for scanned r =  1   1   1   0.984   1   0.992   1   1   1   0.88   0.856   0.864   0.848   0.896   0.872   0.84   0.88   0.848   0.832   0.832   0.84   0.896   0.816   0.816   0.856   0.848   0.848   0.84   0.792   0.848   0.808   0.776   0.872   0.824   0.864   0.848   0.808   0.84   0.856   0.792   0.824   0.752   0.864   0.816   0.832   0.832   0.816   0.888   0.808   0.856   0.784   0.832   0.808   0.8   0.736   0.856   0.88   0.8   0.776   0.864   0.824   0.896   0.8   0.824   0.792   0.776   0.856   0.824   0.872   0.84   0.808   0.784   0.808   0.816   0.824   0.848   0.736   0.832   0.816   0.712   0.808   0.784   0.776   0.752   0.848   0.792   0.768   0.824   0.76   0.776   0.792   0.776   0.8   0.728   0.752   0.76   0.808   0.792   0.768   0.824   0.824 
CLbUnc for scanned r =  0  0  0  0.0112228  0  0.00796794  0  0  0  0.0290654  0.0314024  0.0306599  0.0321118  0.0273033  0.0298819  0.0327902  0.0290654  0.0321118  0.0334396  0.0334396  0.0327902  0.0273033  0.0346576  0.0346576  0.0314024  0.0321118  0.0321118  0.0327902  0.0363027  0.0321118  0.0352291  0.0372906  0.0298819  0.0340616  0.0306599  0.0321118  0.0352291  0.0327902  0.0314024  0.0363027  0.0340616  0.038626  0.0306599  0.0346576  0.0334396  0.0334396  0.0346576  0.0282072  0.0352291  0.0314024  0.036807  0.0334396  0.0352291  0.0357771  0.0394263  0.0314024  0.0290654  0.0357771  0.0372906  0.0306599  0.0340616  0.0273033  0.0357771  0.0340616  0.0363027  0.0372906  0.0314024  0.0340616  0.0298819  0.0327902  0.0352291  0.036807  0.0352291  0.0346576  0.0340616  0.0321118  0.0394263  0.0334396  0.0346576  0.0405024  0.0352291  0.036807  0.0372906  0.038626  0.0321118  0.0363027  0.0377546  0.0340616  0.0381995  0.0372906  0.0363027  0.0372906  0.0357771  0.0398011  0.038626  0.0381995  0.0352291  0.0363027  0.0377546  0.0340616  0.0340616
CLsb for scanned r =  0.994   0.992   0.994   1   0.99   0.992   0.996   0.99   0.996   0.534   0.542   0.438   0.498   0.46   0.46   0.474   0.412   0.392   0.414   0.37   0.346   0.364   0.328   0.32   0.328   0.294   0.276   0.256   0.22   0.21   0.232   0.186   0.178   0.196   0.138   0.134   0.15   0.134   0.132   0.126   0.13   0.116   0.084   0.098   0.088   0.072   0.066   0.07   0.078   0.058   0.056   0.06   0.05   0.06   0.02   0.046   0.046   0.026   0.018   0.018   0.034   0.02   0.034   0.018   0.004   0.012   0.016   0.012   0.014   0.016   0.008   0.012   0.004   0.006   0.01   0.008   0.008   0.006   0.004   0.004   0.006   0   0.008   0.004   0.002   0.01   0   0   0.004   0   0   0   0   0.002   0.002   0   0.002   0   0   0.002   0 
CLsbUnc for scanned r =  0.00345369  0.00398397  0.00345369  0  0.00444972  0.00398397  0.00282276  0.00444972  0.00282276  0.0223089  0.0222817  0.0221881  0.0223605  0.022289  0.022289  0.0223304  0.0220116  0.0218328  0.0220274  0.0215917  0.0212736  0.0215176  0.020996  0.0208614  0.020996  0.0203747  0.0199912  0.0195174  0.0185257  0.0182154  0.0188773  0.0174014  0.0171065  0.017753  0.0154244  0.0152344  0.0159687  0.0152344  0.0151378  0.0148408  0.0150399  0.0143209  0.0124052  0.0132963  0.0126693  0.0115599  0.0111035  0.0114105  0.011993  0.0104533  0.0102824  0.0106207  0.00974679  0.0106207  0.00626099  0.00936846  0.00936846  0.00711674  0.00594575  0.00594575  0.00810481  0.00626099  0.00810481  0.00594575  0.00282276  0.0048695  0.00561142  0.0048695  0.00525433  0.00561142  0.00398397  0.0048695  0.00282276  0.00345369  0.00444972  0.00398397  0.00398397  0.00345369  0.00282276  0.00282276  0.00345369  0  0.00398397  0.00282276  0.001998  0.00444972  0  0  0.00282276  0  0  0  0  0.001998  0.001998  0  0.001998  0  0  0.001998  0
CLs observed = 3.59363
CLs observed error= 0.0261152
CLs expected = 2.54274
CLs expected error= 0.0397412
CLs expected m2sigma = 1.03691
CLs expected m2sigma error= 2.3822
CLs expected m1sigma = 1.88376
CLs expected m1sigma error= 0.0627383
CLs expected p1sigma = 3.68427
CLs expected p1sigma error= 0.0215475
CLs expected p2sigma = 5.09749
CLs expected p2sigma error= 0.10829
