# cMSSM_500_560_10_0_1_ch5.txt

 Mzero = 500
 Mhalf = 560
 TanBeta = 10
 Xsection.LO = -1
 Xsection.NLO = 0.0239751
 Luminosity = 4650
 Channel = 5
 n_channels = 1 
 data_0 = 24
 signal_0 = 0.850875
 signal_contamination_0 = 0.0486093
 qcd_0 = 1.1625
 lostle_0 = 5.44685
 tau_0 = 7.16275
 zinvis_0 = 16.01
 QCD_stat_unc = 1.11239
 lostle_trigger = 0.108937
 non-closure_uncertainties = 0.34576
 other_QCD_uncerts = 0.761638
 other_lostlepton_uncertainties = 0.654631
 other_tau_uncertainties = 0.6935
 qcd_trigger = 0.02325
 signal_stat = 0.0996132
 signal_syst = 0.112534
 signal_syst_acceptance_PDF = 0.00836643
 signal_syst_kfactor = 0.0606597
 signal_syst_xSec_PDF = 0.104547
 signal_trigger = 0.0170175
 stat_IsoMuCS = 3.94874
 statistics = 2.42
 systematic_uncertainties = 6.89
 tau_trigger = 0.143255
 zinvis_trigger = 0.3202

CLs observed asymptotic = 16.3404
CLs expected asymptotic = 19.8644
CLs expected m2sigma asymptotic = 10.7774
CLs expected m1sigma asymptotic = 14.3357
CLs expected p1sigma asymptotic = 27.5917
CLs expected p2sigma asymptotic = 36.6592

CLs expected profile likelihood =  26.2216 
CLs expected m2sigma profile likelihood =  8.41178 
CLs expected m1sigma profile likelihood =  13.4395 
CLs expected p1sigma profile likelihood =  41.4688
CLs expected p2sigma profile likelihood =  64.2116

scanned r = 8.41178 8.969778 9.527776 10.085774 10.643772 11.201770 11.759768 12.317766 12.875764 13.433762 13.991760 14.549758 15.107756 15.665754 16.223752 16.781750 17.339748 17.897746 18.455744 19.013742 19.571740 20.129738 20.687736 21.245734 21.803732 22.361730 22.919728 23.477726 24.035724 24.593722 25.151720 25.709718 26.267716 26.825714 27.383712 27.941710 28.499708 29.057706 29.615704 30.173702 30.731700 31.289698 31.847696 32.405694 32.963692 33.521690 34.079688 34.637686 35.195684 35.753682 36.311680 36.869678 37.427676 37.985674 38.543672 39.101670 39.659668 40.217666 40.775664 41.333662 41.891660 42.449658 43.007656 43.565654 44.123652 44.681650 45.239648 45.797646 46.355644 46.913642 47.471640 48.029638 48.587636 49.145634 49.703632 50.261630 50.819628 51.377626 51.935624 52.493622 53.051620 53.609618 54.167616 54.725614 55.283612 55.841610 56.399608 56.957606 57.515604 58.073602 58.631600 59.189598 59.747596 60.305594 60.863592 61.421590 61.979588 62.537586 63.095584 63.653582 64.211580
CLs for scanned r =  0.290541   0.368056   0.258065   0.175532   0.34   0.162162   0.142857   0.0965909   0.179688   0.141667   0.11875   0.0972222   0.0743243   0.0609756   0.0625   0.0384615   0.0375   0.0625   0.0163043   0.0460526   0.0337838   0.025641   0.0357143   0.00609756   0.0202703   0.0208333   0.0113636   0.00510204   0.016129   0.0182927   0   0.0138889   0   0.0121951   0   0   0   0   0.00462963   0   0   0   0   0.00490196   0   0   0   0   0   0   0   0   0   0   0   0   0   0   0   0   0   0   0   0   0   0   0   0   0   0   0   0   0   0   0   0   0   0   0   0   0   0   0   0   0   0   0   0   0   0   0   0   0   0   0   0   0   0   0   0   0 
CLsUnc for scanned r =  0.0583132  0.0704571  0.059695  0.0357929  0.0828734  0.0392867  0.0374088  0.0258371  0.0457156  0.0406059  0.0308822  0.0290378  0.0244182  0.0206229  0.0224382  0.0164221  0.0159834  0.0239017  0.00957764  0.0183734  0.0157386  0.0132155  0.0151723  0.00614128  0.0119982  0.0123447  0.00813693  0.00512852  0.011656  0.0107868  0  0.009994  0  0.00874646  0  0  0  0  0.00464931  0  0  0  0  0.00492545  0  0  0  0  0  0  0  0  0  0  0  0  0  0  0  0  0  0  0  0  0  0  0  0  0  0  0  0  0  0  0  0  0  0  0  0  0  0  0  0  0  0  0  0  0  0  0  0  0  0  0  0  0  0  0  0  0
CLb for scanned r =  0.296   0.288   0.248   0.376   0.2   0.296   0.28   0.352   0.256   0.24   0.32   0.288   0.296   0.328   0.288   0.312   0.32   0.256   0.368   0.304   0.296   0.312   0.336   0.328   0.296   0.288   0.352   0.392   0.248   0.328   0.4   0.288   0.376   0.328   0.328   0.368   0.272   0.232   0.432   0.336   0.248   0.304   0.28   0.408   0.32   0.312   0.32   0.264   0.32   0.344   0.304   0.296   0.304   0.352   0.312   0.352   0.368   0.264   0.376   0.344   0.328   0.296   0.352   0.336   0.288   0.312   0.336   0.28   0.288   0.344   0.288   0.408   0.376   0.384   0.28   0.264   0.368   0.328   0.328   0.392   0.328   0.344   0.384   0.368   0.408   0.336   0.256   0.304   0.304   0.432   0.352   0.368   0.336   0.304   0.32   0.28   0.344   0.328   0.336   0.376   0.384 
CLbUnc for scanned r =  0.0408298  0.0405024  0.038626  0.0433243  0.0357771  0.0408298  0.0401597  0.0427173  0.0390348  0.0381995  0.0417229  0.0405024  0.0408298  0.041992  0.0405024  0.0414397  0.0417229  0.0390348  0.0431348  0.0411421  0.0408298  0.0414397  0.0422473  0.041992  0.0408298  0.0405024  0.0427173  0.0436656  0.038626  0.041992  0.0438178  0.0405024  0.0433243  0.041992  0.041992  0.0431348  0.0398011  0.0377546  0.0443058  0.0422473  0.038626  0.0411421  0.0401597  0.0439578  0.0417229  0.0414397  0.0417229  0.0394263  0.0417229  0.042489  0.0411421  0.0408298  0.0411421  0.0427173  0.0414397  0.0427173  0.0431348  0.0394263  0.0433243  0.042489  0.041992  0.0408298  0.0427173  0.0422473  0.0405024  0.0414397  0.0422473  0.0401597  0.0405024  0.042489  0.0405024  0.0439578  0.0433243  0.0435012  0.0401597  0.0394263  0.0431348  0.041992  0.041992  0.0436656  0.041992  0.042489  0.0435012  0.0431348  0.0439578  0.0422473  0.0390348  0.0411421  0.0411421  0.0443058  0.0427173  0.0431348  0.0422473  0.0411421  0.0417229  0.0401597  0.042489  0.041992  0.0422473  0.0433243  0.0435012
CLsb for scanned r =  0.086   0.106   0.064   0.066   0.068   0.048   0.04   0.034   0.046   0.034   0.038   0.028   0.022   0.02   0.018   0.012   0.012   0.016   0.006   0.014   0.01   0.008   0.012   0.002   0.006   0.006   0.004   0.002   0.004   0.006   0   0.004   0   0.004   0   0   0   0   0.002   0   0   0   0   0.002   0   0   0   0   0   0   0   0   0   0   0   0   0   0   0   0   0   0   0   0   0   0   0   0   0   0   0   0   0   0   0   0   0   0   0   0   0   0   0   0   0   0   0   0   0   0   0   0   0   0   0   0   0   0   0   0   0 
CLsbUnc for scanned r =  0.0125383  0.0137669  0.0109457  0.0111035  0.0112584  0.00955992  0.00876356  0.00810481  0.00936846  0.00810481  0.00855056  0.0073778  0.00655988  0.00626099  0.00594575  0.0048695  0.0048695  0.00561142  0.00345369  0.00525433  0.00444972  0.00398397  0.0048695  0.001998  0.00345369  0.00345369  0.00282276  0.001998  0.00282276  0.00345369  0  0.00282276  0  0.00282276  0  0  0  0  0.001998  0  0  0  0  0.001998  0  0  0  0  0  0  0  0  0  0  0  0  0  0  0  0  0  0  0  0  0  0  0  0  0  0  0  0  0  0  0  0  0  0  0  0  0  0  0  0  0  0  0  0  0  0  0  0  0  0  0  0  0  0  0  0  0
CLs observed = 16.2816
CLs observed error= 0.480358
CLs expected = 19.3603
CLs expected error= 0.284475
CLs expected m2sigma = 8.41178
CLs expected m2sigma error= 6.69602
CLs expected m1sigma = 14.4285
CLs expected m1sigma error= 0.570154
CLs expected p1sigma = 30.2636
CLs expected p1sigma error= 0.387486
CLs expected p2sigma = 42.4831
CLs expected p2sigma error= 0.171226
