# cMSSM_1000_400_10_0_1_ch11.txt

 Mzero = 1000
 Mhalf = 400
 TanBeta = 10
 Xsection.LO = -1
 Xsection.NLO = 0.12088
 Luminosity = 4650
 Channel = 11
 n_channels = 1 
 data_0 = 29
 signal_0 = 1.52564
 signal_contamination_0 = 0.0790282
 qcd_0 = 11.6651
 lostle_0 = 4.1961
 tau_0 = 6.17379
 zinvis_0 = 3.108
 QCD_stat_unc = 3.40733
 lostle_trigger = 0.0839219
 non-closure_uncertainties = 0.26521
 other_QCD_uncerts = 7.56627
 other_lostlepton_uncertainties = 0.492234
 other_tau_uncertainties = 0.7375
 qcd_trigger = 0.233302
 signal_stat = 0.298739
 signal_syst = 0.284761
 signal_syst_acceptance_PDF = 0.00575866
 signal_syst_kfactor = 0.0460971
 signal_syst_xSec_PDF = 0.332597
 signal_trigger = 0.0305128
 stat_IsoMuCS = 3.49709
 statistics = 0.984
 systematic_uncertainties = 1.714
 tau_trigger = 0.123476
 zinvis_trigger = 0.06216

CLs observed asymptotic = 16.1993
CLs expected asymptotic = 14.0554
CLs expected m2sigma asymptotic = 7.6258
CLs expected m1sigma asymptotic = 10.1434
CLs expected p1sigma asymptotic = 19.5230
CLs expected p2sigma asymptotic = 25.9389

CLs expected profile likelihood =  16.0372 
CLs expected m2sigma profile likelihood =  4.83087 
CLs expected m1sigma profile likelihood =  7.60739 
CLs expected p1sigma profile likelihood =  27.3041
CLs expected p2sigma profile likelihood =  51.1673

scanned r = 4.83087 5.294234 5.757598 6.220962 6.684326 7.147690 7.611054 8.074418 8.537782 9.001146 9.464510 9.927874 10.391238 10.854602 11.317966 11.781330 12.244694 12.708058 13.171422 13.634786 14.098150 14.561514 15.024878 15.488242 15.951606 16.414970 16.878334 17.341698 17.805062 18.268426 18.731790 19.195154 19.658518 20.121882 20.585246 21.048610 21.511974 21.975338 22.438702 22.902066 23.365430 23.828794 24.292158 24.755522 25.218886 25.682250 26.145614 26.608978 27.072342 27.535706 27.999070 28.462434 28.925798 29.389162 29.852526 30.315890 30.779254 31.242618 31.705982 32.169346 32.632710 33.096074 33.559438 34.022802 34.486166 34.949530 35.412894 35.876258 36.339622 36.802986 37.266350 37.729714 38.193078 38.656442 39.119806 39.583170 40.046534 40.509898 40.973262 41.436626 41.899990 42.363354 42.826718 43.290082 43.753446 44.216810 44.680174 45.143538 45.606902 46.070266 46.533630 46.996994 47.460358 47.923722 48.387086 48.850450 49.313814 49.777178 50.240542 50.703906 51.167270
CLs for scanned r =  0.604592   0.561111   0.58908   0.447917   0.45977   0.426966   0.360825   0.357527   0.338415   0.331522   0.263298   0.264045   0.239362   0.194118   0.191176   0.17268   0.188144   0.154762   0.126374   0.14375   0.126506   0.127907   0.1   0.106707   0.0714286   0.0947368   0.0566667   0.0526316   0.0454545   0.0393258   0.0517241   0.0340909   0.0344828   0.03125   0.0238095   0.0194805   0.0255682   0.0060241   0.0140449   0.0176471   0.00574713   0.0208333   0.00892857   0.00581395   0.00872093   0.00862069   0   0.00324675   0.00537634   0   0.00277778   0.00914634   0.00274725   0.00308642   0   0.00324675   0.00632911   0.00367647   0.00287356   0.00632911   0.00588235   0.003125   0   0   0   0   0.00301205   0   0.00308642   0   0   0   0   0   0   0   0   0   0   0   0   0   0   0   0   0   0   0   0   0   0   0   0   0   0   0   0   0   0   0   0 
CLsUnc for scanned r =  0.040211  0.043686  0.0470243  0.035356  0.0404604  0.0377446  0.0311485  0.0325162  0.035821  0.0315665  0.0272857  0.0287727  0.0259455  0.0252474  0.0250356  0.0213137  0.0222678  0.0224994  0.0190519  0.0223803  0.0203426  0.0199613  0.0169967  0.0187169  0.0141873  0.0159384  0.0141277  0.0118306  0.0114869  0.0106008  0.0123544  0.00992139  0.0100432  0.00949263  0.00848183  0.00802384  0.00857487  0.0042684  0.00630047  0.00724242  0.0040699  0.00792658  0.00516962  0.00411777  0.00504731  0.0049883  0  0.0032516  0.00380451  0  0.00277932  0.005298  0.00274861  0.00309004  0  0.0032516  0.00448724  0.00368511  0.00287571  0.00448724  0.00416679  0.0031289  0  0  0  0  0.00301513  0  0.00309004  0  0  0  0  0  0  0  0  0  0  0  0  0  0  0  0  0  0  0  0  0  0  0  0  0  0  0  0  0  0  0  0
CLb for scanned r =  0.784   0.72   0.696   0.768   0.696   0.712   0.776   0.744   0.656   0.736   0.752   0.712   0.752   0.68   0.68   0.776   0.776   0.672   0.728   0.64   0.664   0.688   0.72   0.656   0.728   0.76   0.6   0.76   0.704   0.712   0.696   0.704   0.696   0.704   0.672   0.616   0.704   0.664   0.712   0.68   0.696   0.672   0.672   0.688   0.688   0.696   0.592   0.616   0.744   0.648   0.72   0.656   0.728   0.648   0.576   0.616   0.632   0.544   0.696   0.632   0.68   0.64   0.664   0.664   0.608   0.528   0.664   0.664   0.648   0.528   0.624   0.664   0.544   0.672   0.672   0.648   0.68   0.6   0.608   0.632   0.656   0.592   0.592   0.72   0.664   0.552   0.56   0.72   0.624   0.64   0.632   0.624   0.624   0.632   0.648   0.576   0.624   0.568   0.568   0.64   0.584 
CLbUnc for scanned r =  0.036807  0.0401597  0.0411421  0.0377546  0.0411421  0.0405024  0.0372906  0.0390348  0.042489  0.0394263  0.038626  0.0405024  0.038626  0.0417229  0.0417229  0.0372906  0.0372906  0.041992  0.0398011  0.0429325  0.0422473  0.0414397  0.0401597  0.042489  0.0398011  0.0381995  0.0438178  0.0381995  0.0408298  0.0405024  0.0411421  0.0408298  0.0411421  0.0408298  0.041992  0.0435012  0.0408298  0.0422473  0.0405024  0.0417229  0.0411421  0.041992  0.041992  0.0414397  0.0414397  0.0411421  0.0439578  0.0435012  0.0390348  0.0427173  0.0401597  0.042489  0.0398011  0.0427173  0.0442017  0.0435012  0.0431348  0.0445479  0.0411421  0.0431348  0.0417229  0.0429325  0.0422473  0.0422473  0.0436656  0.0446512  0.0422473  0.0422473  0.0427173  0.0446512  0.0433243  0.0422473  0.0445479  0.041992  0.041992  0.0427173  0.0417229  0.0438178  0.0436656  0.0431348  0.042489  0.0439578  0.0439578  0.0401597  0.0422473  0.0444788  0.0443982  0.0401597  0.0433243  0.0429325  0.0431348  0.0433243  0.0433243  0.0431348  0.0427173  0.0442017  0.0433243  0.0443058  0.0443058  0.0429325  0.0440857
CLsb for scanned r =  0.474   0.404   0.41   0.344   0.32   0.304   0.28   0.266   0.222   0.244   0.198   0.188   0.18   0.132   0.13   0.134   0.146   0.104   0.092   0.092   0.084   0.088   0.072   0.07   0.052   0.072   0.034   0.04   0.032   0.028   0.036   0.024   0.024   0.022   0.016   0.012   0.018   0.004   0.01   0.012   0.004   0.014   0.006   0.004   0.006   0.006   0   0.002   0.004   0   0.002   0.006   0.002   0.002   0   0.002   0.004   0.002   0.002   0.004   0.004   0.002   0   0   0   0   0.002   0   0.002   0   0   0   0   0   0   0   0   0   0   0   0   0   0   0   0   0   0   0   0   0   0   0   0   0   0   0   0   0   0   0   0 
CLsbUnc for scanned r =  0.0223304  0.0219447  0.0219955  0.0212445  0.0208614  0.020571  0.0200798  0.0197608  0.0185858  0.0192075  0.0178211  0.0174732  0.0171814  0.0151378  0.0150399  0.0152344  0.0157914  0.0136517  0.0129256  0.0129256  0.0124052  0.0126693  0.0115599  0.0114105  0.00992935  0.0115599  0.00810481  0.00876356  0.00787096  0.0073778  0.00833115  0.00684456  0.00684456  0.00655988  0.00561142  0.0048695  0.00594575  0.00282276  0.00444972  0.0048695  0.00282276  0.00525433  0.00345369  0.00282276  0.00345369  0.00345369  0  0.001998  0.00282276  0  0.001998  0.00345369  0.001998  0.001998  0  0.001998  0.00282276  0.001998  0.001998  0.00282276  0.00282276  0.001998  0  0  0  0  0.001998  0  0.001998  0  0  0  0  0  0  0  0  0  0  0  0  0  0  0  0  0  0  0  0  0  0  0  0  0  0  0  0  0  0  0  0
CLs observed = 17.8615
CLs observed error= 0.25957
CLs expected = 14.0097
CLs expected error= 0.315004
CLs expected m2sigma = 6.22096
CLs expected m2sigma error= 0.92673
CLs expected m1sigma = 8.80554
CLs expected m1sigma error= 0.42207
CLs expected p1sigma = 21.2116
CLs expected p1sigma error= 0.312332
CLs expected p2sigma = 32.0512
CLs expected p2sigma error= 0.319548
