# cMSSM_2500_240_10_0_1_ch9.txt

 Mzero = 2500
 Mhalf = 240
 TanBeta = 10
 Xsection.LO = -1
 Xsection.NLO = 2.29006
 Luminosity = 4980
 Channel = 9
 n_channels = 1 
 data_0 = 12
 signal_0 = 7.87177
 signal_contamination_0 = 1.4637
 qcd_0 = 0.440974
 lostle_0 = 4.97294
 tau_0 = 2.88046
 zinvis_0 = 5.454
 QCD_stat_unc = 0.61135
 lostle_trigger = 0.0994588
 lostlepton_uncertainties = 0.692405
 other_QCD_uncerts = 0.28062
 other_syst = 2.36531
 other_tau_uncertainties = 0.243
 qcd_trigger = 0.00881948
 signal_stat = 3.05349
 signal_syst_kfactor = 0.054437
 signal_syst_xSec_PDF = 1.70149
 signal_trigger = 0.157435
 stat_IsoMuCS = 5.54719
 statistics = 1.464
 systematic_uncertainties = 3.209
 tau_non-closure = 0.16307
 tau_trigger = 0.0576092
 zinvis_trigger = 0.10908

CLs observed asymptotic = 2.0861
CLs expected asymptotic = 2.3047
CLs expected m2sigma asymptotic = 1.2504
CLs expected m1sigma asymptotic = 1.6633
CLs expected p1sigma asymptotic = 3.2013
CLs expected p2sigma asymptotic = 4.2533

CLs expected profile likelihood =  3.02986 
CLs expected m2sigma profile likelihood =  0.739712 
CLs expected m1sigma profile likelihood =  1.30598 
CLs expected p1sigma profile likelihood =  5.91047
CLs expected p2sigma profile likelihood =  9.14076

scanned r = 0.739712 .823722 .907732 .991742 1.075752 1.159762 1.243772 1.327782 1.411792 1.495802 1.579812 1.663822 1.747832 1.831842 1.915852 1.999862 2.083872 2.167882 2.251892 2.335902 2.419912 2.503922 2.587932 2.671942 2.755952 2.839962 2.923972 3.007982 3.091992 3.176002 3.260012 3.344022 3.428032 3.512042 3.596052 3.680062 3.764072 3.848082 3.932092 4.016102 4.100112 4.184122 4.268132 4.352142 4.436152 4.520162 4.604172 4.688182 4.772192 4.856202 4.940212 5.024222 5.108232 5.192242 5.276252 5.360262 5.444272 5.528282 5.612292 5.696302 5.780312 5.864322 5.948332 6.032342 6.116352 6.200362 6.284372 6.368382 6.452392 6.536402 6.620412 6.704422 6.788432 6.872442 6.956452 7.040462 7.124472 7.208482 7.292492 7.376502 7.460512 7.544522 7.628532 7.712542 7.796552 7.880562 7.964572 8.048582 8.132592 8.216602 8.300612 8.384622 8.468632 8.552642 8.636652 8.720662 8.804672 8.888682 8.972692 9.056702 9.140712
CLs for scanned r =  0.409091   0.337963   0.340909   0.316964   0.266949   0.226562   0.208333   0.25   0.148438   0.133333   0.0878378   0.125   0.151961   0.138889   0.0791667   0.0507246   0.0746269   0.0576923   0.0517241   0.0231481   0.0357143   0.015873   0.0336538   0.012931   0.045   0.0215517   0.0127119   0.00462963   0.0324074   0.0211864   0.00462963   0.0125   0.0120968   0.00423729   0   0.00847458   0.00471698   0.0141509   0.0131579   0   0   0.00925926   0.00328947   0   0.00454545   0   0.00431034   0.00409836   0   0.00396825   0   0   0   0   0.0078125   0   0   0   0   0   0   0   0   0.00396825   0   0.00367647   0   0   0   0   0   0   0   0   0   0.00471698   0   0   0   0   0   0   0   0   0   0   0   0   0   0   0   0   0   0   0   0   0   0   0   0   0 
CLsUnc for scanned r =  0.0568223  0.0503748  0.0500047  0.046951  0.040328  0.03426  0.0340207  0.0400892  0.0265287  0.0259629  0.0179961  0.0286411  0.0310929  0.0284135  0.0192781  0.0139766  0.0174897  0.015486  0.0155667  0.0105703  0.0151723  0.00802919  0.0131245  0.00754639  0.0156605  0.00981116  0.00741531  0.00464931  0.0126088  0.00963806  0.00464931  0.00897044  0.00704799  0.00425199  0  0.00603393  0.00473785  0.00827801  0.0076822  0  0  0.00660282  0.00329466  0  0.00456401  0  0.00432592  0.00411144  0  0.00397989  0  0  0  0  0.00555526  0  0  0  0  0  0  0  0  0.00397989  0  0.00368511  0  0  0  0  0  0  0  0  0  0.00473785  0  0  0  0  0  0  0  0  0  0  0  0  0  0  0  0  0  0  0  0  0  0  0  0  0
CLb for scanned r =  0.44   0.432   0.44   0.448   0.472   0.512   0.48   0.448   0.512   0.48   0.592   0.384   0.408   0.432   0.48   0.552   0.536   0.52   0.464   0.432   0.336   0.504   0.416   0.464   0.4   0.464   0.472   0.432   0.432   0.472   0.432   0.32   0.496   0.472   0.488   0.472   0.424   0.424   0.456   0.464   0.496   0.432   0.608   0.488   0.44   0.544   0.464   0.488   0.496   0.504   0.496   0.416   0.464   0.4   0.512   0.592   0.456   0.56   0.432   0.48   0.464   0.432   0.456   0.504   0.44   0.544   0.384   0.48   0.464   0.408   0.536   0.464   0.352   0.44   0.432   0.424   0.496   0.504   0.504   0.456   0.424   0.44   0.464   0.504   0.472   0.592   0.552   0.456   0.52   0.392   0.536   0.584   0.504   0.512   0.464   0.4   0.48   0.464   0.488   0.4   0.472 
CLbUnc for scanned r =  0.0443982  0.0443058  0.0443982  0.0444788  0.0446512  0.0447085  0.0446856  0.0444788  0.0447085  0.0446856  0.0439578  0.0435012  0.0439578  0.0443058  0.0446856  0.0444788  0.0446053  0.0446856  0.0446053  0.0443058  0.0422473  0.0447199  0.0440857  0.0446053  0.0438178  0.0446053  0.0446512  0.0443058  0.0443058  0.0446512  0.0443058  0.0417229  0.0447199  0.0446512  0.0447085  0.0446512  0.0442017  0.0442017  0.0445479  0.0446053  0.0447199  0.0443058  0.0436656  0.0447085  0.0443982  0.0445479  0.0446053  0.0447085  0.0447199  0.0447199  0.0447199  0.0440857  0.0446053  0.0438178  0.0447085  0.0439578  0.0445479  0.0443982  0.0443058  0.0446856  0.0446053  0.0443058  0.0445479  0.0447199  0.0443982  0.0445479  0.0435012  0.0446856  0.0446053  0.0439578  0.0446053  0.0446053  0.0427173  0.0443982  0.0443058  0.0442017  0.0447199  0.0447199  0.0447199  0.0445479  0.0442017  0.0443982  0.0446053  0.0447199  0.0446512  0.0439578  0.0444788  0.0445479  0.0446856  0.0436656  0.0446053  0.0440857  0.0447199  0.0447085  0.0446053  0.0438178  0.0446856  0.0446053  0.0447085  0.0438178  0.0446512
CLsb for scanned r =  0.18   0.146   0.15   0.142   0.126   0.116   0.1   0.112   0.076   0.064   0.052   0.048   0.062   0.06   0.038   0.028   0.04   0.03   0.024   0.01   0.012   0.008   0.014   0.006   0.018   0.01   0.006   0.002   0.014   0.01   0.002   0.004   0.006   0.002   0   0.004   0.002   0.006   0.006   0   0   0.004   0.002   0   0.002   0   0.002   0.002   0   0.002   0   0   0   0   0.004   0   0   0   0   0   0   0   0   0.002   0   0.002   0   0   0   0   0   0   0   0   0   0.002   0   0   0   0   0   0   0   0   0   0   0   0   0   0   0   0   0   0   0   0   0   0   0   0   0 
CLsbUnc for scanned r =  0.0171814  0.0157914  0.0159687  0.01561  0.0148408  0.0143209  0.0134164  0.0141036  0.0118511  0.0109457  0.00992935  0.00955992  0.0107848  0.0106207  0.00855056  0.0073778  0.00876356  0.00762889  0.00684456  0.00444972  0.0048695  0.00398397  0.00525433  0.00345369  0.00594575  0.00444972  0.00345369  0.001998  0.00525433  0.00444972  0.001998  0.00282276  0.00345369  0.001998  0  0.00282276  0.001998  0.00345369  0.00345369  0  0  0.00282276  0.001998  0  0.001998  0  0.001998  0.001998  0  0.001998  0  0  0  0  0.00282276  0  0  0  0  0  0  0  0  0.001998  0  0.001998  0  0  0  0  0  0  0  0  0  0.001998  0  0  0  0  0  0  0  0  0  0  0  0  0  0  0  0  0  0  0  0  0  0  0  0  0
CLs observed = 2.13869
CLs observed error= 0.0413166
CLs expected = 2.15715
CLs expected error= 0.049176
CLs expected m2sigma = 0.739712
CLs expected m2sigma error= 1.09213
CLs expected m1sigma = 1.43871
CLs expected m1sigma error= 0.0770397
CLs expected p1sigma = 3.79487
CLs expected p1sigma error= 0.0563478
CLs expected p2sigma = 6.62615
CLs expected p2sigma error= 0.0513911
