# cMSSM_2500_240_10_0_1_ch5.txt

 Mzero = 2500
 Mhalf = 240
 TanBeta = 10
 Xsection.LO = -1
 Xsection.NLO = 2.29006
 Luminosity = 4980
 Channel = 5
 n_channels = 1 
 data_0 = 24
 signal_0 = 6.788
 signal_contamination_0 = 0.603965
 qcd_0 = 1.16257
 lostle_0 = 5.44703
 tau_0 = 7.16275
 zinvis_0 = 16.01
 QCD_stat_unc = 1.11246
 lostle_trigger = 0.108941
 lostlepton_uncertainties = 0.780673
 other_QCD_uncerts = 0.761682
 other_syst = 1.05322
 other_tau_uncertainties = 0.6935
 qcd_trigger = 0.0232514
 signal_stat = 2.83538
 signal_syst_kfactor = 0.0469423
 signal_syst_xSec_PDF = 1.44855
 signal_trigger = 0.13576
 stat_IsoMuCS = 3.94881
 statistics = 2.42
 systematic_uncertainties = 6.89
 tau_non-closure = 0.40549
 tau_trigger = 0.143255
 zinvis_trigger = 0.3202

CLs observed asymptotic = 2.5211
CLs expected asymptotic = 3.2233
CLs expected m2sigma asymptotic = 1.7488
CLs expected m1sigma asymptotic = 2.3262
CLs expected p1sigma asymptotic = 4.4772
CLs expected p2sigma asymptotic = 5.9485

CLs expected profile likelihood =  3.63317 
CLs expected m2sigma profile likelihood =  1.15582 
CLs expected m1sigma profile likelihood =  2.03955 
CLs expected p1sigma profile likelihood =  7.6789
CLs expected p2sigma profile likelihood =  11.0262

scanned r = 1.15582 1.254523 1.353226 1.451929 1.550632 1.649335 1.748038 1.846741 1.945444 2.044147 2.142850 2.241553 2.340256 2.438959 2.537662 2.636365 2.735068 2.833771 2.932474 3.031177 3.129880 3.228583 3.327286 3.425989 3.524692 3.623395 3.722098 3.820801 3.919504 4.018207 4.116910 4.215613 4.314316 4.413019 4.511722 4.610425 4.709128 4.807831 4.906534 5.005237 5.103940 5.202643 5.301346 5.400049 5.498752 5.597455 5.696158 5.794861 5.893564 5.992267 6.090970 6.189673 6.288376 6.387079 6.485782 6.584485 6.683188 6.781891 6.880594 6.979297 7.078000 7.176703 7.275406 7.374109 7.472812 7.571515 7.670218 7.768921 7.867624 7.966327 8.065030 8.163733 8.262436 8.361139 8.459842 8.558545 8.657248 8.755951 8.854654 8.953357 9.052060 9.150763 9.249466 9.348169 9.446872 9.545575 9.644278 9.742981 9.841684 9.940387 10.039090 10.137793 10.236496 10.335199 10.433902 10.532605 10.631308 10.730011 10.828714 10.927417 11.026120
CLs for scanned r =  0.210227   0.238636   0.222973   0.25   0.241935   0.185714   0.166667   0.0961538   0.164634   0.1   0.0853659   0.101064   0.0859375   0.0523256   0.0290698   0.0571429   0.05   0.0675676   0.0523256   0.0357143   0.0170455   0.0260417   0.012931   0.027027   0.0111111   0.0170455   0.0265957   0.0163043   0.0104167   0.00462963   0.00462963   0   0.00568182   0.0111111   0   0.0111111   0.0106383   0   0.00675676   0   0.0166667   0.00520833   0   0.00490196   0   0   0   0.00641026   0   0   0   0.00735294   0   0.00568182   0   0   0   0   0   0   0   0   0   0   0   0   0   0   0   0   0   0   0   0   0   0   0   0   0   0   0   0   0.00555556   0   0   0   0   0   0   0   0   0   0   0   0   0   0   0   0   0   0 
CLsUnc for scanned r =  0.0419161  0.0456144  0.0485088  0.05  0.0570431  0.0443515  0.0370899  0.0234013  0.037335  0.0278388  0.0250078  0.025549  0.0287806  0.018453  0.0134243  0.0216519  0.0187083  0.0231143  0.018453  0.0151723  0.0100273  0.0119574  0.00754639  0.0139661  0.00795219  0.0100273  0.0122247  0.00957764  0.00744506  0.00464931  0.00464931  0  0.00571786  0.00795219  0  0.00795219  0.00760677  0  0.00681404  0  0.00979733  0.00523647  0  0.00492545  0  0  0  0.00646019  0  0  0  0.00742396  0  0.00571786  0  0  0  0  0  0  0  0  0  0  0  0  0  0  0  0  0  0  0  0  0  0  0  0  0  0  0  0  0.0055894  0  0  0  0  0  0  0  0  0  0  0  0  0  0  0  0  0  0
CLb for scanned r =  0.352   0.352   0.296   0.32   0.248   0.28   0.336   0.416   0.328   0.32   0.328   0.376   0.256   0.344   0.344   0.28   0.32   0.296   0.344   0.336   0.352   0.384   0.464   0.296   0.36   0.352   0.376   0.368   0.384   0.432   0.432   0.384   0.352   0.36   0.232   0.36   0.376   0.328   0.296   0.36   0.36   0.384   0.456   0.408   0.32   0.328   0.328   0.312   0.32   0.336   0.328   0.272   0.336   0.352   0.376   0.408   0.36   0.36   0.352   0.36   0.4   0.344   0.376   0.328   0.392   0.384   0.4   0.384   0.304   0.408   0.272   0.368   0.4   0.384   0.392   0.392   0.392   0.336   0.376   0.344   0.392   0.248   0.36   0.408   0.328   0.344   0.344   0.36   0.4   0.328   0.368   0.376   0.352   0.392   0.328   0.4   0.376   0.36   0.32   0.432   0.392 
CLbUnc for scanned r =  0.0427173  0.0427173  0.0408298  0.0417229  0.038626  0.0401597  0.0422473  0.0440857  0.041992  0.0417229  0.041992  0.0433243  0.0390348  0.042489  0.042489  0.0401597  0.0417229  0.0408298  0.042489  0.0422473  0.0427173  0.0435012  0.0446053  0.0408298  0.0429325  0.0427173  0.0433243  0.0431348  0.0435012  0.0443058  0.0443058  0.0435012  0.0427173  0.0429325  0.0377546  0.0429325  0.0433243  0.041992  0.0408298  0.0429325  0.0429325  0.0435012  0.0445479  0.0439578  0.0417229  0.041992  0.041992  0.0414397  0.0417229  0.0422473  0.041992  0.0398011  0.0422473  0.0427173  0.0433243  0.0439578  0.0429325  0.0429325  0.0427173  0.0429325  0.0438178  0.042489  0.0433243  0.041992  0.0436656  0.0435012  0.0438178  0.0435012  0.0411421  0.0439578  0.0398011  0.0431348  0.0438178  0.0435012  0.0436656  0.0436656  0.0436656  0.0422473  0.0433243  0.042489  0.0436656  0.038626  0.0429325  0.0439578  0.041992  0.042489  0.042489  0.0429325  0.0438178  0.041992  0.0431348  0.0433243  0.0427173  0.0436656  0.041992  0.0438178  0.0433243  0.0429325  0.0417229  0.0443058  0.0436656
CLsb for scanned r =  0.074   0.084   0.066   0.08   0.06   0.052   0.056   0.04   0.054   0.032   0.028   0.038   0.022   0.018   0.01   0.016   0.016   0.02   0.018   0.012   0.006   0.01   0.006   0.008   0.004   0.006   0.01   0.006   0.004   0.002   0.002   0   0.002   0.004   0   0.004   0.004   0   0.002   0   0.006   0.002   0   0.002   0   0   0   0.002   0   0   0   0.002   0   0.002   0   0   0   0   0   0   0   0   0   0   0   0   0   0   0   0   0   0   0   0   0   0   0   0   0   0   0   0   0.002   0   0   0   0   0   0   0   0   0   0   0   0   0   0   0   0   0   0 
CLsbUnc for scanned r =  0.0117068  0.0124052  0.0111035  0.0121326  0.0106207  0.00992935  0.0102824  0.00876356  0.0101078  0.00787096  0.0073778  0.00855056  0.00655988  0.00594575  0.00444972  0.00561142  0.00561142  0.00626099  0.00594575  0.0048695  0.00345369  0.00444972  0.00345369  0.00398397  0.00282276  0.00345369  0.00444972  0.00345369  0.00282276  0.001998  0.001998  0  0.001998  0.00282276  0  0.00282276  0.00282276  0  0.001998  0  0.00345369  0.001998  0  0.001998  0  0  0  0.001998  0  0  0  0.001998  0  0.001998  0  0  0  0  0  0  0  0  0  0  0  0  0  0  0  0  0  0  0  0  0  0  0  0  0  0  0  0  0.001998  0  0  0  0  0  0  0  0  0  0  0  0  0  0  0  0  0  0
CLs observed = 2.59608
CLs observed error= 0.0812173
CLs expected = 3.01735
CLs expected error= 0.0696652
CLs expected m2sigma = 1.15582
CLs expected m2sigma error= 0.19741
CLs expected m1sigma = 1.94452
CLs expected m1sigma error= 0.0877139
CLs expected p1sigma = 5.23431
CLs expected p1sigma error= 0.108012
CLs expected p2sigma = 9.54444
CLs expected p2sigma error= 0.0124025
