# cMSSM_1000_400_10_0_1_ch1.txt

 Mzero = 1000
 Mhalf = 400
 TanBeta = 10
 Xsection.LO = -1
 Xsection.NLO = 0.12088
 Luminosity = 4980
 Channel = 1
 n_channels = 1 
 data_0 = 236
 signal_0 = 1.89823
 signal_contamination_0 = 0.169434
 qcd_0 = 2.19485
 lostle_0 = 47.8128
 tau_0 = 62.506
 zinvis_0 = 112.3
 QCD_stat_unc = 1.57348
 lostle_trigger = 0.956257
 lostlepton_uncertainties = 6.86592
 other_QCD_uncerts = 1.47325
 other_syst = 0.149666
 other_tau_uncertainties = 4.48
 qcd_trigger = 0.043897
 signal_stat = 0.344924
 signal_syst_kfactor = 0.057355
 signal_syst_xSec_PDF = 0.510502
 signal_trigger = 0.0379646
 stat_IsoMuCS = 10.9427
 statistics = 6.7
 systematic_uncertainties = 26.5
 tau_non-closure = 3.53855
 tau_trigger = 1.25012
 zinvis_trigger = 2.246

CLs observed asymptotic = 45.7460
CLs expected asymptotic = 19.8503
CLs expected m2sigma asymptotic = 10.7698
CLs expected m1sigma asymptotic = 14.3255
CLs expected p1sigma asymptotic = 27.5721
CLs expected p2sigma asymptotic = 36.6332

CLs expected profile likelihood =  37.6582 
CLs expected m2sigma profile likelihood =  13.639 
CLs expected m1sigma profile likelihood =  20.4053 
CLs expected p1sigma profile likelihood =  71.1572
CLs expected p2sigma profile likelihood =  102.766

scanned r = 13.639 14.530270 15.421540 16.312810 17.204080 18.095350 18.986620 19.877890 20.769160 21.660430 22.551700 23.442970 24.334240 25.225510 26.116780 27.008050 27.899320 28.790590 29.681860 30.573130 31.464400 32.355670 33.246940 34.138210 35.029480 35.920750 36.812020 37.703290 38.594560 39.485830 40.377100 41.268370 42.159640 43.050910 43.942180 44.833450 45.724720 46.615990 47.507260 48.398530 49.289800 50.181070 51.072340 51.963610 52.854880 53.746150 54.637420 55.528690 56.419960 57.311230 58.202500 59.093770 59.985040 60.876310 61.767580 62.658850 63.550120 64.441390 65.332660 66.223930 67.115200 68.006470 68.897740 69.789010 70.680280 71.571550 72.462820 73.354090 74.245360 75.136630 76.027900 76.919170 77.810440 78.701710 79.592980 80.484250 81.375520 82.266790 83.158060 84.049330 84.940600 85.831870 86.723140 87.614410 88.505680 89.396950 90.288220 91.179490 92.070760 92.962030 93.853300 94.744570 95.635840 96.527110 97.418380 98.309650 99.200920 100.092190 100.983460 101.874730 102.766000
CLs for scanned r =  0.647436   0.465054   0.470109   0.460674   0.432065   0.526667   0.461765   0.468023   0.408228   0.449324   0.406977   0.395833   0.301829   0.311728   0.296512   0.340625   0.271605   0.270349   0.20977   0.25   0.16369   0.202532   0.21875   0.158537   0.162791   0.186747   0.103659   0.17284   0.0930233   0.060241   0.0581395   0.0965909   0.058642   0.0718391   0.0451807   0.076087   0.0617647   0.0331325   0.06   0.0505618   0.0519481   0.027439   0.0401235   0.0229885   0.0352941   0.0352564   0.0253165   0.0216049   0.025641   0.0208333   0.0264706   0.0480769   0.0154321   0.0158228   0.00974026   0.0147059   0.0166667   0.0125   0.0120482   0.00704225   0.00581395   0.01875   0.00308642   0   0.00588235   0.00574713   0.00657895   0   0   0   0.00357143   0   0.00308642   0.00287356   0.00632911   0.00625   0   0.00301205   0.00280899   0   0   0   0.00301205   0.00294118   0.00304878   0   0.00316456   0.00294118   0   0   0   0   0.003125   0   0   0   0   0.00320513   0   0   0 
CLsUnc for scanned r =  0.0570736  0.037589  0.038336  0.0394503  0.0365571  0.0517701  0.0416463  0.0414381  0.0416516  0.0471947  0.0381143  0.0384255  0.0334692  0.0344973  0.0317029  0.0368038  0.0318013  0.0300812  0.0258561  0.0299898  0.0231994  0.0273854  0.0307512  0.0232059  0.0227238  0.0251778  0.0184288  0.0245668  0.0168672  0.0137434  0.0132103  0.0169449  0.0137499  0.0146337  0.0118435  0.0145531  0.0137256  0.0101017  0.0145602  0.0120494  0.0132937  0.00923625  0.0112966  0.0081761  0.0102958  0.0107939  0.00904539  0.00823267  0.00916718  0.00792658  0.00889332  0.0126733  0.0069418  0.00712303  0.00564868  0.00660562  0.00751542  0.00628117  0.00604872  0.00499992  0.00411777  0.00771185  0.00309004  0  0.00416679  0.0040699  0.00466669  0  0  0  0.00357907  0  0.00309004  0.00287571  0.00448724  0.00443045  0  0.00301513  0.00281072  0  0  0  0.00301513  0.00294377  0.00305212  0  0.00316876  0.00294377  0  0  0  0  0.0031289  0  0  0  0  0.00320965  0  0  0
CLb for scanned r =  0.624   0.744   0.736   0.712   0.736   0.6   0.68   0.688   0.632   0.592   0.688   0.672   0.656   0.648   0.688   0.64   0.648   0.688   0.696   0.656   0.672   0.632   0.576   0.656   0.688   0.664   0.656   0.648   0.688   0.664   0.688   0.704   0.648   0.696   0.664   0.736   0.68   0.664   0.6   0.712   0.616   0.656   0.648   0.696   0.68   0.624   0.632   0.648   0.624   0.672   0.68   0.624   0.648   0.632   0.616   0.68   0.6   0.64   0.664   0.568   0.688   0.64   0.648   0.608   0.68   0.696   0.608   0.576   0.6   0.568   0.56   0.608   0.648   0.696   0.632   0.64   0.528   0.664   0.712   0.6   0.696   0.68   0.664   0.68   0.656   0.696   0.632   0.68   0.6   0.648   0.648   0.592   0.64   0.632   0.632   0.624   0.592   0.624   0.648   0.64   0.608 
CLbUnc for scanned r =  0.0433243  0.0390348  0.0394263  0.0405024  0.0394263  0.0438178  0.0417229  0.0414397  0.0431348  0.0439578  0.0414397  0.041992  0.042489  0.0427173  0.0414397  0.0429325  0.0427173  0.0414397  0.0411421  0.042489  0.041992  0.0431348  0.0442017  0.042489  0.0414397  0.0422473  0.042489  0.0427173  0.0414397  0.0422473  0.0414397  0.0408298  0.0427173  0.0411421  0.0422473  0.0394263  0.0417229  0.0422473  0.0438178  0.0405024  0.0435012  0.042489  0.0427173  0.0411421  0.0417229  0.0433243  0.0431348  0.0427173  0.0433243  0.041992  0.0417229  0.0433243  0.0427173  0.0431348  0.0435012  0.0417229  0.0438178  0.0429325  0.0422473  0.0443058  0.0414397  0.0429325  0.0427173  0.0436656  0.0417229  0.0411421  0.0436656  0.0442017  0.0438178  0.0443058  0.0443982  0.0436656  0.0427173  0.0411421  0.0431348  0.0429325  0.0446512  0.0422473  0.0405024  0.0438178  0.0411421  0.0417229  0.0422473  0.0417229  0.042489  0.0411421  0.0431348  0.0417229  0.0438178  0.0427173  0.0427173  0.0439578  0.0429325  0.0431348  0.0431348  0.0433243  0.0439578  0.0433243  0.0427173  0.0429325  0.0436656
CLsb for scanned r =  0.404   0.346   0.346   0.328   0.318   0.316   0.314   0.322   0.258   0.266   0.28   0.266   0.198   0.202   0.204   0.218   0.176   0.186   0.146   0.164   0.11   0.128   0.126   0.104   0.112   0.124   0.068   0.112   0.064   0.04   0.04   0.068   0.038   0.05   0.03   0.056   0.042   0.022   0.036   0.036   0.032   0.018   0.026   0.016   0.024   0.022   0.016   0.014   0.016   0.014   0.018   0.03   0.01   0.01   0.006   0.01   0.01   0.008   0.008   0.004   0.004   0.012   0.002   0   0.004   0.004   0.004   0   0   0   0.002   0   0.002   0.002   0.004   0.004   0   0.002   0.002   0   0   0   0.002   0.002   0.002   0   0.002   0.002   0   0   0   0   0.002   0   0   0   0   0.002   0   0   0 
CLsbUnc for scanned r =  0.0219447  0.0212736  0.0212736  0.020996  0.0208267  0.0207915  0.0207559  0.0208957  0.0195671  0.0197608  0.0200798  0.0197608  0.0178211  0.0179553  0.0180213  0.0184649  0.0170308  0.0174014  0.0157914  0.0165592  0.0139929  0.014941  0.0148408  0.0136517  0.0141036  0.0147393  0.0112584  0.0141036  0.0109457  0.00876356  0.00876356  0.0112584  0.00855056  0.00974679  0.00762889  0.0102824  0.00897062  0.00655988  0.00833115  0.00833115  0.00787096  0.00594575  0.00711674  0.00561142  0.00684456  0.00655988  0.00561142  0.00525433  0.00561142  0.00525433  0.00594575  0.00762889  0.00444972  0.00444972  0.00345369  0.00444972  0.00444972  0.00398397  0.00398397  0.00282276  0.00282276  0.0048695  0.001998  0  0.00282276  0.00282276  0.00282276  0  0  0  0.001998  0  0.001998  0.001998  0.00282276  0.00282276  0  0.001998  0.001998  0  0  0  0.001998  0.001998  0.001998  0  0.001998  0.001998  0  0  0  0  0.001998  0  0  0  0  0.001998  0  0  0
CLs observed = 46.3053
CLs observed error= 0.695035
CLs expected = 38.165
CLs expected error= 1.65641
CLs expected m2sigma = 14.5303
CLs expected m2sigma error= 0.8913
CLs expected m1sigma = 27.5649
CLs expected m1sigma error= 1.04663
CLs expected p1sigma = 60.3444
CLs expected p1sigma error= 0.710996
CLs expected p2sigma = 101.875
CLs expected p2sigma error= 11.5868
