# cMSSM_500_560_10_0_1_ch8.txt

 Mzero = 500
 Mhalf = 560
 TanBeta = 10
 Xsection.LO = -1
 Xsection.NLO = 0.0239751
 Luminosity = 4650
 Channel = 8
 n_channels = 1 
 data_0 = 71
 signal_0 = 0.603439
 signal_contamination_0 = 0.0329948
 qcd_0 = 19.6923
 lostle_0 = 13.6877
 tau_0 = 21.8915
 zinvis_0 = 10.95
 QCD_stat_unc = 4.42953
 lostle_trigger = 0.273755
 non-closure_uncertainties = 0.94039
 other_QCD_uncerts = 12.4969
 other_lostlepton_uncertainties = 1.61187
 other_tau_uncertainties = 1.945
 qcd_trigger = 0.393847
 signal_stat = 0.0837957
 signal_syst = 0.1173
 signal_syst_acceptance_PDF = 0.00488835
 signal_syst_kfactor = 0.0430197
 signal_syst_xSec_PDF = 0.0928954
 signal_trigger = 0.0120688
 stat_IsoMuCS = 7.1395
 statistics = 1.74
 systematic_uncertainties = 5.18
 tau_trigger = 0.43783
 zinvis_trigger = 0.219

CLs observed asymptotic = 64.0747
CLs expected asymptotic = 19.8490
CLs expected m2sigma asymptotic = 10.7690
CLs expected m1sigma asymptotic = 14.3245
CLs expected p1sigma asymptotic = 27.5702
CLs expected p2sigma asymptotic = 36.6307

CLs expected profile likelihood =  61.7354 
CLs expected m2sigma profile likelihood =  21.9471 
CLs expected m1sigma profile likelihood =  31.6358 
CLs expected p1sigma profile likelihood =  112.438
CLs expected p2sigma profile likelihood =  179.787

scanned r = 21.9471 23.525499 25.103898 26.682297 28.260696 29.839095 31.417494 32.995893 34.574292 36.152691 37.731090 39.309489 40.887888 42.466287 44.044686 45.623085 47.201484 48.779883 50.358282 51.936681 53.515080 55.093479 56.671878 58.250277 59.828676 61.407075 62.985474 64.563873 66.142272 67.720671 69.299070 70.877469 72.455868 74.034267 75.612666 77.191065 78.769464 80.347863 81.926262 83.504661 85.083060 86.661459 88.239858 89.818257 91.396656 92.975055 94.553454 96.131853 97.710252 99.288651 100.867050 102.445449 104.023848 105.602247 107.180646 108.759045 110.337444 111.915843 113.494242 115.072641 116.651040 118.229439 119.807838 121.386237 122.964636 124.543035 126.121434 127.699833 129.278232 130.856631 132.435030 134.013429 135.591828 137.170227 138.748626 140.327025 141.905424 143.483823 145.062222 146.640621 148.219020 149.797419 151.375818 152.954217 154.532616 156.111015 157.689414 159.267813 160.846212 162.424611 164.003010 165.581409 167.159808 168.738207 170.316606 171.895005 173.473404 175.051803 176.630202 178.208601 179.787000
CLs for scanned r =  0.523936   0.557692   0.471264   0.518293   0.432927   0.352273   0.369318   0.373494   0.327381   0.305556   0.3125   0.276163   0.233146   0.237952   0.205696   0.189103   0.152174   0.175595   0.147436   0.113889   0.104651   0.114706   0.111111   0.0763158   0.0949367   0.0926966   0.0763889   0.070122   0.0579268   0.0592105   0.0361446   0.0394737   0.0576923   0.0382353   0.0422078   0.0365854   0.0348101   0.0331325   0.025974   0.015625   0.0185185   0.0362319   0.00842697   0.011236   0.00986842   0.009375   0.00531915   0.00328947   0.00297619   0   0.00304878   0.00574713   0.00625   0.00632911   0.00333333   0.010274   0.00347222   0   0.00666667   0   0.00328947   0   0   0   0.00328947   0.00320513   0   0.00304878   0   0.003125   0.00316456   0   0   0.00287356   0   0.00304878   0   0   0.00581395   0   0   0   0   0   0   0   0   0   0   0   0   0   0   0   0   0   0   0   0   0   0 
CLsUnc for scanned r =  0.0396064  0.042892  0.0410617  0.0465814  0.0416091  0.0342052  0.0351453  0.0375593  0.0343292  0.0340892  0.0349386  0.0304459  0.0268717  0.0288564  0.0276299  0.0265887  0.0208243  0.0241109  0.0231054  0.0181871  0.0179457  0.0189892  0.0192846  0.0142792  0.0180109  0.0164622  0.0169686  0.014986  0.0135636  0.0143472  0.0105615  0.011609  0.015486  0.0107255  0.0119315  0.0106995  0.010648  0.0101017  0.00929228  0.00703125  0.00761317  0.0117121  0.00487432  0.00563185  0.00572446  0.00543292  0.00376361  0.00329466  0.00297902  0  0.00305212  0.0040699  0.00443045  0.00448724  0.00333888  0.0059645  0.00347897  0  0.00472973  0  0.00329466  0  0  0  0.00329466  0.00320965  0  0.00305212  0  0.0031289  0.00316876  0  0  0.00287571  0  0.00305212  0  0  0.00411777  0  0  0  0  0  0  0  0  0  0  0  0  0  0  0  0  0  0  0  0  0  0
CLb for scanned r =  0.752   0.728   0.696   0.656   0.656   0.704   0.704   0.664   0.672   0.648   0.64   0.688   0.712   0.664   0.632   0.624   0.736   0.672   0.624   0.72   0.688   0.68   0.648   0.76   0.632   0.712   0.576   0.656   0.656   0.608   0.664   0.608   0.52   0.68   0.616   0.656   0.632   0.664   0.616   0.64   0.648   0.552   0.712   0.712   0.608   0.64   0.752   0.608   0.672   0.568   0.656   0.696   0.64   0.632   0.6   0.584   0.576   0.688   0.6   0.624   0.608   0.6   0.6   0.632   0.608   0.624   0.584   0.656   0.624   0.64   0.632   0.648   0.68   0.696   0.592   0.656   0.672   0.648   0.688   0.664   0.616   0.648   0.656   0.592   0.624   0.568   0.656   0.624   0.584   0.584   0.576   0.648   0.616   0.592   0.608   0.536   0.584   0.568   0.648   0.672   0.56 
CLbUnc for scanned r =  0.038626  0.0398011  0.0411421  0.042489  0.042489  0.0408298  0.0408298  0.0422473  0.041992  0.0427173  0.0429325  0.0414397  0.0405024  0.0422473  0.0431348  0.0433243  0.0394263  0.041992  0.0433243  0.0401597  0.0414397  0.0417229  0.0427173  0.0381995  0.0431348  0.0405024  0.0442017  0.042489  0.042489  0.0436656  0.0422473  0.0436656  0.0446856  0.0417229  0.0435012  0.042489  0.0431348  0.0422473  0.0435012  0.0429325  0.0427173  0.0444788  0.0405024  0.0405024  0.0436656  0.0429325  0.038626  0.0436656  0.041992  0.0443058  0.042489  0.0411421  0.0429325  0.0431348  0.0438178  0.0440857  0.0442017  0.0414397  0.0438178  0.0433243  0.0436656  0.0438178  0.0438178  0.0431348  0.0436656  0.0433243  0.0440857  0.042489  0.0433243  0.0429325  0.0431348  0.0427173  0.0417229  0.0411421  0.0439578  0.042489  0.041992  0.0427173  0.0414397  0.0422473  0.0435012  0.0427173  0.042489  0.0439578  0.0433243  0.0443058  0.042489  0.0433243  0.0440857  0.0440857  0.0442017  0.0427173  0.0435012  0.0439578  0.0436656  0.0446053  0.0440857  0.0443058  0.0427173  0.041992  0.0443982
CLsb for scanned r =  0.394   0.406   0.328   0.34   0.284   0.248   0.26   0.248   0.22   0.198   0.2   0.19   0.166   0.158   0.13   0.118   0.112   0.118   0.092   0.082   0.072   0.078   0.072   0.058   0.06   0.066   0.044   0.046   0.038   0.036   0.024   0.024   0.03   0.026   0.026   0.024   0.022   0.022   0.016   0.01   0.012   0.02   0.006   0.008   0.006   0.006   0.004   0.002   0.002   0   0.002   0.004   0.004   0.004   0.002   0.006   0.002   0   0.004   0   0.002   0   0   0   0.002   0.002   0   0.002   0   0.002   0.002   0   0   0.002   0   0.002   0   0   0.004   0   0   0   0   0   0   0   0   0   0   0   0   0   0   0   0   0   0   0   0   0   0 
CLsbUnc for scanned r =  0.0218524  0.021962  0.020996  0.0211849  0.0201665  0.019313  0.0196163  0.019313  0.0185257  0.0178211  0.0178885  0.0175442  0.01664  0.0163117  0.0150399  0.0144275  0.0141036  0.0144275  0.0129256  0.01227  0.0115599  0.011993  0.0115599  0.0104533  0.0106207  0.0111035  0.00917213  0.00936846  0.00855056  0.00833115  0.00684456  0.00684456  0.00762889  0.00711674  0.00711674  0.00684456  0.00655988  0.00655988  0.00561142  0.00444972  0.0048695  0.00626099  0.00345369  0.00398397  0.00345369  0.00345369  0.00282276  0.001998  0.001998  0  0.001998  0.00282276  0.00282276  0.00282276  0.001998  0.00345369  0.001998  0  0.00282276  0  0.001998  0  0  0  0.001998  0.001998  0  0.001998  0  0.001998  0.001998  0  0  0.001998  0  0.001998  0  0  0.00282276  0  0  0  0  0  0  0  0  0  0  0  0  0  0  0  0  0  0  0  0  0  0
CLs observed = 69.4878
CLs observed error= 1.11515
CLs expected = 58.2039
CLs expected error= 1.35143
CLs expected m2sigma = 21.9471
CLs expected m2sigma error= 1.5784
CLs expected m1sigma = 42.0016
CLs expected m1sigma error= 1.95999
CLs expected p1sigma = 88.7669
CLs expected p1sigma error= 0.463773
CLs expected p2sigma = 134.013
CLs expected p2sigma error= 6.314
