# cMSSM_2500_240_10_0_1_ch1.txt

 Mzero = 2500
 Mhalf = 240
 TanBeta = 10
 Xsection.LO = -1
 Xsection.NLO = 2.29006
 Luminosity = 4650
 Channel = 1
 n_channels = 1 
 data_0 = 236
 signal_0 = 13.9973
 signal_contamination_0 = 1.90789
 qcd_0 = 2.19472
 lostle_0 = 47.8113
 tau_0 = 62.506
 zinvis_0 = 112.3
 QCD_stat_unc = 1.57338
 lostle_trigger = 0.956226
 non-closure_uncertainties = 3.01729
 other_QCD_uncerts = 1.47317
 other_lostlepton_uncertainties = 5.7656
 other_tau_uncertainties = 4.48
 qcd_trigger = 0.0438944
 signal_stat = 3.93576
 signal_syst = 2.98886
 signal_syst_acceptance_PDF = 0.0242477
 signal_syst_kfactor = 0.0967976
 signal_syst_xSec_PDF = 2.78103
 signal_trigger = 0.279946
 stat_IsoMuCS = 10.9425
 statistics = 6.7
 systematic_uncertainties = 26.5
 tau_trigger = 1.25012
 zinvis_trigger = 2.246

CLs observed asymptotic = 6.9682
CLs expected asymptotic = 6.0218
CLs expected m2sigma asymptotic = 3.2671
CLs expected m1sigma asymptotic = 4.3457
CLs expected p1sigma asymptotic = 8.3642
CLs expected p2sigma asymptotic = 11.1130

CLs expected profile likelihood =  6.17266 
CLs expected m2sigma profile likelihood =  2.04999 
CLs expected m1sigma profile likelihood =  3.41328 
CLs expected p1sigma profile likelihood =  10.8612
CLs expected p2sigma profile likelihood =  16.235

scanned r = 2.04999 2.191840 2.333690 2.475540 2.617390 2.759240 2.901090 3.042940 3.184790 3.326640 3.468490 3.610340 3.752190 3.894040 4.035890 4.177740 4.319590 4.461440 4.603290 4.745140 4.886990 5.028840 5.170690 5.312540 5.454390 5.596240 5.738090 5.879940 6.021790 6.163640 6.305490 6.447340 6.589190 6.731040 6.872890 7.014740 7.156590 7.298440 7.440290 7.582140 7.723990 7.865840 8.007690 8.149540 8.291390 8.433240 8.575090 8.716940 8.858790 9.000640 9.142490 9.284340 9.426190 9.568040 9.709890 9.851740 9.993590 10.135440 10.277290 10.419140 10.560990 10.702840 10.844690 10.986540 11.128390 11.270240 11.412090 11.553940 11.695790 11.837640 11.979490 12.121340 12.263190 12.405040 12.546890 12.688740 12.830590 12.972440 13.114290 13.256140 13.397990 13.539840 13.681690 13.823540 13.965390 14.107240 14.249090 14.390940 14.532790 14.674640 14.816490 14.958340 15.100190 15.242040 15.383890 15.525740 15.667590 15.809440 15.951290 16.093140 16.234990
CLs for scanned r =  0.611446   0.421717   0.494845   0.526786   0.49026   0.432099   0.423077   0.377907   0.347059   0.310345   0.280899   0.27439   0.326667   0.310976   0.294304   0.192529   0.155488   0.178161   0.189759   0.136842   0.185065   0.165584   0.183544   0.12963   0.105114   0.113636   0.107955   0.105114   0.0803571   0.116279   0.0911765   0.0822368   0.0493421   0.0670732   0.0789474   0.0792683   0.0470588   0.0698529   0.0512821   0.058642   0.0327381   0.0361111   0.0481928   0.0416667   0.0117647   0.0357143   0.0252809   0.0185185   0.0162338   0.03125   0.025974   0.034375   0.0152439   0   0.0215054   0.0145349   0.0125   0.01   0.00316456   0.012987   0.00284091   0.0152439   0.00684932   0.00595238   0.00675676   0.00271739   0.00328947   0.00333333   0.00657895   0.003125   0   0.00324675   0.0114943   0.00649351   0   0   0.00352113   0   0.00581395   0.00333333   0.00316456   0   0   0.00328947   0   0.00304878   0.00320513   0.00294118   0.00304878   0.00301205   0   0   0   0   0   0   0   0   0.00328947   0   0 
CLsUnc for scanned r =  0.0510632  0.0329075  0.0367574  0.0457864  0.0480593  0.0420904  0.0431378  0.0364836  0.0351187  0.0321825  0.0297752  0.0316516  0.0380078  0.0340643  0.034082  0.0246705  0.0229591  0.0236513  0.0254031  0.0192345  0.0265172  0.02489  0.0258919  0.0209644  0.0177112  0.0201872  0.0179605  0.0177112  0.0158574  0.0189745  0.0168177  0.0170843  0.0130383  0.0146413  0.0167146  0.0159833  0.0119296  0.0167265  0.0131066  0.0137499  0.00997378  0.0100875  0.012244  0.0112834  0.00590308  0.0109437  0.00847371  0.00761317  0.00731397  0.0100049  0.00929228  0.010506  0.00685459  0  0.00762616  0.0065266  0.00628117  0.0058023  0.00316876  0.00653218  0.00284285  0.00685459  0.00486108  0.00421698  0.00479451  0.00271857  0.00329466  0.00333888  0.00466669  0.0031289  0  0.0032516  0.00576428  0.0046053  0  0  0.00352831  0  0.00411777  0.00333888  0.00316876  0  0  0.00329466  0  0.00305212  0.00320965  0.00294377  0.00305212  0.00301513  0  0  0  0  0  0  0  0  0.00329466  0  0
CLb for scanned r =  0.664   0.792   0.776   0.672   0.616   0.648   0.624   0.688   0.68   0.696   0.712   0.656   0.6   0.656   0.632   0.696   0.656   0.696   0.664   0.76   0.616   0.616   0.632   0.648   0.704   0.616   0.704   0.704   0.672   0.688   0.68   0.608   0.608   0.656   0.608   0.656   0.68   0.544   0.624   0.648   0.672   0.72   0.664   0.672   0.68   0.616   0.712   0.648   0.616   0.64   0.616   0.64   0.656   0.744   0.744   0.688   0.64   0.6   0.632   0.616   0.704   0.656   0.584   0.672   0.592   0.736   0.608   0.6   0.608   0.64   0.568   0.616   0.696   0.616   0.584   0.608   0.568   0.552   0.688   0.6   0.632   0.64   0.76   0.608   0.656   0.656   0.624   0.68   0.656   0.664   0.656   0.68   0.6   0.616   0.656   0.56   0.544   0.544   0.608   0.624   0.6 
CLbUnc for scanned r =  0.0422473  0.0363027  0.0372906  0.041992  0.0435012  0.0427173  0.0433243  0.0414397  0.0417229  0.0411421  0.0405024  0.042489  0.0438178  0.042489  0.0431348  0.0411421  0.042489  0.0411421  0.0422473  0.0381995  0.0435012  0.0435012  0.0431348  0.0427173  0.0408298  0.0435012  0.0408298  0.0408298  0.041992  0.0414397  0.0417229  0.0436656  0.0436656  0.042489  0.0436656  0.042489  0.0417229  0.0445479  0.0433243  0.0427173  0.041992  0.0401597  0.0422473  0.041992  0.0417229  0.0435012  0.0405024  0.0427173  0.0435012  0.0429325  0.0435012  0.0429325  0.042489  0.0390348  0.0390348  0.0414397  0.0429325  0.0438178  0.0431348  0.0435012  0.0408298  0.042489  0.0440857  0.041992  0.0439578  0.0394263  0.0436656  0.0438178  0.0436656  0.0429325  0.0443058  0.0435012  0.0411421  0.0435012  0.0440857  0.0436656  0.0443058  0.0444788  0.0414397  0.0438178  0.0431348  0.0429325  0.0381995  0.0436656  0.042489  0.042489  0.0433243  0.0417229  0.042489  0.0422473  0.042489  0.0417229  0.0438178  0.0435012  0.042489  0.0443982  0.0445479  0.0445479  0.0436656  0.0433243  0.0438178
CLsb for scanned r =  0.406   0.334   0.384   0.354   0.302   0.28   0.264   0.26   0.236   0.216   0.2   0.18   0.196   0.204   0.186   0.134   0.102   0.124   0.126   0.104   0.114   0.102   0.116   0.084   0.074   0.07   0.076   0.074   0.054   0.08   0.062   0.05   0.03   0.044   0.048   0.052   0.032   0.038   0.032   0.038   0.022   0.026   0.032   0.028   0.008   0.022   0.018   0.012   0.01   0.02   0.016   0.022   0.01   0   0.016   0.01   0.008   0.006   0.002   0.008   0.002   0.01   0.004   0.004   0.004   0.002   0.002   0.002   0.004   0.002   0   0.002   0.008   0.004   0   0   0.002   0   0.004   0.002   0.002   0   0   0.002   0   0.002   0.002   0.002   0.002   0.002   0   0   0   0   0   0   0   0   0.002   0   0 
CLsbUnc for scanned r =  0.021962  0.0210924  0.0217506  0.0213862  0.0205327  0.0200798  0.0197131  0.0196163  0.0189897  0.0184035  0.0178885  0.0171814  0.017753  0.0180213  0.0174014  0.0152344  0.0135348  0.0147393  0.0148408  0.0136517  0.014213  0.0135348  0.0143209  0.0124052  0.0117068  0.0114105  0.0118511  0.0117068  0.0101078  0.0121326  0.0107848  0.00974679  0.00762889  0.00917213  0.00955992  0.00992935  0.00787096  0.00855056  0.00787096  0.00855056  0.00655988  0.00711674  0.00787096  0.0073778  0.00398397  0.00655988  0.00594575  0.0048695  0.00444972  0.00626099  0.00561142  0.00655988  0.00444972  0  0.00561142  0.00444972  0.00398397  0.00345369  0.001998  0.00398397  0.001998  0.00444972  0.00282276  0.00282276  0.00282276  0.001998  0.001998  0.001998  0.00282276  0.001998  0  0.001998  0.00398397  0.00282276  0  0  0.001998  0  0.00282276  0.001998  0.001998  0  0  0.001998  0  0.001998  0.001998  0.001998  0.001998  0.001998  0  0  0  0  0  0  0  0  0.001998  0  0
CLs observed = 7.25681
CLs observed error= 0.10075
CLs expected = 5.92373
CLs expected error= 0.118554
CLs expected m2sigma = 2.04999
CLs expected m2sigma error= 1.7022
CLs expected m1sigma = 3.85914
CLs expected m1sigma error= 0.13423
CLs expected p1sigma = 9.69561
CLs expected p1sigma error= 0.133133
CLs expected p2sigma = 15.9801
CLs expected p2sigma error= 0.250333
