# cMSSM_500_560_10_0_1_ch6.txt

 Mzero = 500
 Mhalf = 560
 TanBeta = 10
 Xsection.LO = -1
 Xsection.NLO = 0.0239751
 Luminosity = 4650
 Channel = 6
 n_channels = 1 
 data_0 = 6
 signal_0 = 0.608639
 signal_contamination_0 = 0.0339303
 qcd_0 = 0.0300647
 lostle_0 = 2.43091
 tau_0 = 1.2578
 zinvis_0 = 7.058
 QCD_stat_unc = 0.170366
 lostle_trigger = 0.0486182
 non-closure_uncertainties = 0.07429
 other_QCD_uncerts = 0.0350754
 other_lostlepton_uncertainties = 0.313698
 other_tau_uncertainties = 0.10375
 qcd_trigger = 0.000601293
 signal_stat = 0.084158
 signal_syst = 0.09398
 signal_syst_acceptance_PDF = 0.00949744
 signal_syst_kfactor = 0.0433904
 signal_syst_xSec_PDF = 0.0674808
 signal_trigger = 0.0121728
 stat_IsoMuCS = 2.01106
 statistics = 1.964
 systematic_uncertainties = 4.061
 tau_trigger = 0.025156
 zinvis_trigger = 0.14116

CLs observed asymptotic = 10.9960
CLs expected asymptotic = 15.5453
CLs expected m2sigma asymptotic = 8.4341
CLs expected m1sigma asymptotic = 11.2186
CLs expected p1sigma asymptotic = 21.5924
CLs expected p2sigma asymptotic = 28.6884

CLs expected profile likelihood =  21.8224 
CLs expected m2sigma profile likelihood =  6.66588 
CLs expected m1sigma profile likelihood =  10.7375 
CLs expected p1sigma profile likelihood =  39.9369
CLs expected p2sigma profile likelihood =  63.6334

scanned r = 6.66588 7.235555 7.805230 8.374905 8.944580 9.514255 10.083930 10.653605 11.223280 11.792955 12.362630 12.932305 13.501980 14.071655 14.641330 15.211005 15.780680 16.350355 16.920030 17.489705 18.059380 18.629055 19.198730 19.768405 20.338080 20.907755 21.477430 22.047105 22.616780 23.186455 23.756130 24.325805 24.895480 25.465155 26.034830 26.604505 27.174180 27.743855 28.313530 28.883205 29.452880 30.022555 30.592230 31.161905 31.731580 32.301255 32.870930 33.440605 34.010280 34.579955 35.149630 35.719305 36.288980 36.858655 37.428330 37.998005 38.567680 39.137355 39.707030 40.276705 40.846380 41.416055 41.985730 42.555405 43.125080 43.694755 44.264430 44.834105 45.403780 45.973455 46.543130 47.112805 47.682480 48.252155 48.821830 49.391505 49.961180 50.530855 51.100530 51.670205 52.239880 52.809555 53.379230 53.948905 54.518580 55.088255 55.657930 56.227605 56.797280 57.366955 57.936630 58.506305 59.075980 59.645655 60.215330 60.785005 61.354680 61.924355 62.494030 63.063705 63.633380
CLs for scanned r =  0.2   0.112069   0.221154   0.0625   0.15   0.0833333   0.0357143   0.0357143   0.0288462   0.0322581   0.0104167   0.0340909   0.047619   0.0178571   0.0375   0   0.0078125   0.05   0.05   0.00806452   0.00735294   0   0   0.00806452   0   0   0   0   0   0   0   0   0   0   0   0.0108696   0   0   0   0   0   0   0   0   0   0   0   0   0   0   0   0   0   0   0   0   0   0   0   0   0   0   0   0   0   0   0   0   0   0   0   0   0   0   0   0   0   0   0   0   0   0   0   0   0   0   0   0   0   0   0   0   0   0   0   0   0   0   0   0   0 
CLsUnc for scanned r =  0.0640312  0.0356876  0.059317  0.0278341  0.0466369  0.0309736  0.018753  0.0217521  0.0173508  0.0168317  0.0105803  0.0207027  0.0255382  0.0129475  0.0229129  0  0.00789507  0.0269258  0.031225  0.00815377  0.00742396  0  0  0.00815377  0  0  0  0  0  0  0  0  0  0  0  0.01105  0  0  0  0  0  0  0  0  0  0  0  0  0  0  0  0  0  0  0  0  0  0  0  0  0  0  0  0  0  0  0  0  0  0  0  0  0  0  0  0  0  0  0  0  0  0  0  0  0  0  0  0  0  0  0  0  0  0  0  0  0  0  0  0  0
CLb for scanned r =  0.16   0.232   0.208   0.192   0.2   0.216   0.224   0.168   0.208   0.248   0.192   0.176   0.168   0.224   0.16   0.248   0.256   0.16   0.12   0.248   0.272   0.312   0.256   0.248   0.2   0.176   0.152   0.272   0.216   0.184   0.224   0.208   0.296   0.208   0.216   0.184   0.24   0.288   0.224   0.272   0.192   0.296   0.224   0.224   0.248   0.264   0.248   0.224   0.272   0.224   0.28   0.28   0.264   0.216   0.256   0.296   0.256   0.24   0.296   0.304   0.184   0.312   0.256   0.2   0.2   0.2   0.24   0.24   0.336   0.272   0.248   0.248   0.36   0.168   0.24   0.256   0.176   0.168   0.272   0.232   0.288   0.272   0.224   0.248   0.224   0.296   0.344   0.264   0.264   0.24   0.248   0.232   0.328   0.328   0.288   0.304   0.296   0.304   0.192   0.184   0.304 
CLbUnc for scanned r =  0.0327902  0.0377546  0.0363027  0.0352291  0.0357771  0.036807  0.0372906  0.0334396  0.0363027  0.038626  0.0352291  0.0340616  0.0334396  0.0372906  0.0327902  0.038626  0.0390348  0.0327902  0.0290654  0.038626  0.0398011  0.0414397  0.0390348  0.038626  0.0357771  0.0340616  0.0321118  0.0398011  0.036807  0.0346576  0.0372906  0.0363027  0.0408298  0.0363027  0.036807  0.0346576  0.0381995  0.0405024  0.0372906  0.0398011  0.0352291  0.0408298  0.0372906  0.0372906  0.038626  0.0394263  0.038626  0.0372906  0.0398011  0.0372906  0.0401597  0.0401597  0.0394263  0.036807  0.0390348  0.0408298  0.0390348  0.0381995  0.0408298  0.0411421  0.0346576  0.0414397  0.0390348  0.0357771  0.0357771  0.0357771  0.0381995  0.0381995  0.0422473  0.0398011  0.038626  0.038626  0.0429325  0.0334396  0.0381995  0.0390348  0.0340616  0.0334396  0.0398011  0.0377546  0.0405024  0.0398011  0.0372906  0.038626  0.0372906  0.0408298  0.042489  0.0394263  0.0394263  0.0381995  0.038626  0.0377546  0.041992  0.041992  0.0405024  0.0411421  0.0408298  0.0411421  0.0352291  0.0346576  0.0411421
CLsb for scanned r =  0.032   0.026   0.046   0.012   0.03   0.018   0.008   0.006   0.006   0.008   0.002   0.006   0.008   0.004   0.006   0   0.002   0.008   0.006   0.002   0.002   0   0   0.002   0   0   0   0   0   0   0   0   0   0   0   0.002   0   0   0   0   0   0   0   0   0   0   0   0   0   0   0   0   0   0   0   0   0   0   0   0   0   0   0   0   0   0   0   0   0   0   0   0   0   0   0   0   0   0   0   0   0   0   0   0   0   0   0   0   0   0   0   0   0   0   0   0   0   0   0   0   0 
CLsbUnc for scanned r =  0.00787096  0.00711674  0.00936846  0.0048695  0.00762889  0.00594575  0.00398397  0.00345369  0.00345369  0.00398397  0.001998  0.00345369  0.00398397  0.00282276  0.00345369  0  0.001998  0.00398397  0.00345369  0.001998  0.001998  0  0  0.001998  0  0  0  0  0  0  0  0  0  0  0  0.001998  0  0  0  0  0  0  0  0  0  0  0  0  0  0  0  0  0  0  0  0  0  0  0  0  0  0  0  0  0  0  0  0  0  0  0  0  0  0  0  0  0  0  0  0  0  0  0  0  0  0  0  0  0  0  0  0  0  0  0  0  0  0  0  0  0
CLs observed = 9.83102
CLs observed error= 0.392105
CLs expected = 15.4334
CLs expected error= 0.257904
CLs expected m2sigma = 6.66588
CLs expected m2sigma error= 2.84837
CLs expected m1sigma = 8.37935
CLs expected m1sigma error= 1.44062
CLs expected p1sigma = 23.4394
CLs expected p1sigma error= 0.271606
CLs expected p2sigma = 34.4966
CLs expected p2sigma error= 0.348434
