# cMSSM_500_560_10_0_1_ch3.txt

 Mzero = 500
 Mhalf = 560
 TanBeta = 10
 Xsection.LO = -1
 Xsection.NLO = 0.0239751
 Luminosity = 4650
 Channel = 3
 n_channels = 1 
 data_0 = 6
 signal_0 = 0.351134
 signal_contamination_0 = 0.00946138
 qcd_0 = 0
 lostle_0 = 0.786768
 tau_0 = 2.01632
 zinvis_0 = 5.488
 QCD_stat_unc = 0
 lostle_trigger = 0.0157354
 non-closure_uncertainties = 0.15336
 other_QCD_uncerts = 0
 other_lostlepton_uncertainties = 0.105911
 other_tau_uncertainties = 0.4495
 qcd_trigger = 0
 signal_stat = 0.0638487
 signal_syst = 0.0920923
 signal_syst_acceptance_PDF = 0.00518077
 signal_syst_kfactor = 0.0250326
 signal_syst_xSec_PDF = 0.0437544
 signal_trigger = 0.00702268
 stat_IsoMuCS = 2.48677
 statistics = 1.423
 systematic_uncertainties = 2.697
 tau_trigger = 0.0403264
 zinvis_trigger = 0.10976

CLs observed asymptotic = 21.5584
CLs expected asymptotic = 19.8701
CLs expected m2sigma asymptotic = 10.7805
CLs expected m1sigma asymptotic = 14.3398
CLs expected p1sigma asymptotic = 27.5997
CLs expected p2sigma asymptotic = 36.6698

CLs expected profile likelihood =  32.5447 
CLs expected m2sigma profile likelihood =  9.04863 
CLs expected m1sigma profile likelihood =  16.0586 
CLs expected p1sigma profile likelihood =  62.8638
CLs expected p2sigma profile likelihood =  99.2428

scanned r = 9.04863 9.950571 10.852512 11.754453 12.656394 13.558335 14.460276 15.362217 16.264158 17.166099 18.068040 18.969981 19.871922 20.773863 21.675804 22.577745 23.479686 24.381627 25.283568 26.185509 27.087450 27.989391 28.891332 29.793273 30.695214 31.597155 32.499096 33.401037 34.302978 35.204919 36.106860 37.008801 37.910742 38.812683 39.714624 40.616565 41.518506 42.420447 43.322388 44.224329 45.126270 46.028211 46.930152 47.832093 48.734034 49.635975 50.537916 51.439857 52.341798 53.243739 54.145680 55.047621 55.949562 56.851503 57.753444 58.655385 59.557326 60.459267 61.361208 62.263149 63.165090 64.067031 64.968972 65.870913 66.772854 67.674795 68.576736 69.478677 70.380618 71.282559 72.184500 73.086441 73.988382 74.890323 75.792264 76.694205 77.596146 78.498087 79.400028 80.301969 81.203910 82.105851 83.007792 83.909733 84.811674 85.713615 86.615556 87.517497 88.419438 89.321379 90.223320 91.125261 92.027202 92.929143 93.831084 94.733025 95.634966 96.536907 97.438848 98.340789 99.242730
CLs for scanned r =  0.337209   0.455357   0.26875   0.15625   0.176136   0.157407   0.169811   0.151316   0.156977   0.0931373   0.128378   0.08125   0.0833333   0.125   0.0670732   0.0543478   0.0357143   0.0328947   0.0543478   0.0232558   0.0297619   0   0.0108696   0.0212766   0.0384615   0.0106383   0.005   0.00531915   0.0106383   0.0212766   0.00961538   0.00520833   0.0166667   0.005   0.00555556   0   0   0.00462963   0   0   0.00446429   0   0   0   0.00568182   0   0.00595238   0   0   0   0   0   0.00454545   0   0   0   0.00943396   0   0   0   0   0.00555556   0   0   0   0   0   0   0   0   0   0   0   0   0   0   0   0   0   0   0   0   0   0   0   0   0   0   0   0   0   0   0   0   0   0   0   0   0   0   0 
CLsUnc for scanned r =  0.0588884  0.096941  0.0525651  0.0298223  0.0373581  0.0306562  0.0325071  0.037001  0.0352037  0.0232357  0.0338828  0.024634  0.0243296  0.0328223  0.0217651  0.0181671  0.0139818  0.0152993  0.0181671  0.0119322  0.0137618  0  0.00777565  0.0108756  0.0164221  0.00760677  0.00502494  0.00534906  0.00760677  0.0108756  0.00686158  0.00523647  0.00979733  0.00502494  0.0055894  0  0  0.00464931  0  0  0.00448179  0  0  0  0.00571786  0  0.00599334  0  0  0  0  0  0.00456401  0  0  0  0.00672972  0  0  0  0  0.0055894  0  0  0  0  0  0  0  0  0  0  0  0  0  0  0  0  0  0  0  0  0  0  0  0  0  0  0  0  0  0  0  0  0  0  0  0  0  0  0
CLb for scanned r =  0.344   0.224   0.32   0.448   0.352   0.432   0.424   0.304   0.344   0.408   0.296   0.32   0.336   0.304   0.328   0.368   0.392   0.304   0.368   0.344   0.336   0.376   0.368   0.376   0.312   0.376   0.4   0.376   0.376   0.376   0.416   0.384   0.36   0.4   0.36   0.4   0.328   0.432   0.36   0.4   0.448   0.344   0.392   0.352   0.352   0.352   0.336   0.44   0.296   0.384   0.368   0.336   0.44   0.32   0.424   0.36   0.424   0.36   0.4   0.392   0.328   0.36   0.384   0.432   0.304   0.44   0.36   0.392   0.432   0.376   0.408   0.432   0.4   0.344   0.408   0.392   0.336   0.344   0.44   0.352   0.384   0.464   0.328   0.32   0.44   0.464   0.312   0.352   0.376   0.424   0.368   0.352   0.36   0.432   0.344   0.328   0.304   0.384   0.384   0.328   0.368 
CLbUnc for scanned r =  0.042489  0.0372906  0.0417229  0.0444788  0.0427173  0.0443058  0.0442017  0.0411421  0.042489  0.0439578  0.0408298  0.0417229  0.0422473  0.0411421  0.041992  0.0431348  0.0436656  0.0411421  0.0431348  0.042489  0.0422473  0.0433243  0.0431348  0.0433243  0.0414397  0.0433243  0.0438178  0.0433243  0.0433243  0.0433243  0.0440857  0.0435012  0.0429325  0.0438178  0.0429325  0.0438178  0.041992  0.0443058  0.0429325  0.0438178  0.0444788  0.042489  0.0436656  0.0427173  0.0427173  0.0427173  0.0422473  0.0443982  0.0408298  0.0435012  0.0431348  0.0422473  0.0443982  0.0417229  0.0442017  0.0429325  0.0442017  0.0429325  0.0438178  0.0436656  0.041992  0.0429325  0.0435012  0.0443058  0.0411421  0.0443982  0.0429325  0.0436656  0.0443058  0.0433243  0.0439578  0.0443058  0.0438178  0.042489  0.0439578  0.0436656  0.0422473  0.042489  0.0443982  0.0427173  0.0435012  0.0446053  0.041992  0.0417229  0.0443982  0.0446053  0.0414397  0.0427173  0.0433243  0.0442017  0.0431348  0.0427173  0.0429325  0.0443058  0.042489  0.041992  0.0411421  0.0435012  0.0435012  0.041992  0.0431348
CLsb for scanned r =  0.116   0.102   0.086   0.07   0.062   0.068   0.072   0.046   0.054   0.038   0.038   0.026   0.028   0.038   0.022   0.02   0.014   0.01   0.02   0.008   0.01   0   0.004   0.008   0.012   0.004   0.002   0.002   0.004   0.008   0.004   0.002   0.006   0.002   0.002   0   0   0.002   0   0   0.002   0   0   0   0.002   0   0.002   0   0   0   0   0   0.002   0   0   0   0.004   0   0   0   0   0.002   0   0   0   0   0   0   0   0   0   0   0   0   0   0   0   0   0   0   0   0   0   0   0   0   0   0   0   0   0   0   0   0   0   0   0   0   0   0   0 
CLsbUnc for scanned r =  0.0143209  0.0135348  0.0125383  0.0114105  0.0107848  0.0112584  0.0115599  0.00936846  0.0101078  0.00855056  0.00855056  0.00711674  0.0073778  0.00855056  0.00655988  0.00626099  0.00525433  0.00444972  0.00626099  0.00398397  0.00444972  0  0.00282276  0.00398397  0.0048695  0.00282276  0.001998  0.001998  0.00282276  0.00398397  0.00282276  0.001998  0.00345369  0.001998  0.001998  0  0  0.001998  0  0  0.001998  0  0  0  0.001998  0  0.001998  0  0  0  0  0  0.001998  0  0  0  0.00282276  0  0  0  0  0.001998  0  0  0  0  0  0  0  0  0  0  0  0  0  0  0  0  0  0  0  0  0  0  0  0  0  0  0  0  0  0  0  0  0  0  0  0  0  0  0
CLs observed = 22.5763
CLs observed error= 0.630501
CLs expected = 26.4585
CLs expected error= 0.498172
CLs expected m2sigma = 9.04863
CLs expected m2sigma error= 3.60777
CLs expected m1sigma = 16.6747
CLs expected m1sigma error= 0.845899
CLs expected p1sigma = 41.4607
CLs expected p1sigma error= 0.293285
CLs expected p2sigma = 67.6902
CLs expected p2sigma error= 0.241483
