# cMSSM_500_560_10_0_1_ch2.txt

 Mzero = 500
 Mhalf = 560
 TanBeta = 10
 Xsection.LO = -1
 Xsection.NLO = 0.0239751
 Luminosity = 4980
 Channel = 2
 n_channels = 1 
 data_0 = 22
 signal_0 = 0.335929
 signal_contamination_0 = 0.0149183
 qcd_0 = 0.0200443
 lostle_0 = 4.96285
 tau_0 = 8.66059
 zinvis_0 = 17.61
 QCD_stat_unc = 0.14031
 lostle_trigger = 0.099257
 lostlepton_uncertainties = 0.877799
 other_QCD_uncerts = 0.0200443
 other_syst = 0.0238162
 other_tau_uncertainties = 0.868
 qcd_trigger = 0.000400885
 signal_stat = 0.0646182
 signal_syst_kfactor = 0.0239487
 signal_syst_xSec_PDF = 0.0370289
 signal_trigger = 0.00671858
 stat_IsoMuCS = 4.14768
 statistics = 2.35
 systematic_uncertainties = 5.03
 tau_non-closure = 0.70836
 tau_trigger = 0.173212
 zinvis_trigger = 0.3522

CLs observed asymptotic = 32.8718
CLs expected asymptotic = 19.8685
CLs expected m2sigma asymptotic = 10.7797
CLs expected m1sigma asymptotic = 14.3386
CLs expected p1sigma asymptotic = 27.5974
CLs expected p2sigma asymptotic = 36.6668

CLs expected profile likelihood =  58.2352 
CLs expected m2sigma profile likelihood =  18.6391 
CLs expected m1sigma profile likelihood =  31.4687 
CLs expected p1sigma profile likelihood =  92.3932
CLs expected p2sigma profile likelihood =  150.055

scanned r = 18.6391 19.953259 21.267418 22.581577 23.895736 25.209895 26.524054 27.838213 29.152372 30.466531 31.780690 33.094849 34.409008 35.723167 37.037326 38.351485 39.665644 40.979803 42.293962 43.608121 44.922280 46.236439 47.550598 48.864757 50.178916 51.493075 52.807234 54.121393 55.435552 56.749711 58.063870 59.378029 60.692188 62.006347 63.320506 64.634665 65.948824 67.262983 68.577142 69.891301 71.205460 72.519619 73.833778 75.147937 76.462096 77.776255 79.090414 80.404573 81.718732 83.032891 84.347050 85.661209 86.975368 88.289527 89.603686 90.917845 92.232004 93.546163 94.860322 96.174481 97.488640 98.802799 100.116958 101.431117 102.745276 104.059435 105.373594 106.687753 108.001912 109.316071 110.630230 111.944389 113.258548 114.572707 115.886866 117.201025 118.515184 119.829343 121.143502 122.457661 123.771820 125.085979 126.400138 127.714297 129.028456 130.342615 131.656774 132.970933 134.285092 135.599251 136.913410 138.227569 139.541728 140.855887 142.170046 143.484205 144.798364 146.112523 147.426682 148.740841 150.055000
CLs for scanned r =  0.184783   0.196429   0.125   0.117647   0.1125   0.09375   0.125   0.0869565   0.1375   0.0595238   0.0326087   0.0185185   0.0865385   0.0384615   0   0.0434783   0.0277778   0.0227273   0.01   0.0113636   0.0108696   0.0333333   0.0131579   0.0172414   0   0   0   0   0.0108696   0   0   0   0.0138889   0.00925926   0   0.00833333   0   0   0   0   0   0   0   0   0   0   0   0   0   0   0   0   0   0   0   0   0   0   0   0   0   0   0   0   0   0   0   0   0   0   0   0   0   0   0   0   0   0   0   0   0   0   0   0   0.0078125   0   0   0   0   0   0   0   0   0   0   0   0   0   0   0   0 
CLsUnc for scanned r =  0.0561392  0.076667  0.0423896  0.0490496  0.0437321  0.0354243  0.0423896  0.0346168  0.0497494  0.0290156  0.0197494  0.0134439  0.0323303  0.0202959  0  0.023149  0.0205171  0.0236288  0.0101489  0.0115633  0.01105  0.02487  0.0134354  0.0124864  0  0  0  0  0.01105  0  0  0  0.0142017  0.0093836  0  0.00842999  0  0  0  0  0  0  0  0  0  0  0  0  0  0  0  0  0  0  0  0  0  0  0  0  0  0  0  0  0  0  0  0  0  0  0  0  0  0  0  0  0  0  0  0  0  0  0  0  0.00789507  0  0  0  0  0  0  0  0  0  0  0  0  0  0  0  0
CLb for scanned r =  0.184   0.112   0.192   0.136   0.16   0.192   0.192   0.184   0.16   0.168   0.184   0.216   0.208   0.208   0.144   0.184   0.144   0.088   0.2   0.176   0.184   0.12   0.152   0.232   0.144   0.232   0.112   0.144   0.184   0.152   0.152   0.176   0.144   0.216   0.224   0.24   0.192   0.208   0.192   0.192   0.216   0.184   0.176   0.144   0.192   0.208   0.176   0.192   0.184   0.232   0.2   0.184   0.152   0.128   0.2   0.184   0.12   0.168   0.2   0.264   0.208   0.184   0.2   0.248   0.216   0.224   0.24   0.208   0.224   0.176   0.256   0.216   0.232   0.232   0.152   0.144   0.272   0.224   0.312   0.16   0.264   0.24   0.2   0.208   0.256   0.152   0.152   0.168   0.224   0.144   0.152   0.176   0.24   0.216   0.16   0.224   0.24   0.224   0.256   0.216   0.144 
CLbUnc for scanned r =  0.0346576  0.0282072  0.0352291  0.0306599  0.0327902  0.0352291  0.0352291  0.0346576  0.0327902  0.0334396  0.0346576  0.036807  0.0363027  0.0363027  0.0314024  0.0346576  0.0314024  0.0253387  0.0357771  0.0340616  0.0346576  0.0290654  0.0321118  0.0377546  0.0314024  0.0377546  0.0282072  0.0314024  0.0346576  0.0321118  0.0321118  0.0340616  0.0314024  0.036807  0.0372906  0.0381995  0.0352291  0.0363027  0.0352291  0.0352291  0.036807  0.0346576  0.0340616  0.0314024  0.0352291  0.0363027  0.0340616  0.0352291  0.0346576  0.0377546  0.0357771  0.0346576  0.0321118  0.0298819  0.0357771  0.0346576  0.0290654  0.0334396  0.0357771  0.0394263  0.0363027  0.0346576  0.0357771  0.038626  0.036807  0.0372906  0.0381995  0.0363027  0.0372906  0.0340616  0.0390348  0.036807  0.0377546  0.0377546  0.0321118  0.0314024  0.0398011  0.0372906  0.0414397  0.0327902  0.0394263  0.0381995  0.0357771  0.0363027  0.0390348  0.0321118  0.0321118  0.0334396  0.0372906  0.0314024  0.0321118  0.0340616  0.0381995  0.036807  0.0327902  0.0372906  0.0381995  0.0372906  0.0390348  0.036807  0.0314024
CLsb for scanned r =  0.034   0.022   0.024   0.016   0.018   0.018   0.024   0.016   0.022   0.01   0.006   0.004   0.018   0.008   0   0.008   0.004   0.002   0.002   0.002   0.002   0.004   0.002   0.004   0   0   0   0   0.002   0   0   0   0.002   0.002   0   0.002   0   0   0   0   0   0   0   0   0   0   0   0   0   0   0   0   0   0   0   0   0   0   0   0   0   0   0   0   0   0   0   0   0   0   0   0   0   0   0   0   0   0   0   0   0   0   0   0   0.002   0   0   0   0   0   0   0   0   0   0   0   0   0   0   0   0 
CLsbUnc for scanned r =  0.00810481  0.00655988  0.00684456  0.00561142  0.00594575  0.00594575  0.00684456  0.00561142  0.00655988  0.00444972  0.00345369  0.00282276  0.00594575  0.00398397  0  0.00398397  0.00282276  0.001998  0.001998  0.001998  0.001998  0.00282276  0.001998  0.00282276  0  0  0  0  0.001998  0  0  0  0.001998  0.001998  0  0.001998  0  0  0  0  0  0  0  0  0  0  0  0  0  0  0  0  0  0  0  0  0  0  0  0  0  0  0  0  0  0  0  0  0  0  0  0  0  0  0  0  0  0  0  0  0  0  0  0  0.001998  0  0  0  0  0  0  0  0  0  0  0  0  0  0  0  0
CLs observed = 31.1324
CLs observed error= 1.28741
CLs expected = 45.1203
CLs expected error= 0.861722
CLs expected m2sigma = 18.6391
CLs expected m2sigma error= 7.885
CLs expected m1sigma = 30.2853
CLs expected m1sigma error= 1.26319
CLs expected p1sigma = 70.0736
CLs expected p1sigma error= 0.953518
CLs expected p2sigma = 102.214
CLs expected p2sigma error= 0.491693
