# cMSSM_500_560_10_0_1_ch1.txt

 Mzero = 500
 Mhalf = 560
 TanBeta = 10
 Xsection.LO = -1
 Xsection.NLO = 0.0239751
 Luminosity = 4980
 Channel = 1
 n_channels = 1 
 data_0 = 236
 signal_0 = 1.21295
 signal_contamination_0 = 0.0892451
 qcd_0 = 2.19485
 lostle_0 = 47.8128
 tau_0 = 62.506
 zinvis_0 = 112.3
 QCD_stat_unc = 1.57348
 lostle_trigger = 0.956257
 lostlepton_uncertainties = 6.86592
 other_QCD_uncerts = 1.47325
 other_syst = 0.0859941
 other_tau_uncertainties = 4.48
 qcd_trigger = 0.043897
 signal_stat = 0.123236
 signal_syst_kfactor = 0.0864726
 signal_syst_xSec_PDF = 0.145626
 signal_trigger = 0.024259
 stat_IsoMuCS = 10.9427
 statistics = 6.7
 systematic_uncertainties = 26.5
 tau_non-closure = 3.53855
 tau_trigger = 1.25012
 zinvis_trigger = 2.246

CLs observed asymptotic = 63.2305
CLs expected asymptotic = 19.8503
CLs expected m2sigma asymptotic = 10.7698
CLs expected m1sigma asymptotic = 14.3255
CLs expected p1sigma asymptotic = 27.5721
CLs expected p2sigma asymptotic = 36.6332

CLs expected profile likelihood =  52.5028 
CLs expected m2sigma profile likelihood =  19.6862 
CLs expected m1sigma profile likelihood =  29.2108 
CLs expected p1sigma profile likelihood =  95.022
CLs expected p2sigma profile likelihood =  133.878

scanned r = 19.6862 20.828118 21.970036 23.111954 24.253872 25.395790 26.537708 27.679626 28.821544 29.963462 31.105380 32.247298 33.389216 34.531134 35.673052 36.814970 37.956888 39.098806 40.240724 41.382642 42.524560 43.666478 44.808396 45.950314 47.092232 48.234150 49.376068 50.517986 51.659904 52.801822 53.943740 55.085658 56.227576 57.369494 58.511412 59.653330 60.795248 61.937166 63.079084 64.221002 65.362920 66.504838 67.646756 68.788674 69.930592 71.072510 72.214428 73.356346 74.498264 75.640182 76.782100 77.924018 79.065936 80.207854 81.349772 82.491690 83.633608 84.775526 85.917444 87.059362 88.201280 89.343198 90.485116 91.627034 92.768952 93.910870 95.052788 96.194706 97.336624 98.478542 99.620460 100.762378 101.904296 103.046214 104.188132 105.330050 106.471968 107.613886 108.755804 109.897722 111.039640 112.181558 113.323476 114.465394 115.607312 116.749230 117.891148 119.033066 120.174984 121.316902 122.458820 123.600738 124.742656 125.884574 127.026492 128.168410 129.310328 130.452246 131.594164 132.736082 133.878000
CLs for scanned r =  0.641026   0.608553   0.494681   0.531977   0.505882   0.478125   0.436747   0.436747   0.32967   0.477848   0.358824   0.372093   0.34375   0.363636   0.313218   0.27439   0.256173   0.203297   0.232143   0.203488   0.176829   0.178571   0.239865   0.1875   0.181548   0.166667   0.145833   0.143678   0.136364   0.101744   0.10989   0.138514   0.111765   0.0866667   0.0911765   0.0843373   0.0789474   0.0521978   0.0873494   0.0271739   0.0416667   0.0393258   0.0235294   0.0572289   0.0434783   0.0265957   0.0319767   0.0427632   0.0339506   0.0304878   0.00925926   0.0296053   0.0243902   0.0216049   0.0140449   0.00561798   0.028125   0.0120482   0.0152439   0.00284091   0.00304878   0.00574713   0.00872093   0.003125   0.00625   0   0   0.00301205   0   0.00304878   0.003125   0.00328947   0.00316456   0.00333333   0.00714286   0.00297619   0.00320513   0.00328947   0.00609756   0   0   0.00301205   0   0   0   0   0   0   0   0.00316456   0   0   0   0   0   0   0   0   0   0   0 
CLsUnc for scanned r =  0.0566882  0.0563143  0.0383645  0.0448011  0.0440398  0.0454494  0.0413061  0.0413061  0.0318304  0.0460343  0.0358131  0.0361532  0.0337297  0.039694  0.0323519  0.0316516  0.0307342  0.0244823  0.02817  0.0256699  0.0246526  0.0243352  0.0318199  0.025  0.0245581  0.0240741  0.0217839  0.0210645  0.0203163  0.0176811  0.0177155  0.0231379  0.0187287  0.017718  0.0168177  0.0163889  0.0167146  0.012087  0.0166952  0.00863043  0.0108476  0.0106008  0.00837742  0.0133822  0.0109449  0.00843711  0.00972729  0.0121014  0.0103677  0.00974633  0.00536461  0.0100077  0.00869864  0.00823267  0.00630047  0.00397742  0.00947988  0.00604872  0.00685459  0.00284285  0.00305212  0.0040699  0.00504731  0.0031289  0.00443045  0  0  0.00301513  0  0.00305212  0.0031289  0.00329466  0.00316876  0.00333888  0.00507236  0.00297902  0.00320965  0.00329466  0.00432108  0  0  0.00301513  0  0  0  0  0  0  0  0.00316876  0  0  0  0  0  0  0  0  0  0  0
CLb for scanned r =  0.624   0.608   0.752   0.688   0.68   0.64   0.664   0.664   0.728   0.632   0.68   0.688   0.704   0.616   0.696   0.656   0.648   0.728   0.672   0.688   0.656   0.672   0.592   0.672   0.672   0.648   0.672   0.696   0.704   0.688   0.728   0.592   0.68   0.6   0.68   0.664   0.608   0.728   0.664   0.736   0.72   0.712   0.68   0.664   0.736   0.752   0.688   0.608   0.648   0.656   0.648   0.608   0.656   0.648   0.712   0.712   0.64   0.664   0.656   0.704   0.656   0.696   0.688   0.64   0.64   0.664   0.616   0.664   0.776   0.656   0.64   0.608   0.632   0.6   0.56   0.672   0.624   0.608   0.656   0.72   0.64   0.664   0.688   0.648   0.64   0.696   0.68   0.64   0.664   0.632   0.616   0.656   0.632   0.584   0.68   0.648   0.688   0.632   0.656   0.648   0.656 
CLbUnc for scanned r =  0.0433243  0.0436656  0.038626  0.0414397  0.0417229  0.0429325  0.0422473  0.0422473  0.0398011  0.0431348  0.0417229  0.0414397  0.0408298  0.0435012  0.0411421  0.042489  0.0427173  0.0398011  0.041992  0.0414397  0.042489  0.041992  0.0439578  0.041992  0.041992  0.0427173  0.041992  0.0411421  0.0408298  0.0414397  0.0398011  0.0439578  0.0417229  0.0438178  0.0417229  0.0422473  0.0436656  0.0398011  0.0422473  0.0394263  0.0401597  0.0405024  0.0417229  0.0422473  0.0394263  0.038626  0.0414397  0.0436656  0.0427173  0.042489  0.0427173  0.0436656  0.042489  0.0427173  0.0405024  0.0405024  0.0429325  0.0422473  0.042489  0.0408298  0.042489  0.0411421  0.0414397  0.0429325  0.0429325  0.0422473  0.0435012  0.0422473  0.0372906  0.042489  0.0429325  0.0436656  0.0431348  0.0438178  0.0443982  0.041992  0.0433243  0.0436656  0.042489  0.0401597  0.0429325  0.0422473  0.0414397  0.0427173  0.0429325  0.0411421  0.0417229  0.0429325  0.0422473  0.0431348  0.0435012  0.042489  0.0431348  0.0440857  0.0417229  0.0427173  0.0414397  0.0431348  0.042489  0.0427173  0.042489
CLsb for scanned r =  0.4   0.37   0.372   0.366   0.344   0.306   0.29   0.29   0.24   0.302   0.244   0.256   0.242   0.224   0.218   0.18   0.166   0.148   0.156   0.14   0.116   0.12   0.142   0.126   0.122   0.108   0.098   0.1   0.096   0.07   0.08   0.082   0.076   0.052   0.062   0.056   0.048   0.038   0.058   0.02   0.03   0.028   0.016   0.038   0.032   0.02   0.022   0.026   0.022   0.02   0.006   0.018   0.016   0.014   0.01   0.004   0.018   0.008   0.01   0.002   0.002   0.004   0.006   0.002   0.004   0   0   0.002   0   0.002   0.002   0.002   0.002   0.002   0.004   0.002   0.002   0.002   0.004   0   0   0.002   0   0   0   0   0   0   0   0.002   0   0   0   0   0   0   0   0   0   0   0 
CLsbUnc for scanned r =  0.0219089  0.0215917  0.0216155  0.0215427  0.0212445  0.0206089  0.0202929  0.0202929  0.0190997  0.0205327  0.0192075  0.0195174  0.0191539  0.0186453  0.0184649  0.0171814  0.01664  0.0158806  0.0162274  0.0155177  0.0143209  0.0145327  0.01561  0.0148408  0.0146367  0.0138806  0.0132963  0.0134164  0.0131745  0.0114105  0.0121326  0.01227  0.0118511  0.00992935  0.0107848  0.0102824  0.00955992  0.00855056  0.0104533  0.00626099  0.00762889  0.0073778  0.00561142  0.00855056  0.00787096  0.00626099  0.00655988  0.00711674  0.00655988  0.00626099  0.00345369  0.00594575  0.00561142  0.00525433  0.00444972  0.00282276  0.00594575  0.00398397  0.00444972  0.001998  0.001998  0.00282276  0.00345369  0.001998  0.00282276  0  0  0.001998  0  0.001998  0.001998  0.001998  0.001998  0.001998  0.00282276  0.001998  0.001998  0.001998  0.00282276  0  0  0.001998  0  0  0  0  0  0  0  0.001998  0  0  0  0  0  0  0  0  0  0  0
CLs observed = 64.2716
CLs observed error= 0.677232
CLs expected = 53.8095
CLs expected error= 0.749237
CLs expected m2sigma = 21.97
CLs expected m2sigma error= 5.7096
CLs expected m1sigma = 36.2152
CLs expected m1sigma error= 1.18997
CLs expected p1sigma = 75.2097
CLs expected p1sigma error= 0.720602
CLs expected p2sigma = 107.769
CLs expected p2sigma error= 0.336674
