# cMSSM_500_560_10_0_1_ch13.txt

 Mzero = 500
 Mhalf = 560
 TanBeta = 10
 Xsection.LO = -1
 Xsection.NLO = 0.0239751
 Luminosity = 4980
 Channel = 13
 n_channels = 1 
 data_0 = 16
 signal_0 = 10.6231
 signal_contamination_0 = 0.54269
 qcd_0 = 11.9564
 lostle_0 = 2.68014
 tau_0 = 1.07537
 zinvis_0 = 3.197
 QCD_stat_unc = 3.77835
 lostle_trigger = 0.0536028
 lostlepton_uncertainties = 0.380863
 other_QCD_uncerts = 8.2833
 other_syst = 1.60961
 other_tau_uncertainties = 0.146
 qcd_trigger = 0.239128
 signal_stat = 0.378665
 signal_syst_kfactor = 0.75733
 signal_syst_xSec_PDF = 1.82742
 signal_trigger = 0.212462
 stat_IsoMuCS = 2.05761
 statistics = 0.735
 systematic_uncertainties = 2.237
 tau_non-closure = 0.0492
 tau_trigger = 0.0215074
 zinvis_trigger = 0.06394

CLs observed asymptotic = 1.2748
CLs expected asymptotic = 1.4114
CLs expected m2sigma asymptotic = 0.7658
CLs expected m1sigma asymptotic = 1.0186
CLs expected p1sigma asymptotic = 1.9605
CLs expected p2sigma asymptotic = 2.6047

CLs expected profile likelihood =  2.00178 
CLs expected m2sigma profile likelihood =  0.454359 
CLs expected m1sigma profile likelihood =  0.888165 
CLs expected p1sigma profile likelihood =  3.13199
CLs expected p2sigma profile likelihood =  6.79032

scanned r = 0.454359 .517718 .581077 .644436 .707795 .771154 .834513 .897872 .961231 1.024590 1.087949 1.151308 1.214667 1.278026 1.341385 1.404744 1.468103 1.531462 1.594821 1.658180 1.721539 1.784898 1.848257 1.911616 1.974975 2.038334 2.101693 2.165052 2.228411 2.291770 2.355129 2.418488 2.481847 2.545206 2.608565 2.671924 2.735283 2.798642 2.862001 2.925360 2.988719 3.052078 3.115437 3.178796 3.242155 3.305514 3.368873 3.432232 3.495591 3.558950 3.622309 3.685668 3.749027 3.812386 3.875745 3.939104 4.002463 4.065822 4.129181 4.192540 4.255899 4.319258 4.382617 4.445976 4.509335 4.572694 4.636053 4.699412 4.762771 4.826130 4.889489 4.952848 5.016207 5.079566 5.142925 5.206284 5.269643 5.333002 5.396361 5.459720 5.523079 5.586438 5.649797 5.713156 5.776515 5.839874 5.903233 5.966592 6.029951 6.093310 6.156669 6.220028 6.283387 6.346746 6.410105 6.473464 6.536823 6.600182 6.663541 6.726900 6.790259
CLs for scanned r =  0.595745   0.462264   0.441489   0.300926   0.267544   0.241071   0.20283   0.154545   0.152344   0.113208   0.106557   0.0725806   0.0614035   0.0801887   0.0818182   0.0816327   0.0344828   0.0301724   0.00806452   0.0117188   0.0322581   0.0175439   0.00877193   0.01   0   0.00833333   0   0.00757576   0   0.00471698   0   0   0   0   0.00454545   0   0   0   0   0   0   0   0   0   0   0   0   0   0   0   0   0   0   0   0   0   0   0   0   0   0   0   0   0   0   0   0   0   0   0   0   0   0   0   0   0   0   0   0   0   0   0   0   0   0   0   0   0   0   0   0   0   0   0   0   0   0   0   0   0   0 
CLsUnc for scanned r =  0.0846821  0.0638393  0.0674263  0.0465251  0.0413935  0.0391514  0.0363535  0.0299649  0.0269377  0.0254489  0.0225678  0.0180264  0.0172556  0.0208632  0.020656  0.0220421  0.0125397  0.0116896  0.00573732  0.00682267  0.0116812  0.00890329  0.00624931  0.00714143  0  0.00593171  0  0.00538439  0  0.00473785  0  0  0  0  0.00456401  0  0  0  0  0  0  0  0  0  0  0  0  0  0  0  0  0  0  0  0  0  0  0  0  0  0  0  0  0  0  0  0  0  0  0  0  0  0  0  0  0  0  0  0  0  0  0  0  0  0  0  0  0  0  0  0  0  0  0  0  0  0  0  0  0  0
CLb for scanned r =  0.376   0.424   0.376   0.432   0.456   0.448   0.424   0.44   0.512   0.424   0.488   0.496   0.456   0.424   0.44   0.392   0.464   0.464   0.496   0.512   0.496   0.456   0.456   0.4   0.512   0.48   0.4   0.528   0.44   0.424   0.392   0.4   0.528   0.456   0.44   0.4   0.384   0.488   0.408   0.432   0.472   0.448   0.44   0.472   0.456   0.432   0.448   0.472   0.464   0.352   0.408   0.448   0.408   0.424   0.408   0.44   0.44   0.408   0.512   0.432   0.464   0.464   0.472   0.432   0.488   0.44   0.488   0.496   0.432   0.416   0.392   0.456   0.336   0.44   0.48   0.52   0.44   0.504   0.48   0.416   0.44   0.344   0.344   0.448   0.48   0.44   0.44   0.464   0.4   0.416   0.472   0.496   0.4   0.44   0.424   0.432   0.448   0.552   0.392   0.544   0.528 
CLbUnc for scanned r =  0.0433243  0.0442017  0.0433243  0.0443058  0.0445479  0.0444788  0.0442017  0.0443982  0.0447085  0.0442017  0.0447085  0.0447199  0.0445479  0.0442017  0.0443982  0.0436656  0.0446053  0.0446053  0.0447199  0.0447085  0.0447199  0.0445479  0.0445479  0.0438178  0.0447085  0.0446856  0.0438178  0.0446512  0.0443982  0.0442017  0.0436656  0.0438178  0.0446512  0.0445479  0.0443982  0.0438178  0.0435012  0.0447085  0.0439578  0.0443058  0.0446512  0.0444788  0.0443982  0.0446512  0.0445479  0.0443058  0.0444788  0.0446512  0.0446053  0.0427173  0.0439578  0.0444788  0.0439578  0.0442017  0.0439578  0.0443982  0.0443982  0.0439578  0.0447085  0.0443058  0.0446053  0.0446053  0.0446512  0.0443058  0.0447085  0.0443982  0.0447085  0.0447199  0.0443058  0.0440857  0.0436656  0.0445479  0.0422473  0.0443982  0.0446856  0.0446856  0.0443982  0.0447199  0.0446856  0.0440857  0.0443982  0.042489  0.042489  0.0444788  0.0446856  0.0443982  0.0443982  0.0446053  0.0438178  0.0440857  0.0446512  0.0447199  0.0438178  0.0443982  0.0442017  0.0443058  0.0444788  0.0444788  0.0436656  0.0445479  0.0446512
CLsb for scanned r =  0.224   0.196   0.166   0.13   0.122   0.108   0.086   0.068   0.078   0.048   0.052   0.036   0.028   0.034   0.036   0.032   0.016   0.014   0.004   0.006   0.016   0.008   0.004   0.004   0   0.004   0   0.004   0   0.002   0   0   0   0   0.002   0   0   0   0   0   0   0   0   0   0   0   0   0   0   0   0   0   0   0   0   0   0   0   0   0   0   0   0   0   0   0   0   0   0   0   0   0   0   0   0   0   0   0   0   0   0   0   0   0   0   0   0   0   0   0   0   0   0   0   0   0   0   0   0   0   0 
CLsbUnc for scanned r =  0.0186453  0.017753  0.01664  0.0150399  0.0146367  0.0138806  0.0125383  0.0112584  0.011993  0.00955992  0.00992935  0.00833115  0.0073778  0.00810481  0.00833115  0.00787096  0.00561142  0.00525433  0.00282276  0.00345369  0.00561142  0.00398397  0.00282276  0.00282276  0  0.00282276  0  0.00282276  0  0.001998  0  0  0  0  0.001998  0  0  0  0  0  0  0  0  0  0  0  0  0  0  0  0  0  0  0  0  0  0  0  0  0  0  0  0  0  0  0  0  0  0  0  0  0  0  0  0  0  0  0  0  0  0  0  0  0  0  0  0  0  0  0  0  0  0  0  0  0  0  0  0  0  0
CLs observed = 1.30562
CLs observed error= 0.0307316
CLs expected = 1.32939
CLs expected error= 0.0316742
CLs expected m2sigma = 0.644436
CLs expected m2sigma error= 0.190077
CLs expected m1sigma = 0.905772
CLs expected m1sigma error= 0.0436152
CLs expected p1sigma = 1.92715
CLs expected p1sigma error= 0.0314784
CLs expected p2sigma = 2.997
CLs expected p2sigma error= 0.0591174
