# cMSSM_1000_400_10_0_1_ch7.txt

 Mzero = 1000
 Mhalf = 400
 TanBeta = 10
 Xsection.LO = -1
 Xsection.NLO = 0.12088
 Luminosity = 4650
 Channel = 7
 n_channels = 1 
 data_0 = 5
 signal_0 = 0.409975
 signal_contamination_0 = 0.0187773
 qcd_0 = 0.0100216
 lostle_0 = 0.695987
 tau_0 = 0.99856
 zinvis_0 = 3.338
 QCD_stat_unc = 0.100216
 lostle_trigger = 0.0139197
 non-closure_uncertainties = 0.07595
 other_QCD_uncerts = 0.0150323
 other_lostlepton_uncertainties = 0.0938069
 other_tau_uncertainties = 0.1063
 qcd_trigger = 0.000200431
 signal_stat = 0.154708
 signal_syst = 0.117709
 signal_syst_acceptance_PDF = 0.000544028
 signal_syst_kfactor = 0.0123874
 signal_syst_xSec_PDF = 0.0620223
 signal_trigger = 0.0081995
 stat_IsoMuCS = 0.895987
 statistics = 1.01
 systematic_uncertainties = 1.769
 tau_trigger = 0.0199712
 zinvis_trigger = 0.06676

CLs observed asymptotic = 20.9616
CLs expected asymptotic = 19.8809
CLs expected m2sigma asymptotic = 10.7864
CLs expected m1sigma asymptotic = 14.3476
CLs expected p1sigma asymptotic = 27.6147
CLs expected p2sigma asymptotic = 36.6897

CLs expected profile likelihood =  23.6514 
CLs expected m2sigma profile likelihood =  7.41002 
CLs expected m1sigma profile likelihood =  12.43 
CLs expected p1sigma profile likelihood =  48.6134
CLs expected p2sigma profile likelihood =  71.4556

scanned r = 7.41002 8.050475 8.690930 9.331385 9.971840 10.612295 11.252750 11.893205 12.533660 13.174115 13.814570 14.455025 15.095480 15.735935 16.376390 17.016845 17.657300 18.297755 18.938210 19.578665 20.219120 20.859575 21.500030 22.140485 22.780940 23.421395 24.061850 24.702305 25.342760 25.983215 26.623670 27.264125 27.904580 28.545035 29.185490 29.825945 30.466400 31.106855 31.747310 32.387765 33.028220 33.668675 34.309130 34.949585 35.590040 36.230495 36.870950 37.511405 38.151860 38.792315 39.432770 40.073225 40.713680 41.354135 41.994590 42.635045 43.275500 43.915955 44.556410 45.196865 45.837320 46.477775 47.118230 47.758685 48.399140 49.039595 49.680050 50.320505 50.960960 51.601415 52.241870 52.882325 53.522780 54.163235 54.803690 55.444145 56.084600 56.725055 57.365510 58.005965 58.646420 59.286875 59.927330 60.567785 61.208240 61.848695 62.489150 63.129605 63.770060 64.410515 65.050970 65.691425 66.331880 66.972335 67.612790 68.253245 68.893700 69.534155 70.174610 70.815065 71.455520
CLs for scanned r =  0.407692   0.326923   0.321429   0.273973   0.333333   0.221014   0.2875   0.295775   0.184028   0.178082   0.192029   0.15942   0.106618   0.0992647   0.141304   0.0846154   0.1   0.126812   0.0789474   0.076087   0.0798611   0.0462963   0.0650685   0.05   0.0434783   0.0774648   0.0403226   0.0659722   0.0333333   0.010274   0.0361842   0.0236486   0.0403226   0.0269231   0.0214286   0.0142857   0.0269231   0.0243056   0.0181159   0.0178571   0.0138889   0.012987   0.0147059   0.0181159   0.0149254   0.0214286   0.00986842   0.00316456   0   0.0189394   0   0.0186567   0.00769231   0.00378788   0.00806452   0   0.00357143   0.00735294   0   0.00390625   0.0115385   0   0.00416667   0   0   0   0   0.00396825   0.00431034   0.0105634   0   0   0.00333333   0   0   0   0   0   0.00328947   0   0   0   0   0.00362319   0   0.00362319   0   0   0.00373134   0   0   0   0   0   0   0   0   0   0   0   0 
CLsUnc for scanned r =  0.049629  0.0367326  0.0398841  0.0348695  0.0461479  0.0319411  0.0418205  0.0374003  0.0277613  0.026966  0.0293501  0.0263019  0.0211062  0.0202809  0.0245291  0.0190787  0.0209395  0.0230589  0.0167146  0.0173691  0.017381  0.0121621  0.0154433  0.0137581  0.012885  0.0172416  0.0131361  0.0156843  0.0107152  0.0059645  0.0110978  0.0090476  0.0131361  0.010366  0.00885994  0.00720382  0.010366  0.00931084  0.00819219  0.00807107  0.00699825  0.00653218  0.00742182  0.00819219  0.00753584  0.00885994  0.00572446  0.00316876  0  0.00857834  0  0.00844565  0.00546849  0.00379762  0.00573732  0  0.00357907  0.00522372  0  0.00391722  0.00671532  0  0.00418053  0  0  0  0  0.00397989  0.00432592  0.00613602  0  0  0.00333888  0  0  0  0  0  0.00329466  0  0  0  0  0.00363132  0  0.00363132  0  0  0.00374052  0  0  0  0  0  0  0  0  0  0  0  0
CLb for scanned r =  0.52   0.624   0.56   0.584   0.48   0.552   0.48   0.568   0.576   0.584   0.552   0.552   0.544   0.544   0.552   0.52   0.52   0.552   0.608   0.552   0.576   0.648   0.584   0.56   0.552   0.568   0.496   0.576   0.6   0.584   0.608   0.592   0.496   0.52   0.56   0.56   0.52   0.576   0.552   0.56   0.576   0.616   0.544   0.552   0.536   0.56   0.608   0.632   0.488   0.528   0.512   0.536   0.52   0.528   0.496   0.504   0.56   0.544   0.584   0.512   0.52   0.52   0.48   0.512   0.544   0.472   0.584   0.504   0.464   0.568   0.48   0.584   0.6   0.528   0.624   0.6   0.496   0.568   0.608   0.544   0.48   0.504   0.528   0.552   0.56   0.552   0.536   0.488   0.536   0.504   0.424   0.52   0.544   0.584   0.536   0.552   0.528   0.632   0.472   0.568   0.552 
CLbUnc for scanned r =  0.0446856  0.0433243  0.0443982  0.0440857  0.0446856  0.0444788  0.0446856  0.0443058  0.0442017  0.0440857  0.0444788  0.0444788  0.0445479  0.0445479  0.0444788  0.0446856  0.0446856  0.0444788  0.0436656  0.0444788  0.0442017  0.0427173  0.0440857  0.0443982  0.0444788  0.0443058  0.0447199  0.0442017  0.0438178  0.0440857  0.0436656  0.0439578  0.0447199  0.0446856  0.0443982  0.0443982  0.0446856  0.0442017  0.0444788  0.0443982  0.0442017  0.0435012  0.0445479  0.0444788  0.0446053  0.0443982  0.0436656  0.0431348  0.0447085  0.0446512  0.0447085  0.0446053  0.0446856  0.0446512  0.0447199  0.0447199  0.0443982  0.0445479  0.0440857  0.0447085  0.0446856  0.0446856  0.0446856  0.0447085  0.0445479  0.0446512  0.0440857  0.0447199  0.0446053  0.0443058  0.0446856  0.0440857  0.0438178  0.0446512  0.0433243  0.0438178  0.0447199  0.0443058  0.0436656  0.0445479  0.0446856  0.0447199  0.0446512  0.0444788  0.0443982  0.0444788  0.0446053  0.0447085  0.0446053  0.0447199  0.0442017  0.0446856  0.0445479  0.0440857  0.0446053  0.0444788  0.0446512  0.0431348  0.0446512  0.0443058  0.0444788
CLsb for scanned r =  0.212   0.204   0.18   0.16   0.16   0.122   0.138   0.168   0.106   0.104   0.106   0.088   0.058   0.054   0.078   0.044   0.052   0.07   0.048   0.042   0.046   0.03   0.038   0.028   0.024   0.044   0.02   0.038   0.02   0.006   0.022   0.014   0.02   0.014   0.012   0.008   0.014   0.014   0.01   0.01   0.008   0.008   0.008   0.01   0.008   0.012   0.006   0.002   0   0.01   0   0.01   0.004   0.002   0.004   0   0.002   0.004   0   0.002   0.006   0   0.002   0   0   0   0   0.002   0.002   0.006   0   0   0.002   0   0   0   0   0   0.002   0   0   0   0   0.002   0   0.002   0   0   0.002   0   0   0   0   0   0   0   0   0   0   0   0 
CLsbUnc for scanned r =  0.0182787  0.0180213  0.0171814  0.0163951  0.0163951  0.0146367  0.0154244  0.0167198  0.0137669  0.0136517  0.0137669  0.0126693  0.0104533  0.0101078  0.011993  0.00917213  0.00992935  0.0114105  0.00955992  0.00897062  0.00936846  0.00762889  0.00855056  0.0073778  0.00684456  0.00917213  0.00626099  0.00855056  0.00626099  0.00345369  0.00655988  0.00525433  0.00626099  0.00525433  0.0048695  0.00398397  0.00525433  0.00525433  0.00444972  0.00444972  0.00398397  0.00398397  0.00398397  0.00444972  0.00398397  0.0048695  0.00345369  0.001998  0  0.00444972  0  0.00444972  0.00282276  0.001998  0.00282276  0  0.001998  0.00282276  0  0.001998  0.00345369  0  0.001998  0  0  0  0  0.001998  0.001998  0.00345369  0  0  0.001998  0  0  0  0  0  0.001998  0  0  0  0  0.001998  0  0.001998  0  0  0.001998  0  0  0  0  0  0  0  0  0  0  0  0
CLs observed = 22.0381
CLs observed error= 0.394653
CLs expected = 20.4349
CLs expected error= 0.536095
CLs expected m2sigma = 8.05048
CLs expected m2sigma error= 3.20232
CLs expected m1sigma = 14.1595
CLs expected m1sigma error= 0.647604
CLs expected p1sigma = 33.3005
CLs expected p1sigma error= 0.371905
CLs expected p2sigma = 56.6833
CLs expected p2sigma error= 1.16946
