# cMSSM_2500_240_10_0_1_ch12.txt

 Mzero = 2500
 Mhalf = 240
 TanBeta = 10
 Xsection.LO = -1
 Xsection.NLO = 2.29006
 Luminosity = 4650
 Channel = 12
 n_channels = 1 
 data_0 = 8
 signal_0 = 2.22757
 signal_contamination_0 = 0.629174
 qcd_0 = 0.240517
 lostle_0 = 2.30584
 tau_0 = 0.59914
 zinvis_0 = 2.316
 QCD_stat_unc = 0.531142
 lostle_trigger = 0.0461167
 non-closure_uncertainties = 0.03186
 other_QCD_uncerts = 0.175377
 other_lostlepton_uncertainties = 0.296551
 other_tau_uncertainties = 0.0736
 qcd_trigger = 0.00481034
 signal_stat = 1.56922
 signal_syst = 0.149845
 signal_syst_acceptance_PDF = 0.000133404
 signal_syst_kfactor = 0.0154047
 signal_syst_xSec_PDF = 0.481491
 signal_trigger = 0.0445514
 stat_IsoMuCS = 2.13551
 statistics = 0.947
 systematic_uncertainties = 2.104
 tau_trigger = 0.0119828
 zinvis_trigger = 0.04632

CLs observed asymptotic = 9.8394
CLs expected asymptotic = 7.5268
CLs expected m2sigma asymptotic = 4.0837
CLs expected m1sigma asymptotic = 5.4319
CLs expected p1sigma asymptotic = 10.4547
CLs expected p2sigma asymptotic = 13.8905

CLs expected profile likelihood =  9.14632 
CLs expected m2sigma profile likelihood =  2.06045 
CLs expected m1sigma profile likelihood =  3.49923 
CLs expected p1sigma profile likelihood =  17.9061
CLs expected p2sigma profile likelihood =  27.0328

scanned r = 2.06045 2.310173 2.559896 2.809619 3.059342 3.309065 3.558788 3.808511 4.058234 4.307957 4.557680 4.807403 5.057126 5.306849 5.556572 5.806295 6.056018 6.305741 6.555464 6.805187 7.054910 7.304633 7.554356 7.804079 8.053802 8.303525 8.553248 8.802971 9.052694 9.302417 9.552140 9.801863 10.051586 10.301309 10.551032 10.800755 11.050478 11.300201 11.549924 11.799647 12.049370 12.299093 12.548816 12.798539 13.048262 13.297985 13.547708 13.797431 14.047154 14.296877 14.546600 14.796323 15.046046 15.295769 15.545492 15.795215 16.044938 16.294661 16.544384 16.794107 17.043830 17.293553 17.543276 17.792999 18.042722 18.292445 18.542168 18.791891 19.041614 19.291337 19.541060 19.790783 20.040506 20.290229 20.539952 20.789675 21.039398 21.289121 21.538844 21.788567 22.038290 22.288013 22.537736 22.787459 23.037182 23.286905 23.536628 23.786351 24.036074 24.285797 24.535520 24.785243 25.034966 25.284689 25.534412 25.784135 26.033858 26.283581 26.533304 26.783027 27.032750
CLs for scanned r =  0.683333   0.644495   0.629902   0.546569   0.55198   0.54798   0.403302   0.436224   0.347087   0.387097   0.3125   0.270455   0.311828   0.304688   0.247549   0.255051   0.207386   0.197917   0.213158   0.155556   0.176316   0.142105   0.122396   0.162088   0.134831   0.120968   0.112069   0.0752427   0.0714286   0.123529   0.0752688   0.0852273   0.0833333   0.0390625   0.0541237   0.0769231   0.0696203   0.0402299   0.0394737   0.0533708   0.0397727   0.0297619   0.0309278   0.0252525   0.0289474   0.0384615   0.0163043   0.0247253   0.0150602   0.0402299   0.0174419   0.0180412   0.00872093   0.016129   0.013587   0.0114943   0.0137363   0.00543478   0.0203488   0.013587   0.0114943   0.010101   0.0108696   0.0105263   0.0172414   0.0108696   0.00914634   0.00290698   0.00263158   0.00914634   0.0130208   0   0.00641026   0.00568182   0.00842697   0.00274725   0.00280899   0.00574713   0   0.00274725   0.00260417   0   0.00265957   0   0.00287356   0.00294118   0.00284091   0   0.00914634   0.00574713   0   0.00287356   0   0   0.00287356   0   0   0.00260417   0   0.00260417   0 
CLsUnc for scanned r =  0.0374784  0.0336932  0.0382894  0.0357918  0.036553  0.0376048  0.0293107  0.033936  0.028414  0.0339613  0.0279508  0.0234131  0.03019  0.0288468  0.0243869  0.0255076  0.0254522  0.0230593  0.0241838  0.0214239  0.0219169  0.019611  0.0180272  0.021709  0.0200302  0.0183357  0.0184609  0.0134528  0.0149098  0.0197548  0.0143736  0.0158754  0.015466  0.0101174  0.0118491  0.014737  0.0152709  0.0108638  0.0102322  0.012387  0.0107307  0.00950075  0.00894465  0.00798958  0.00875319  0.0103502  0.00667356  0.00827836  0.00676954  0.0108638  0.0071553  0.00682632  0.00504731  0.0065995  0.00608947  0.00576428  0.00615821  0.00384631  0.00773483  0.00608947  0.00576428  0.00505153  0.00544423  0.0052687  0.00707025  0.00544423  0.005298  0.00290934  0.00263227  0.005298  0.00582916  0  0.0045455  0.00402313  0.00487432  0.00274861  0.00281072  0.0040699  0  0.00274861  0.00260471  0  0.00266042  0  0.00287571  0.00294377  0.00284285  0  0.005298  0.0040699  0  0.00287571  0  0  0.00287571  0  0  0.00260471  0  0.00260471  0
CLb for scanned r =  0.84   0.872   0.816   0.816   0.808   0.792   0.848   0.784   0.824   0.744   0.8   0.88   0.744   0.768   0.816   0.792   0.704   0.768   0.76   0.72   0.76   0.76   0.768   0.728   0.712   0.744   0.696   0.824   0.672   0.68   0.744   0.704   0.72   0.768   0.776   0.728   0.632   0.696   0.76   0.712   0.704   0.672   0.776   0.792   0.76   0.728   0.736   0.728   0.664   0.696   0.688   0.776   0.688   0.744   0.736   0.696   0.728   0.736   0.688   0.736   0.696   0.792   0.736   0.76   0.696   0.736   0.656   0.688   0.76   0.656   0.768   0.664   0.624   0.704   0.712   0.728   0.712   0.696   0.68   0.728   0.768   0.696   0.752   0.712   0.696   0.68   0.704   0.696   0.656   0.696   0.728   0.696   0.696   0.632   0.696   0.744   0.712   0.768   0.672   0.768   0.72 
CLbUnc for scanned r =  0.0327902  0.0298819  0.0346576  0.0346576  0.0352291  0.0363027  0.0321118  0.036807  0.0340616  0.0390348  0.0357771  0.0290654  0.0390348  0.0377546  0.0346576  0.0363027  0.0408298  0.0377546  0.0381995  0.0401597  0.0381995  0.0381995  0.0377546  0.0398011  0.0405024  0.0390348  0.0411421  0.0340616  0.041992  0.0417229  0.0390348  0.0408298  0.0401597  0.0377546  0.0372906  0.0398011  0.0431348  0.0411421  0.0381995  0.0405024  0.0408298  0.041992  0.0372906  0.0363027  0.0381995  0.0398011  0.0394263  0.0398011  0.0422473  0.0411421  0.0414397  0.0372906  0.0414397  0.0390348  0.0394263  0.0411421  0.0398011  0.0394263  0.0414397  0.0394263  0.0411421  0.0363027  0.0394263  0.0381995  0.0411421  0.0394263  0.042489  0.0414397  0.0381995  0.042489  0.0377546  0.0422473  0.0433243  0.0408298  0.0405024  0.0398011  0.0405024  0.0411421  0.0417229  0.0398011  0.0377546  0.0411421  0.038626  0.0405024  0.0411421  0.0417229  0.0408298  0.0411421  0.042489  0.0411421  0.0398011  0.0411421  0.0411421  0.0431348  0.0411421  0.0390348  0.0405024  0.0377546  0.041992  0.0377546  0.0401597
CLsb for scanned r =  0.574   0.562   0.514   0.446   0.446   0.434   0.342   0.342   0.286   0.288   0.25   0.238   0.232   0.234   0.202   0.202   0.146   0.152   0.162   0.112   0.134   0.108   0.094   0.118   0.096   0.09   0.078   0.062   0.048   0.084   0.056   0.06   0.06   0.03   0.042   0.056   0.044   0.028   0.03   0.038   0.028   0.02   0.024   0.02   0.022   0.028   0.012   0.018   0.01   0.028   0.012   0.014   0.006   0.012   0.01   0.008   0.01   0.004   0.014   0.01   0.008   0.008   0.008   0.008   0.012   0.008   0.006   0.002   0.002   0.006   0.01   0   0.004   0.004   0.006   0.002   0.002   0.004   0   0.002   0.002   0   0.002   0   0.002   0.002   0.002   0   0.006   0.004   0   0.002   0   0   0.002   0   0   0.002   0   0.002   0 
CLsbUnc for scanned r =  0.0221144  0.0221881  0.0223519  0.0222299  0.0222299  0.022165  0.0212149  0.0212149  0.0202091  0.0202512  0.0193649  0.019045  0.0188773  0.0189338  0.0179553  0.0179553  0.0157914  0.0160559  0.0164776  0.0141036  0.0152344  0.0138806  0.013051  0.0144275  0.0131745  0.0127984  0.011993  0.0107848  0.00955992  0.0124052  0.0102824  0.0106207  0.0106207  0.00762889  0.00897062  0.0102824  0.00917213  0.0073778  0.00762889  0.00855056  0.0073778  0.00626099  0.00684456  0.00626099  0.00655988  0.0073778  0.0048695  0.00594575  0.00444972  0.0073778  0.0048695  0.00525433  0.00345369  0.0048695  0.00444972  0.00398397  0.00444972  0.00282276  0.00525433  0.00444972  0.00398397  0.00398397  0.00398397  0.00398397  0.0048695  0.00398397  0.00345369  0.001998  0.001998  0.00345369  0.00444972  0  0.00282276  0.00282276  0.00345369  0.001998  0.001998  0.00282276  0  0.001998  0.001998  0  0.001998  0  0.001998  0.001998  0.001998  0  0.00345369  0.00282276  0  0.001998  0  0  0.001998  0  0  0.001998  0  0.001998  0
CLs observed = 11.0954
CLs observed error= 0.169351
CLs expected = 7.88463
CLs expected error= 0.301236
CLs expected m2sigma = 2.80962
CLs expected m2sigma error= 0.74917
CLs expected m1sigma = 4.91782
CLs expected m1sigma error= 0.260018
CLs expected p1sigma = 13.4162
CLs expected p1sigma error= 0.231594
CLs expected p2sigma = 25.4816
CLs expected p2sigma error= 0.0679805
