# cMSSM_1000_400_10_0_1_ch13.txt

 Mzero = 1000
 Mhalf = 400
 TanBeta = 10
 Xsection.LO = -1
 Xsection.NLO = 0.12088
 Luminosity = 4650
 Channel = 13
 n_channels = 1 
 data_0 = 16
 signal_0 = 12.8674
 signal_contamination_0 = 1.08492
 qcd_0 = 11.9557
 lostle_0 = 2.68005
 tau_0 = 1.07537
 zinvis_0 = 3.197
 QCD_stat_unc = 3.77813
 lostle_trigger = 0.0536011
 non-closure_uncertainties = 0.04784
 other_QCD_uncerts = 8.28281
 other_lostlepton_uncertainties = 0.325298
 other_tau_uncertainties = 0.146
 qcd_trigger = 0.239114
 signal_stat = 0.876266
 signal_syst = 1.27874
 signal_syst_acceptance_PDF = 0.0162834
 signal_syst_kfactor = 0.388787
 signal_syst_xSec_PDF = 2.02093
 signal_trigger = 0.257348
 stat_IsoMuCS = 2.05756
 statistics = 0.735
 systematic_uncertainties = 2.237
 tau_trigger = 0.0215074
 zinvis_trigger = 0.06394

CLs observed asymptotic = 1.0694
CLs expected asymptotic = 1.1724
CLs expected m2sigma asymptotic = 0.6361
CLs expected m1sigma asymptotic = 0.8461
CLs expected p1sigma asymptotic = 1.6284
CLs expected p2sigma asymptotic = 2.1636

CLs expected profile likelihood =  1.54576 
CLs expected m2sigma profile likelihood =  0.480516 
CLs expected m1sigma profile likelihood =  0.825406 
CLs expected p1sigma profile likelihood =  2.69001
CLs expected p2sigma profile likelihood =  5.03319

scanned r = 0.480516 .526042 .571568 .617094 .662620 .708146 .753672 .799198 .844724 .890250 .935776 .981302 1.026828 1.072354 1.117880 1.163406 1.208932 1.254458 1.299984 1.345510 1.391036 1.436562 1.482088 1.527614 1.573140 1.618666 1.664192 1.709718 1.755244 1.800770 1.846296 1.891822 1.937348 1.982874 2.028400 2.073926 2.119452 2.164978 2.210504 2.256030 2.301556 2.347082 2.392608 2.438134 2.483660 2.529186 2.574712 2.620238 2.665764 2.711290 2.756816 2.802342 2.847868 2.893394 2.938920 2.984446 3.029972 3.075498 3.121024 3.166550 3.212076 3.257602 3.303128 3.348654 3.394180 3.439706 3.485232 3.530758 3.576284 3.621810 3.667336 3.712862 3.758388 3.803914 3.849440 3.894966 3.940492 3.986018 4.031544 4.077070 4.122596 4.168122 4.213648 4.259174 4.304700 4.350226 4.395752 4.441278 4.486804 4.532330 4.577856 4.623382 4.668908 4.714434 4.759960 4.805486 4.851012 4.896538 4.942064 4.987590 5.033116
CLs for scanned r =  0.440909   0.408654   0.353261   0.277778   0.254808   0.232143   0.196078   0.1625   0.112245   0.0964912   0.106481   0.0882353   0.0989583   0.0686275   0.05   0.0518868   0.0254237   0.0333333   0.0487805   0.0185185   0.025   0.0175439   0   0   0.00833333   0   0.015625   0.00454545   0.0136364   0   0.00416667   0   0.00862069   0   0   0   0.00446429   0   0   0.00431034   0.00438596   0   0   0   0   0   0.00490196   0   0   0   0   0   0   0   0   0   0   0   0   0   0   0   0   0   0   0   0   0   0   0   0   0   0   0   0   0   0   0   0   0   0   0   0   0   0   0   0   0   0   0   0   0   0   0   0   0   0   0   0   0   0 
CLsUnc for scanned r =  0.0599557  0.0592132  0.0581796  0.0440829  0.0427126  0.038207  0.0364768  0.0292083  0.0265294  0.0222136  0.0242808  0.0225239  0.0249298  0.0195361  0.0165831  0.0163897  0.0105934  0.0140984  0.0182122  0.00941569  0.0114564  0.00890329  0  0  0.00593171  0  0.00916652  0.00456401  0.007969  0  0.00418053  0  0.00613973  0  0  0  0.00448179  0  0  0.00432592  0.00440248  0  0  0  0  0  0.00492545  0  0  0  0  0  0  0  0  0  0  0  0  0  0  0  0  0  0  0  0  0  0  0  0  0  0  0  0  0  0  0  0  0  0  0  0  0  0  0  0  0  0  0  0  0  0  0  0  0  0  0  0  0  0
CLb for scanned r =  0.44   0.416   0.368   0.432   0.416   0.448   0.408   0.48   0.392   0.456   0.432   0.408   0.384   0.408   0.4   0.424   0.472   0.36   0.328   0.432   0.4   0.456   0.416   0.432   0.48   0.456   0.384   0.44   0.44   0.384   0.48   0.48   0.464   0.448   0.568   0.496   0.448   0.384   0.392   0.464   0.456   0.4   0.472   0.4   0.408   0.48   0.408   0.504   0.44   0.496   0.456   0.408   0.4   0.504   0.48   0.344   0.4   0.392   0.408   0.432   0.416   0.392   0.416   0.4   0.376   0.384   0.472   0.4   0.44   0.48   0.504   0.48   0.456   0.392   0.472   0.44   0.456   0.4   0.44   0.488   0.432   0.4   0.392   0.408   0.48   0.384   0.416   0.504   0.464   0.448   0.496   0.432   0.44   0.416   0.408   0.456   0.448   0.512   0.416   0.48   0.392 
CLbUnc for scanned r =  0.0443982  0.0440857  0.0431348  0.0443058  0.0440857  0.0444788  0.0439578  0.0446856  0.0436656  0.0445479  0.0443058  0.0439578  0.0435012  0.0439578  0.0438178  0.0442017  0.0446512  0.0429325  0.041992  0.0443058  0.0438178  0.0445479  0.0440857  0.0443058  0.0446856  0.0445479  0.0435012  0.0443982  0.0443982  0.0435012  0.0446856  0.0446856  0.0446053  0.0444788  0.0443058  0.0447199  0.0444788  0.0435012  0.0436656  0.0446053  0.0445479  0.0438178  0.0446512  0.0438178  0.0439578  0.0446856  0.0439578  0.0447199  0.0443982  0.0447199  0.0445479  0.0439578  0.0438178  0.0447199  0.0446856  0.042489  0.0438178  0.0436656  0.0439578  0.0443058  0.0440857  0.0436656  0.0440857  0.0438178  0.0433243  0.0435012  0.0446512  0.0438178  0.0443982  0.0446856  0.0447199  0.0446856  0.0445479  0.0436656  0.0446512  0.0443982  0.0445479  0.0438178  0.0443982  0.0447085  0.0443058  0.0438178  0.0436656  0.0439578  0.0446856  0.0435012  0.0440857  0.0447199  0.0446053  0.0444788  0.0447199  0.0443058  0.0443982  0.0440857  0.0439578  0.0445479  0.0444788  0.0447085  0.0440857  0.0446856  0.0436656
CLsb for scanned r =  0.194   0.17   0.13   0.12   0.106   0.104   0.08   0.078   0.044   0.044   0.046   0.036   0.038   0.028   0.02   0.022   0.012   0.012   0.016   0.008   0.01   0.008   0   0   0.004   0   0.006   0.002   0.006   0   0.002   0   0.004   0   0   0   0.002   0   0   0.002   0.002   0   0   0   0   0   0.002   0   0   0   0   0   0   0   0   0   0   0   0   0   0   0   0   0   0   0   0   0   0   0   0   0   0   0   0   0   0   0   0   0   0   0   0   0   0   0   0   0   0   0   0   0   0   0   0   0   0   0   0   0   0 
CLsbUnc for scanned r =  0.0176841  0.0167988  0.0150399  0.0145327  0.0137669  0.0136517  0.0121326  0.011993  0.00917213  0.00917213  0.00936846  0.00833115  0.00855056  0.0073778  0.00626099  0.00655988  0.0048695  0.0048695  0.00561142  0.00398397  0.00444972  0.00398397  0  0  0.00282276  0  0.00345369  0.001998  0.00345369  0  0.001998  0  0.00282276  0  0  0  0.001998  0  0  0.001998  0.001998  0  0  0  0  0  0.001998  0  0  0  0  0  0  0  0  0  0  0  0  0  0  0  0  0  0  0  0  0  0  0  0  0  0  0  0  0  0  0  0  0  0  0  0  0  0  0  0  0  0  0  0  0  0  0  0  0  0  0  0  0  0
CLs observed = 1.1258
CLs observed error= 0.0305095
CLs expected = 1.1684
CLs expected error= 0.0187126
CLs expected m2sigma = 0.571568
CLs expected m2sigma error= 0.318682
CLs expected m1sigma = 0.85974
CLs expected m1sigma error= 0.036034
CLs expected p1sigma = 1.62936
CLs expected p1sigma error= 0.0241701
CLs expected p2sigma = 2.25603
CLs expected p2sigma error= 0.40973
