# cMSSM_500_560_10_0_1_ch10.txt

 Mzero = 500
 Mhalf = 560
 TanBeta = 10
 Xsection.LO = -1
 Xsection.NLO = 0.0239751
 Luminosity = 4650
 Channel = 10
 n_channels = 1 
 data_0 = 4
 signal_0 = 2.23703
 signal_contamination_0 = 0.0873898
 qcd_0 = 0.0400862
 lostle_0 = 1.57354
 tau_0 = 2.33317
 zinvis_0 = 2.183
 QCD_stat_unc = 0.200431
 lostle_trigger = 0.0314707
 non-closure_uncertainties = 0.14804
 other_QCD_uncerts = 0.0400862
 other_lostlepton_uncertainties = 0.202744
 other_tau_uncertainties = 0.2655
 qcd_trigger = 0.000801724
 signal_stat = 0.162511
 signal_syst = 0.192918
 signal_syst_acceptance_PDF = 0.0161089
 signal_syst_kfactor = 0.15948
 signal_syst_xSec_PDF = 0.31782
 signal_trigger = 0.0447406
 stat_IsoMuCS = 2.01963
 statistics = 1.261
 systematic_uncertainties = 2.627
 tau_trigger = 0.0466634
 zinvis_trigger = 0.04366

CLs observed asymptotic = 2.5782
CLs expected asymptotic = 3.1980
CLs expected m2sigma asymptotic = 1.7351
CLs expected m1sigma asymptotic = 2.3079
CLs expected p1sigma asymptotic = 4.4421
CLs expected p2sigma asymptotic = 5.9019

CLs expected profile likelihood =  4.52191 
CLs expected m2sigma profile likelihood =  1.1603 
CLs expected m1sigma profile likelihood =  2.29628 
CLs expected p1sigma profile likelihood =  7.58996
CLs expected p2sigma profile likelihood =  14.3216

scanned r = 1.1603 1.291913 1.423526 1.555139 1.686752 1.818365 1.949978 2.081591 2.213204 2.344817 2.476430 2.608043 2.739656 2.871269 3.002882 3.134495 3.266108 3.397721 3.529334 3.660947 3.792560 3.924173 4.055786 4.187399 4.319012 4.450625 4.582238 4.713851 4.845464 4.977077 5.108690 5.240303 5.371916 5.503529 5.635142 5.766755 5.898368 6.029981 6.161594 6.293207 6.424820 6.556433 6.688046 6.819659 6.951272 7.082885 7.214498 7.346111 7.477724 7.609337 7.740950 7.872563 8.004176 8.135789 8.267402 8.399015 8.530628 8.662241 8.793854 8.925467 9.057080 9.188693 9.320306 9.451919 9.583532 9.715145 9.846758 9.978371 10.109984 10.241597 10.373210 10.504823 10.636436 10.768049 10.899662 11.031275 11.162888 11.294501 11.426114 11.557727 11.689340 11.820953 11.952566 12.084179 12.215792 12.347405 12.479018 12.610631 12.742244 12.873857 13.005470 13.137083 13.268696 13.400309 13.531922 13.663535 13.795148 13.926761 14.058374 14.189987 14.321600
CLs for scanned r =  0.333333   0.19898   0.228261   0.222222   0.20625   0.164634   0.152439   0.166667   0.0797872   0.115385   0.107143   0.097561   0.0561224   0.0454545   0.0240385   0.0108696   0.0104167   0.0178571   0   0.0277778   0.0142857   0   0   0.00480769   0.00543478   0   0.00609756   0.00581395   0   0   0   0   0.00595238   0   0   0   0   0   0   0   0   0   0   0   0   0   0   0   0   0   0   0   0   0   0   0   0   0   0   0   0   0   0   0   0   0   0   0   0   0   0   0   0   0   0   0   0   0   0   0   0   0   0   0   0   0   0   0   0   0   0   0   0   0   0   0   0   0   0   0   0 
CLsUnc for scanned r =  0.0593171  0.0377795  0.0430371  0.0492049  0.0438993  0.037335  0.0355514  0.0370899  0.0222753  0.0307877  0.031281  0.0270528  0.017864  0.0196545  0.0109956  0.00777565  0.00744506  0.0105212  0  0.0143742  0.0102874  0  0  0.00482983  0.00546659  0  0.00614128  0.00585236  0  0  0  0  0.00599334  0  0  0  0  0  0  0  0  0  0  0  0  0  0  0  0  0  0  0  0  0  0  0  0  0  0  0  0  0  0  0  0  0  0  0  0  0  0  0  0  0  0  0  0  0  0  0  0  0  0  0  0  0  0  0  0  0  0  0  0  0  0  0  0  0  0  0  0
CLb for scanned r =  0.336   0.392   0.368   0.288   0.32   0.328   0.328   0.336   0.376   0.312   0.28   0.328   0.392   0.264   0.416   0.368   0.384   0.336   0.344   0.288   0.28   0.376   0.312   0.416   0.368   0.328   0.328   0.344   0.376   0.264   0.328   0.304   0.336   0.296   0.304   0.328   0.336   0.36   0.28   0.304   0.328   0.328   0.344   0.312   0.312   0.376   0.36   0.376   0.288   0.28   0.352   0.4   0.336   0.304   0.384   0.304   0.296   0.392   0.392   0.328   0.36   0.288   0.312   0.344   0.32   0.352   0.336   0.4   0.28   0.36   0.328   0.288   0.304   0.344   0.392   0.384   0.272   0.312   0.36   0.376   0.392   0.296   0.408   0.368   0.352   0.368   0.416   0.408   0.384   0.376   0.392   0.32   0.392   0.392   0.368   0.264   0.248   0.408   0.424   0.368   0.416 
CLbUnc for scanned r =  0.0422473  0.0436656  0.0431348  0.0405024  0.0417229  0.041992  0.041992  0.0422473  0.0433243  0.0414397  0.0401597  0.041992  0.0436656  0.0394263  0.0440857  0.0431348  0.0435012  0.0422473  0.042489  0.0405024  0.0401597  0.0433243  0.0414397  0.0440857  0.0431348  0.041992  0.041992  0.042489  0.0433243  0.0394263  0.041992  0.0411421  0.0422473  0.0408298  0.0411421  0.041992  0.0422473  0.0429325  0.0401597  0.0411421  0.041992  0.041992  0.042489  0.0414397  0.0414397  0.0433243  0.0429325  0.0433243  0.0405024  0.0401597  0.0427173  0.0438178  0.0422473  0.0411421  0.0435012  0.0411421  0.0408298  0.0436656  0.0436656  0.041992  0.0429325  0.0405024  0.0414397  0.042489  0.0417229  0.0427173  0.0422473  0.0438178  0.0401597  0.0429325  0.041992  0.0405024  0.0411421  0.042489  0.0436656  0.0435012  0.0398011  0.0414397  0.0429325  0.0433243  0.0436656  0.0408298  0.0439578  0.0431348  0.0427173  0.0431348  0.0440857  0.0439578  0.0435012  0.0433243  0.0436656  0.0417229  0.0436656  0.0436656  0.0431348  0.0394263  0.038626  0.0439578  0.0442017  0.0431348  0.0440857
CLsb for scanned r =  0.112   0.078   0.084   0.064   0.066   0.054   0.05   0.056   0.03   0.036   0.03   0.032   0.022   0.012   0.01   0.004   0.004   0.006   0   0.008   0.004   0   0   0.002   0.002   0   0.002   0.002   0   0   0   0   0.002   0   0   0   0   0   0   0   0   0   0   0   0   0   0   0   0   0   0   0   0   0   0   0   0   0   0   0   0   0   0   0   0   0   0   0   0   0   0   0   0   0   0   0   0   0   0   0   0   0   0   0   0   0   0   0   0   0   0   0   0   0   0   0   0   0   0   0   0 
CLsbUnc for scanned r =  0.0141036  0.011993  0.0124052  0.0109457  0.0111035  0.0101078  0.00974679  0.0102824  0.00762889  0.00833115  0.00762889  0.00787096  0.00655988  0.0048695  0.00444972  0.00282276  0.00282276  0.00345369  0  0.00398397  0.00282276  0  0  0.001998  0.001998  0  0.001998  0.001998  0  0  0  0  0.001998  0  0  0  0  0  0  0  0  0  0  0  0  0  0  0  0  0  0  0  0  0  0  0  0  0  0  0  0  0  0  0  0  0  0  0  0  0  0  0  0  0  0  0  0  0  0  0  0  0  0  0  0  0  0  0  0  0  0  0  0  0  0  0  0  0  0  0  0
CLs observed = 2.66595
CLs observed error= 0.0687317
CLs expected = 3.08167
CLs expected error= 0.0521859
CLs expected m2sigma = 1.94998
CLs expected m2sigma error= 0.78968
CLs expected m1sigma = 2.40161
CLs expected m1sigma error= 0.155072
CLs expected p1sigma = 4.65737
CLs expected p1sigma error= 0.0755897
CLs expected p2sigma = 7.25602
CLs expected p2sigma error= 0.0498521
