# cMSSM_500_560_10_0_1_ch12.txt

 Mzero = 500
 Mhalf = 560
 TanBeta = 10
 Xsection.LO = -1
 Xsection.NLO = 0.0239751
 Luminosity = 4980
 Channel = 12
 n_channels = 1 
 data_0 = 8
 signal_0 = 5.72468
 signal_contamination_0 = 0.254454
 qcd_0 = 0.240531
 lostle_0 = 2.30591
 tau_0 = 0.59914
 zinvis_0 = 2.316
 QCD_stat_unc = 0.531173
 lostle_trigger = 0.0461182
 lostlepton_uncertainties = 0.33188
 other_QCD_uncerts = 0.175387
 other_syst = 0.758947
 other_tau_uncertainties = 0.0736
 qcd_trigger = 0.00481063
 signal_stat = 0.272688
 signal_syst_kfactor = 0.408118
 signal_syst_xSec_PDF = 0.906817
 signal_trigger = 0.114494
 stat_IsoMuCS = 2.13555
 statistics = 0.947
 systematic_uncertainties = 2.104
 tau_non-closure = 0.04094
 tau_trigger = 0.0119828
 zinvis_trigger = 0.04632

CLs observed asymptotic = 1.9192
CLs expected asymptotic = 1.5213
CLs expected m2sigma asymptotic = 0.8254
CLs expected m1sigma asymptotic = 1.0979
CLs expected p1sigma asymptotic = 2.1131
CLs expected p2sigma asymptotic = 2.8075

CLs expected profile likelihood =  1.50404 
CLs expected m2sigma profile likelihood =  0.470541 
CLs expected m1sigma profile likelihood =  0.978666 
CLs expected p1sigma profile likelihood =  2.90151
CLs expected p2sigma profile likelihood =  4.83739

scanned r = 0.470541 .514209 .557877 .601545 .645213 .688881 .732549 .776217 .819885 .863553 .907221 .950889 .994557 1.038225 1.081893 1.125561 1.169229 1.212897 1.256565 1.300233 1.343901 1.387569 1.431237 1.474905 1.518573 1.562241 1.605909 1.649577 1.693245 1.736913 1.780581 1.824249 1.867917 1.911585 1.955253 1.998921 2.042589 2.086257 2.129925 2.173593 2.217261 2.260929 2.304597 2.348265 2.391933 2.435601 2.479269 2.522937 2.566605 2.610273 2.653941 2.697609 2.741277 2.784945 2.828613 2.872281 2.915949 2.959617 3.003285 3.046953 3.090621 3.134289 3.177957 3.221625 3.265293 3.308961 3.352629 3.396297 3.439965 3.483633 3.527301 3.570969 3.614637 3.658305 3.701973 3.745641 3.789309 3.832977 3.876645 3.920313 3.963981 4.007649 4.051317 4.094985 4.138653 4.182321 4.225989 4.269657 4.313325 4.356993 4.400661 4.444329 4.487997 4.531665 4.575333 4.619001 4.662669 4.706337 4.750005 4.793673 4.837341
CLs for scanned r =  0.735577   0.710784   0.691176   0.685   0.670918   0.557339   0.526786   0.541284   0.54902   0.52551   0.505208   0.412736   0.429293   0.363636   0.335   0.392857   0.307292   0.247475   0.262887   0.235981   0.233645   0.18932   0.135321   0.200521   0.185644   0.133838   0.120192   0.154762   0.131188   0.119792   0.0979381   0.0782828   0.0869565   0.0842105   0.0643564   0.0703125   0.0637255   0.0489691   0.0353261   0.05   0.035   0.0386364   0.04   0.0168539   0.0408163   0.0328283   0.0300926   0.0318627   0.02   0.0231959   0.0272277   0.010101   0.0134409   0.018617   0.00773196   0.00555556   0.0138889   0.00824176   0.0132979   0.00520833   0   0.00257732   0   0.00274725   0.00263158   0   0.0105263   0   0   0   0.011236   0   0.00277778   0   0.00260417   0   0   0   0    0   0   0   0   0   0.00280899   0   0.0025   0   0   0   0   0   0   0   0   0   0   0   0.00255102   0 
CLsUnc for scanned r =  0.0394982  0.0405346  0.0400049  0.0413824  0.0424663  0.0319659  0.0296401  0.0316158  0.0358683  0.0373757  0.0377093  0.0296143  0.0332068  0.0305226  0.0289396  0.032151  0.0289756  0.0251222  0.026437  0.022692  0.0225873  0.0211914  0.0171828  0.0232152  0.0213565  0.0184333  0.0168335  0.0224994  0.0179727  0.0178308  0.0159808  0.014082  0.0155843  0.0150113  0.0126051  0.0136075  0.0124657  0.0112672  0.00985292  0.011528  0.00935414  0.009298  0.01  0.00690605  0.0102207  0.0091109  0.0083059  0.00882587  0.00707107  0.00774271  0.008205  0.00505153  0.00602224  0.00705228  0.00446612  0.00393273  0.00622853  0.00476544  0.00595647  0.00368438  0  0.00257772  0  0.00274861  0.00263227  0  0.0052687  0  0  0  0.00563185  0  0.00277932  0  0.00260471  0  0  0  0   0  0  0  0  0  0.00281072  0  0.0025  0  0  0  0  0  0  0  0  0  0  0  0.00255128  0
CLb for scanned r =  0.832   0.816   0.816   0.8   0.784   0.872   0.896   0.872   0.816   0.784   0.768   0.848   0.792   0.792   0.8   0.784   0.768   0.792   0.776   0.856   0.856   0.824   0.872   0.768   0.808   0.792   0.832   0.672   0.808   0.768   0.776   0.792   0.736   0.76   0.808   0.768   0.816   0.776   0.736   0.76   0.8   0.88   0.8   0.712   0.784   0.792   0.864   0.816   0.8   0.776   0.808   0.792   0.744   0.752   0.776   0.72   0.72   0.728   0.752   0.768   0.712   0.776   0.752   0.728   0.76   0.696   0.76   0.784   0.72   0.712   0.712   0.768   0.72   0.744   0.768   0.696   0.776   0.784   0.736    0.728   0.736   0.752   0.76   0.76   0.712   0.76   0.8   0.784   0.648   0.76   0.752   0.76   0.816   0.792   0.712   0.792   0.76   0.672   0.784   0.752 
CLbUnc for scanned r =  0.0334396  0.0346576  0.0346576  0.0357771  0.036807  0.0298819  0.0273033  0.0298819  0.0346576  0.036807  0.0377546  0.0321118  0.0363027  0.0363027  0.0357771  0.036807  0.0377546  0.0363027  0.0372906  0.0314024  0.0314024  0.0340616  0.0298819  0.0377546  0.0352291  0.0363027  0.0334396  0.041992  0.0352291  0.0377546  0.0372906  0.0363027  0.0394263  0.0381995  0.0352291  0.0377546  0.0346576  0.0372906  0.0394263  0.0381995  0.0357771  0.0290654  0.0357771  0.0405024  0.036807  0.0363027  0.0306599  0.0346576  0.0357771  0.0372906  0.0352291  0.0363027  0.0390348  0.038626  0.0372906  0.0401597  0.0401597  0.0398011  0.038626  0.0377546  0.0405024  0.0372906  0.038626  0.0398011  0.0381995  0.0411421  0.0381995  0.036807  0.0401597  0.0405024  0.0405024  0.0377546  0.0401597  0.0390348  0.0377546  0.0411421  0.0372906  0.036807  0.0394263   0.0398011  0.0394263  0.038626  0.0381995  0.0381995  0.0405024  0.0381995  0.0357771  0.036807  0.0427173  0.0381995  0.038626  0.0381995  0.0346576  0.0363027  0.0405024  0.0363027  0.0381995  0.041992  0.036807  0.038626
CLsb for scanned r =  0.612   0.58   0.564   0.548   0.526   0.486   0.472   0.472   0.448   0.412   0.388   0.35   0.34   0.288   0.268   0.308   0.236   0.196   0.204   0.202   0.2   0.156   0.118   0.154   0.15   0.106   0.1   0.104   0.106   0.092   0.076   0.062   0.064   0.064   0.052   0.054   0.052   0.038   0.026   0.038   0.028   0.034   0.032   0.012   0.032   0.026   0.026   0.026   0.016   0.018   0.022   0.008   0.01   0.014   0.006   0.004   0.01   0.006   0.01   0.004   0   0.002   0   0.002   0.002   0   0.008   0   0   0   0.008   0   0.002   0   0.002   0   0   0   0    0   0   0   0   0   0.002   0   0.002   0   0   0   0   0   0   0   0   0   0   0   0.002   0 
CLsbUnc for scanned r =  0.0217925  0.0220726  0.0221767  0.0222574  0.0223304  0.0223519  0.0223256  0.0223256  0.0222394  0.0220116  0.0217925  0.0213307  0.0211849  0.0202512  0.0198079  0.0206464  0.0189897  0.017753  0.0180213  0.0179553  0.0178885  0.0162274  0.0144275  0.0161421  0.0159687  0.0137669  0.0134164  0.0136517  0.0137669  0.0129256  0.0118511  0.0107848  0.0109457  0.0109457  0.00992935  0.0101078  0.00992935  0.00855056  0.00711674  0.00855056  0.0073778  0.00810481  0.00787096  0.0048695  0.00787096  0.00711674  0.00711674  0.00711674  0.00561142  0.00594575  0.00655988  0.00398397  0.00444972  0.00525433  0.00345369  0.00282276  0.00444972  0.00345369  0.00444972  0.00282276  0  0.001998  0  0.001998  0.001998  0  0.00398397  0  0  0  0.00398397  0  0.001998  0  0.001998  0  0  0  0   0  0  0  0  0  0.001998  0  0.001998  0  0  0  0  0  0  0  0  0  0  0  0.001998  0
CLs observed = 2.08421
CLs observed error= 0.0270234
CLs expected = 1.42457
CLs expected error= 0.0261485
CLs expected m2sigma = 0.645213
CLs expected m2sigma error= 0.611347
CLs expected m1sigma = 1.17851
CLs expected m1sigma error= 0.0460664
CLs expected p1sigma = 2.24161
CLs expected p1sigma error= 0.0262166
CLs expected p2sigma = 3.26792
CLs expected p2sigma error= 0.00735737
