# cMSSM_500_560_10_0_1_ch11.txt

 Mzero = 500
 Mhalf = 560
 TanBeta = 10
 Xsection.LO = -1
 Xsection.NLO = 0.0239751
 Luminosity = 4650
 Channel = 11
 n_channels = 1 
 data_0 = 29
 signal_0 = 0.653094
 signal_contamination_0 = 0.0293111
 qcd_0 = 11.6651
 lostle_0 = 4.1961
 tau_0 = 6.17379
 zinvis_0 = 3.108
 QCD_stat_unc = 3.40733
 lostle_trigger = 0.0839219
 non-closure_uncertainties = 0.26521
 other_QCD_uncerts = 7.56627
 other_lostlepton_uncertainties = 0.492234
 other_tau_uncertainties = 0.7375
 qcd_trigger = 0.233302
 signal_stat = 0.0871945
 signal_syst = 0.103884
 signal_syst_acceptance_PDF = 0.00569762
 signal_syst_kfactor = 0.0465597
 signal_syst_xSec_PDF = 0.0742405
 signal_trigger = 0.0130619
 stat_IsoMuCS = 3.49709
 statistics = 0.984
 systematic_uncertainties = 1.714
 tau_trigger = 0.123476
 zinvis_trigger = 0.06216

CLs observed asymptotic = 34.7387
CLs expected asymptotic = 19.8549
CLs expected m2sigma asymptotic = 10.7723
CLs expected m1sigma asymptotic = 14.3288
CLs expected p1sigma asymptotic = 27.5785
CLs expected p2sigma asymptotic = 36.6417

CLs expected profile likelihood =  34.18 
CLs expected m2sigma profile likelihood =  10.6562 
CLs expected m1sigma profile likelihood =  16.6447 
CLs expected p1sigma profile likelihood =  56.8978
CLs expected p2sigma profile likelihood =  104.163

scanned r = 10.6562 11.591268 12.526336 13.461404 14.396472 15.331540 16.266608 17.201676 18.136744 19.071812 20.006880 20.941948 21.877016 22.812084 23.747152 24.682220 25.617288 26.552356 27.487424 28.422492 29.357560 30.292628 31.227696 32.162764 33.097832 34.032900 34.967968 35.903036 36.838104 37.773172 38.708240 39.643308 40.578376 41.513444 42.448512 43.383580 44.318648 45.253716 46.188784 47.123852 48.058920 48.993988 49.929056 50.864124 51.799192 52.734260 53.669328 54.604396 55.539464 56.474532 57.409600 58.344668 59.279736 60.214804 61.149872 62.084940 63.020008 63.955076 64.890144 65.825212 66.760280 67.695348 68.630416 69.565484 70.500552 71.435620 72.370688 73.305756 74.240824 75.175892 76.110960 77.046028 77.981096 78.916164 79.851232 80.786300 81.721368 82.656436 83.591504 84.526572 85.461640 86.396708 87.331776 88.266844 89.201912 90.136980 91.072048 92.007116 92.942184 93.877252 94.812320 95.747388 96.682456 97.617524 98.552592 99.487660 100.422728 101.357796 102.292864 103.227932 104.163000
CLs for scanned r =  0.652778   0.553191   0.541667   0.586207   0.494565   0.489899   0.5   0.394886   0.380435   0.331461   0.340625   0.25   0.294118   0.235294   0.261111   0.198276   0.184066   0.147368   0.165761   0.139881   0.127778   0.133929   0.0788043   0.0718085   0.0714286   0.0775862   0.070122   0.05   0.0625   0.0714286   0.0535714   0.0412088   0.0267857   0.0308989   0.0194444   0.0287356   0.0252809   0.0194805   0.015625   0.0125   0.00308642   0.0174419   0.0130208   0.0117647   0.0181159   0.00609756   0   0.00872093   0   0   0.00555556   0   0.003125   0.00308642   0.00301205   0   0   0   0   0   0.00290698   0   0   0   0   0   0   0   0   0   0   0   0   0   0   0   0   0   0   0   0   0   0   0   0   0   0   0   0   0   0   0   0   0   0   0   0   0   0   0   0 
CLsUnc for scanned r =  0.0478198  0.0408238  0.0427859  0.0468827  0.039454  0.0355156  0.0455321  0.0365305  0.0340535  0.0326628  0.0368038  0.0262829  0.0319015  0.0281023  0.0283031  0.0250699  0.0232203  0.019981  0.0217791  0.0212975  0.0193153  0.0208029  0.014817  0.0139381  0.0141873  0.0152297  0.014986  0.0123073  0.0131618  0.0149098  0.0117153  0.0107187  0.00900478  0.00937948  0.00737783  0.00915464  0.00847371  0.00802384  0.00638685  0.00628117  0.00309004  0.0071553  0.00582916  0.00590308  0.00819219  0.00432108  0  0.00504731  0  0  0.00393273  0  0.0031289  0.00309004  0.00301513  0  0  0  0  0  0.00290934  0  0  0  0  0  0  0  0  0  0  0  0  0  0  0  0  0  0  0  0  0  0  0  0  0  0  0  0  0  0  0  0  0  0  0  0  0  0  0  0
CLb for scanned r =  0.72   0.752   0.72   0.696   0.736   0.792   0.656   0.704   0.736   0.712   0.64   0.76   0.68   0.68   0.72   0.696   0.728   0.76   0.736   0.672   0.72   0.672   0.736   0.752   0.728   0.696   0.656   0.68   0.736   0.672   0.784   0.728   0.672   0.712   0.72   0.696   0.712   0.616   0.768   0.64   0.648   0.688   0.768   0.68   0.552   0.656   0.64   0.688   0.736   0.688   0.72   0.656   0.64   0.648   0.664   0.616   0.64   0.72   0.736   0.608   0.688   0.656   0.648   0.72   0.616   0.64   0.704   0.696   0.704   0.76   0.728   0.6   0.64   0.576   0.656   0.688   0.664   0.64   0.704   0.688   0.56   0.68   0.592   0.616   0.632   0.704   0.664   0.616   0.6   0.632   0.64   0.656   0.584   0.68   0.648   0.696   0.6   0.664   0.608   0.64   0.744 
CLbUnc for scanned r =  0.0401597  0.038626  0.0401597  0.0411421  0.0394263  0.0363027  0.042489  0.0408298  0.0394263  0.0405024  0.0429325  0.0381995  0.0417229  0.0417229  0.0401597  0.0411421  0.0398011  0.0381995  0.0394263  0.041992  0.0401597  0.041992  0.0394263  0.038626  0.0398011  0.0411421  0.042489  0.0417229  0.0394263  0.041992  0.036807  0.0398011  0.041992  0.0405024  0.0401597  0.0411421  0.0405024  0.0435012  0.0377546  0.0429325  0.0427173  0.0414397  0.0377546  0.0417229  0.0444788  0.042489  0.0429325  0.0414397  0.0394263  0.0414397  0.0401597  0.042489  0.0429325  0.0427173  0.0422473  0.0435012  0.0429325  0.0401597  0.0394263  0.0436656  0.0414397  0.042489  0.0427173  0.0401597  0.0435012  0.0429325  0.0408298  0.0411421  0.0408298  0.0381995  0.0398011  0.0438178  0.0429325  0.0442017  0.042489  0.0414397  0.0422473  0.0429325  0.0408298  0.0414397  0.0443982  0.0417229  0.0439578  0.0435012  0.0431348  0.0408298  0.0422473  0.0435012  0.0438178  0.0431348  0.0429325  0.042489  0.0440857  0.0417229  0.0427173  0.0411421  0.0438178  0.0422473  0.0436656  0.0429325  0.0390348
CLsb for scanned r =  0.47   0.416   0.39   0.408   0.364   0.388   0.328   0.278   0.28   0.236   0.218   0.19   0.2   0.16   0.188   0.138   0.134   0.112   0.122   0.094   0.092   0.09   0.058   0.054   0.052   0.054   0.046   0.034   0.046   0.048   0.042   0.03   0.018   0.022   0.014   0.02   0.018   0.012   0.012   0.008   0.002   0.012   0.01   0.008   0.01   0.004   0   0.006   0   0   0.004   0   0.002   0.002   0.002   0   0   0   0   0   0.002   0   0   0   0   0   0   0   0   0   0   0   0   0   0   0   0   0   0   0   0   0   0   0   0   0   0   0   0   0   0   0   0   0   0   0   0   0   0   0   0 
CLsbUnc for scanned r =  0.0223204  0.0220429  0.0218128  0.0219789  0.0215176  0.0217925  0.020996  0.0200358  0.0200798  0.0189897  0.0184649  0.0175442  0.0178885  0.0163951  0.0174732  0.0154244  0.0152344  0.0141036  0.0146367  0.013051  0.0129256  0.0127984  0.0104533  0.0101078  0.00992935  0.0101078  0.00936846  0.00810481  0.00936846  0.00955992  0.00897062  0.00762889  0.00594575  0.00655988  0.00525433  0.00626099  0.00594575  0.0048695  0.0048695  0.00398397  0.001998  0.0048695  0.00444972  0.00398397  0.00444972  0.00282276  0  0.00345369  0  0  0.00282276  0  0.001998  0.001998  0.001998  0  0  0  0  0  0.001998  0  0  0  0  0  0  0  0  0  0  0  0  0  0  0  0  0  0  0  0  0  0  0  0  0  0  0  0  0  0  0  0  0  0  0  0  0  0  0  0
CLs observed = 37.0648
CLs observed error= 0.626326
CLs expected = 29.3587
CLs expected error= 0.459487
CLs expected m2sigma = 11.5913
CLs expected m2sigma error= 15.8961
CLs expected m1sigma = 20.9932
CLs expected m1sigma error= 0.919474
CLs expected p1sigma = 43.8393
CLs expected p1sigma error= 0.520903
CLs expected p2sigma = 63.1068
CLs expected p2sigma error= 0.261965
