# cMSSM_500_560_10_0_1_ch9.txt

 Mzero = 500
 Mhalf = 560
 TanBeta = 10
 Xsection.LO = -1
 Xsection.NLO = 0.0239751
 Luminosity = 4980
 Channel = 9
 n_channels = 1 
 data_0 = 12
 signal_0 = 1.07376
 signal_contamination_0 = 0.087947
 qcd_0 = 0.440974
 lostle_0 = 4.97294
 tau_0 = 2.88046
 zinvis_0 = 5.454
 QCD_stat_unc = 0.61135
 lostle_trigger = 0.0994588
 lostlepton_uncertainties = 0.692405
 other_QCD_uncerts = 0.28062
 other_syst = 0.130527
 other_tau_uncertainties = 0.243
 qcd_trigger = 0.00881948
 signal_stat = 0.115883
 signal_syst_kfactor = 0.0765491
 signal_syst_xSec_PDF = 0.160207
 signal_trigger = 0.0214752
 stat_IsoMuCS = 5.54719
 statistics = 1.464
 systematic_uncertainties = 3.209
 tau_non-closure = 0.16307
 tau_trigger = 0.0576092
 zinvis_trigger = 0.10908

CLs observed asymptotic = 10.8549
CLs expected asymptotic = 11.7970
CLs expected m2sigma asymptotic = 6.4004
CLs expected m1sigma asymptotic = 8.5136
CLs expected p1sigma asymptotic = 16.3860
CLs expected p2sigma asymptotic = 21.7710

CLs expected profile likelihood =  15.1638 
CLs expected m2sigma profile likelihood =  4.09808 
CLs expected m1sigma profile likelihood =  7.05709 
CLs expected p1sigma profile likelihood =  27.5476
CLs expected p2sigma profile likelihood =  40.9166

scanned r = 4.09808 4.466265 4.834450 5.202635 5.570820 5.939005 6.307190 6.675375 7.043560 7.411745 7.779930 8.148115 8.516300 8.884485 9.252670 9.620855 9.989040 10.357225 10.725410 11.093595 11.461780 11.829965 12.198150 12.566335 12.934520 13.302705 13.670890 14.039075 14.407260 14.775445 15.143630 15.511815 15.880000 16.248185 16.616370 16.984555 17.352740 17.720925 18.089110 18.457295 18.825480 19.193665 19.561850 19.930035 20.298220 20.666405 21.034590 21.402775 21.770960 22.139145 22.507330 22.875515 23.243700 23.611885 23.980070 24.348255 24.716440 25.084625 25.452810 25.820995 26.189180 26.557365 26.925550 27.293735 27.661920 28.030105 28.398290 28.766475 29.134660 29.502845 29.871030 30.239215 30.607400 30.975585 31.343770 31.711955 32.080140 32.448325 32.816510 33.184695 33.552880 33.921065 34.289250 34.657435 35.025620 35.393805 35.761990 36.130175 36.498360 36.866545 37.234730 37.602915 37.971100 38.339285 38.707470 39.075655 39.443840 39.812025 40.180210 40.548395 40.916580
CLs for scanned r =  0.471698   0.424528   0.342308   0.318548   0.344262   0.350962   0.313725   0.172131   0.234043   0.140625   0.191176   0.138889   0.121094   0.111111   0.113636   0.0808824   0.0645161   0.0964912   0.0952381   0.0803571   0.0745614   0.0340909   0.0307018   0.037037   0.037037   0.0265152   0.0201613   0.025   0.0458333   0.0204918   0.0215517   0.0163934   0.00819672   0.0169492   0.00862069   0.00431034   0.0163934   0.00378788   0.00403226   0.00446429   0.00806452   0.0125   0   0   0   0   0.00423729   0   0   0   0   0   0   0   0   0   0   0   0   0   0   0   0   0   0   0   0   0   0.00431034   0   0   0   0   0   0   0   0   0   0   0   0   0   0   0   0   0   0   0   0   0   0   0   0   0   0   0   0   0   0   0   0 
CLsUnc for scanned r =  0.0647927  0.0600059  0.0441306  0.0436624  0.0465687  0.0531442  0.0498348  0.0299147  0.0431578  0.0257012  0.0358928  0.0257767  0.0235692  0.0248912  0.0249436  0.0181148  0.0169014  0.0222136  0.0263087  0.0202354  0.0192084  0.0116241  0.0119066  0.0135334  0.0135334  0.0102009  0.00915352  0.0114564  0.014317  0.00930954  0.00981116  0.00830087  0.0058329  0.00859155  0.00613973  0.00432592  0.00830087  0.00379762  0.0040446  0.00448179  0.00573732  0.00728869  0  0  0  0  0.00425199  0  0  0  0  0  0  0  0  0  0  0  0  0  0  0  0  0  0  0  0  0  0.00432592  0  0  0  0  0  0  0  0  0  0  0  0  0  0  0  0  0  0  0  0  0  0  0  0  0  0  0  0  0  0  0  0
CLb for scanned r =  0.424   0.424   0.52   0.496   0.488   0.416   0.408   0.488   0.376   0.512   0.408   0.504   0.512   0.432   0.44   0.544   0.496   0.456   0.336   0.448   0.456   0.528   0.456   0.432   0.432   0.528   0.496   0.4   0.48   0.488   0.464   0.488   0.488   0.472   0.464   0.464   0.488   0.528   0.496   0.448   0.496   0.48   0.48   0.488   0.44   0.4   0.472   0.472   0.4   0.536   0.488   0.496   0.472   0.448   0.472   0.384   0.528   0.464   0.44   0.576   0.464   0.488   0.512   0.528   0.392   0.504   0.536   0.488   0.464   0.44   0.424   0.456   0.528   0.52   0.512   0.384   0.488   0.448   0.408   0.392   0.4   0.528   0.512   0.456   0.488   0.392   0.44   0.472   0.464   0.488   0.432   0.424   0.44   0.408   0.504   0.448   0.432   0.48   0.424   0.432   0.44 
CLbUnc for scanned r =  0.0442017  0.0442017  0.0446856  0.0447199  0.0447085  0.0440857  0.0439578  0.0447085  0.0433243  0.0447085  0.0439578  0.0447199  0.0447085  0.0443058  0.0443982  0.0445479  0.0447199  0.0445479  0.0422473  0.0444788  0.0445479  0.0446512  0.0445479  0.0443058  0.0443058  0.0446512  0.0447199  0.0438178  0.0446856  0.0447085  0.0446053  0.0447085  0.0447085  0.0446512  0.0446053  0.0446053  0.0447085  0.0446512  0.0447199  0.0444788  0.0447199  0.0446856  0.0446856  0.0447085  0.0443982  0.0438178  0.0446512  0.0446512  0.0438178  0.0446053  0.0447085  0.0447199  0.0446512  0.0444788  0.0446512  0.0435012  0.0446512  0.0446053  0.0443982  0.0442017  0.0446053  0.0447085  0.0447085  0.0446512  0.0436656  0.0447199  0.0446053  0.0447085  0.0446053  0.0443982  0.0442017  0.0445479  0.0446512  0.0446856  0.0447085  0.0435012  0.0447085  0.0444788  0.0439578  0.0436656  0.0438178  0.0446512  0.0447085  0.0445479  0.0447085  0.0436656  0.0443982  0.0446512  0.0446053  0.0447085  0.0443058  0.0442017  0.0443982  0.0439578  0.0447199  0.0444788  0.0443058  0.0446856  0.0442017  0.0443058  0.0443982
CLsb for scanned r =  0.2   0.18   0.178   0.158   0.168   0.146   0.128   0.084   0.088   0.072   0.078   0.07   0.062   0.048   0.05   0.044   0.032   0.044   0.032   0.036   0.034   0.018   0.014   0.016   0.016   0.014   0.01   0.01   0.022   0.01   0.01   0.008   0.004   0.008   0.004   0.002   0.008   0.002   0.002   0.002   0.004   0.006   0   0   0   0   0.002   0   0   0   0   0   0   0   0   0   0   0   0   0   0   0   0   0   0   0   0   0   0.002   0   0   0   0   0   0   0   0   0   0   0   0   0   0   0   0   0   0   0   0   0   0   0   0   0   0   0   0   0   0   0   0 
CLsbUnc for scanned r =  0.0178885  0.0171814  0.0171065  0.0163117  0.0167198  0.0157914  0.014941  0.0124052  0.0126693  0.0115599  0.011993  0.0114105  0.0107848  0.00955992  0.00974679  0.00917213  0.00787096  0.00917213  0.00787096  0.00833115  0.00810481  0.00594575  0.00525433  0.00561142  0.00561142  0.00525433  0.00444972  0.00444972  0.00655988  0.00444972  0.00444972  0.00398397  0.00282276  0.00398397  0.00282276  0.001998  0.00398397  0.001998  0.001998  0.001998  0.00282276  0.00345369  0  0  0  0  0.001998  0  0  0  0  0  0  0  0  0  0  0  0  0  0  0  0  0  0  0  0  0  0.001998  0  0  0  0  0  0  0  0  0  0  0  0  0  0  0  0  0  0  0  0  0  0  0  0  0  0  0  0  0  0  0  0
CLs observed = 11.6179
CLs observed error= 0.247251
CLs expected = 11.399
CLs expected error= 0.242214
CLs expected m2sigma = 4.46627
CLs expected m2sigma error= 1.84092
CLs expected m1sigma = 8.09736
CLs expected m1sigma error= 0.40473
CLs expected p1sigma = 16.5066
CLs expected p1sigma error= 0.192214
CLs expected p2sigma = 27.126
CLs expected p2sigma error= 0.0737843
