# cMSSM_1000_400_10_0_1_ch4.txt

 Mzero = 1000
 Mhalf = 400
 TanBeta = 10
 Xsection.LO = -1
 Xsection.NLO = 0.12088
 Luminosity = 4650
 Channel = 4
 n_channels = 1 
 data_0 = 177
 signal_0 = 1.58645
 signal_contamination_0 = 0.159595
 qcd_0 = 34.6144
 lostle_0 = 57.6963
 tau_0 = 56.265
 zinvis_0 = 48.38
 QCD_stat_unc = 5.35151
 lostle_trigger = 1.15393
 non-closure_uncertainties = 2.41696
 other_QCD_uncerts = 23.3903
 other_lostlepton_uncertainties = 6.71375
 other_tau_uncertainties = 4.375
 qcd_trigger = 0.692289
 signal_stat = 0.304651
 signal_syst = 0.400973
 signal_syst_acceptance_PDF = 0.00458596
 signal_syst_kfactor = 0.0479346
 signal_syst_xSec_PDF = 0.297043
 signal_trigger = 0.031729
 stat_IsoMuCS = 18.7059
 statistics = 3.91
 systematic_uncertainties = 18.66
 tau_trigger = 1.1253
 zinvis_trigger = 0.9676

CLs observed asymptotic = 37.3959
CLs expected asymptotic = 19.8416
CLs expected m2sigma asymptotic = 10.7651
CLs expected m1sigma asymptotic = 14.3192
CLs expected p1sigma asymptotic = 27.5600
CLs expected p2sigma asymptotic = 36.6172

CLs expected profile likelihood =  60.0016 
CLs expected m2sigma profile likelihood =  18.3185 
CLs expected m1sigma profile likelihood =  32.2907 
CLs expected p1sigma profile likelihood =  104.24
CLs expected p2sigma profile likelihood =  167.549

scanned r = 18.3185 19.810805 21.303110 22.795415 24.287720 25.780025 27.272330 28.764635 30.256940 31.749245 33.241550 34.733855 36.226160 37.718465 39.210770 40.703075 42.195380 43.687685 45.179990 46.672295 48.164600 49.656905 51.149210 52.641515 54.133820 55.626125 57.118430 58.610735 60.103040 61.595345 63.087650 64.579955 66.072260 67.564565 69.056870 70.549175 72.041480 73.533785 75.026090 76.518395 78.010700 79.503005 80.995310 82.487615 83.979920 85.472225 86.964530 88.456835 89.949140 91.441445 92.933750 94.426055 95.918360 97.410665 98.902970 100.395275 101.887580 103.379885 104.872190 106.364495 107.856800 109.349105 110.841410 112.333715 113.826020 115.318325 116.810630 118.302935 119.795240 121.287545 122.779850 124.272155 125.764460 127.256765 128.749070 130.241375 131.733680 133.225985 134.718290 136.210595 137.702900 139.195205 140.687510 142.179815 143.672120 145.164425 146.656730 148.149035 149.641340 151.133645 152.625950 154.118255 155.610560 157.102865 158.595170 160.087475 161.579780 163.072085 164.564390 166.056695 167.549000
CLs for scanned r =  0.29375   0.243902   0.238889   0.204545   0.180233   0.181818   0.184524   0.132979   0.122093   0.0872093   0.0670732   0.0833333   0.05   0.0639535   0.0102041   0.05   0.0520833   0.0326087   0.0238095   0.0284091   0.0102041   0.0460526   0.015625   0.0108696   0.0111111   0.0102041   0.0121951   0.0170455   0.01   0.00595238   0.0119048   0.00714286   0.00595238   0.00641026   0.00480769   0.00462963   0.0111111   0   0   0.005   0   0   0   0   0.0131579   0   0   0   0   0   0   0   0   0   0   0   0   0   0.00595238   0   0   0   0   0   0   0   0   0   0   0   0   0   0   0   0   0   0   0   0   0   0   0   0   0   0   0   0   0   0   0   0   0   0   0   0   0   0   0   0   0   0 
CLsUnc for scanned r =  0.0559488  0.0484073  0.0449962  0.0411665  0.0384508  0.0381287  0.039605  0.0301121  0.0301238  0.0246546  0.0217651  0.0217995  0.0175594  0.0206407  0.00729009  0.0217945  0.0173394  0.0137733  0.0122291  0.0131029  0.00729009  0.0183734  0.00916652  0.00777565  0.00795219  0.00729009  0.00874646  0.0100273  0.00714143  0.00599334  0.00853339  0.00720888  0.00599334  0.00646019  0.00482983  0.00464931  0.00795219  0  0  0.00502494  0  0  0  0  0.00945462  0  0  0  0  0  0  0  0  0  0  0  0  0  0.00599334  0  0  0  0  0  0  0  0  0  0  0  0  0  0  0  0  0  0  0  0  0  0  0  0  0  0  0  0  0  0  0  0  0  0  0  0  0  0  0  0  0  0
CLb for scanned r =  0.32   0.328   0.36   0.352   0.344   0.352   0.336   0.376   0.344   0.344   0.328   0.408   0.36   0.344   0.392   0.24   0.384   0.368   0.336   0.352   0.392   0.304   0.384   0.368   0.36   0.392   0.328   0.352   0.4   0.336   0.336   0.28   0.336   0.312   0.416   0.432   0.36   0.336   0.416   0.4   0.36   0.336   0.352   0.36   0.304   0.368   0.384   0.456   0.424   0.4   0.392   0.28   0.336   0.384   0.384   0.32   0.32   0.336   0.336   0.376   0.424   0.4   0.36   0.504   0.328   0.384   0.352   0.376   0.424   0.4   0.384   0.336   0.432   0.416   0.376   0.36   0.456   0.464   0.328   0.44   0.36   0.36   0.408   0.432   0.4   0.472   0.336   0.368   0.368   0.36   0.288   0.336   0.4   0.44   0.368   0.384   0.312   0.344   0.432   0.456   0.384 
CLbUnc for scanned r =  0.0417229  0.041992  0.0429325  0.0427173  0.042489  0.0427173  0.0422473  0.0433243  0.042489  0.042489  0.041992  0.0439578  0.0429325  0.042489  0.0436656  0.0381995  0.0435012  0.0431348  0.0422473  0.0427173  0.0436656  0.0411421  0.0435012  0.0431348  0.0429325  0.0436656  0.041992  0.0427173  0.0438178  0.0422473  0.0422473  0.0401597  0.0422473  0.0414397  0.0440857  0.0443058  0.0429325  0.0422473  0.0440857  0.0438178  0.0429325  0.0422473  0.0427173  0.0429325  0.0411421  0.0431348  0.0435012  0.0445479  0.0442017  0.0438178  0.0436656  0.0401597  0.0422473  0.0435012  0.0435012  0.0417229  0.0417229  0.0422473  0.0422473  0.0433243  0.0442017  0.0438178  0.0429325  0.0447199  0.041992  0.0435012  0.0427173  0.0433243  0.0442017  0.0438178  0.0435012  0.0422473  0.0443058  0.0440857  0.0433243  0.0429325  0.0445479  0.0446053  0.041992  0.0443982  0.0429325  0.0429325  0.0439578  0.0443058  0.0438178  0.0446512  0.0422473  0.0431348  0.0431348  0.0429325  0.0405024  0.0422473  0.0438178  0.0443982  0.0431348  0.0435012  0.0414397  0.042489  0.0443058  0.0445479  0.0435012
CLsb for scanned r =  0.094   0.08   0.086   0.072   0.062   0.064   0.062   0.05   0.042   0.03   0.022   0.034   0.018   0.022   0.004   0.012   0.02   0.012   0.008   0.01   0.004   0.014   0.006   0.004   0.004   0.004   0.004   0.006   0.004   0.002   0.004   0.002   0.002   0.002   0.002   0.002   0.004   0   0   0.002   0   0   0   0   0.004   0   0   0   0   0   0   0   0   0   0   0   0   0   0.002   0   0   0   0   0   0   0   0   0   0   0   0   0   0   0   0   0   0   0   0   0   0   0   0   0   0   0   0   0   0   0   0   0   0   0   0   0   0   0   0   0   0 
CLsbUnc for scanned r =  0.013051  0.0121326  0.0125383  0.0115599  0.0107848  0.0109457  0.0107848  0.00974679  0.00897062  0.00762889  0.00655988  0.00810481  0.00594575  0.00655988  0.00282276  0.0048695  0.00626099  0.0048695  0.00398397  0.00444972  0.00282276  0.00525433  0.00345369  0.00282276  0.00282276  0.00282276  0.00282276  0.00345369  0.00282276  0.001998  0.00282276  0.001998  0.001998  0.001998  0.001998  0.001998  0.00282276  0  0  0.001998  0  0  0  0  0.00282276  0  0  0  0  0  0  0  0  0  0  0  0  0  0.001998  0  0  0  0  0  0  0  0  0  0  0  0  0  0  0  0  0  0  0  0  0  0  0  0  0  0  0  0  0  0  0  0  0  0  0  0  0  0  0  0  0  0
CLs observed = 34.8158
CLs observed error= 0.74066
CLs expected = 46.0751
CLs expected error= 0.77639
CLs expected m2sigma = 19.8108
CLs expected m2sigma error= 1.4923
CLs expected m1sigma = 29.3719
CLs expected m1sigma error= 1.62702
CLs expected p1sigma = 71.1454
CLs expected p1sigma error= 0.96241
CLs expected p2sigma = 118.441
CLs expected p2sigma error= 0.30142
