# cMSSM_500_560_10_0_1_ch0.txt

 Mzero = 500
 Mhalf = 560
 TanBeta = 10
 Xsection.LO = -1
 Xsection.NLO = 0.0239751
 Luminosity = 4650
 Channel = 0
 n_channels = 1 
 data_0 = 1269
 signal_0 = 1.7395
 signal_contamination_0 = 0.129004
 qcd_0 = 118.625
 lostle_0 = 326.509
 tau_0 = 348.536
 zinvis_0 = 359.2
 QCD_stat_unc = 12.3165
 lostle_trigger = 6.53017
 non-closure_uncertainties = 14.972
 other_QCD_uncerts = 75.9082
 other_lostlepton_uncertainties = 38.3206
 other_tau_uncertainties = 23.5
 qcd_trigger = 2.3725
 signal_stat = 0.142991
 signal_syst = 0.166894
 signal_syst_acceptance_PDF = 0.0130084
 signal_syst_kfactor = 0.12401
 signal_syst_xSec_PDF = 0.0954308
 signal_trigger = 0.03479
 stat_IsoMuCS = 36.49
 statistics = 10.8
 systematic_uncertainties = 81.2
 tau_trigger = 6.97072
 zinvis_trigger = 7.184

CLs observed asymptotic = 207.1488
CLs expected asymptotic = 19.8292
CLs expected m2sigma asymptotic = 10.7583
CLs expected m1sigma asymptotic = 14.3103
CLs expected p1sigma asymptotic = 27.5428
CLs expected p2sigma asymptotic = 36.5943

CLs expected profile likelihood =  151.104 
CLs expected m2sigma profile likelihood =  53.1284 
CLs expected m1sigma profile likelihood =  84.5118 
CLs expected p1sigma profile likelihood =  247.156
CLs expected p2sigma profile likelihood =  364.579

scanned r = 53.1284 56.242906 59.357412 62.471918 65.586424 68.700930 71.815436 74.929942 78.044448 81.158954 84.273460 87.387966 90.502472 93.616978 96.731484 99.845990 102.960496 106.075002 109.189508 112.304014 115.418520 118.533026 121.647532 124.762038 127.876544 130.991050 134.105556 137.220062 140.334568 143.449074 146.563580 149.678086 152.792592 155.907098 159.021604 162.136110 165.250616 168.365122 171.479628 174.594134 177.708640 180.823146 183.937652 187.052158 190.166664 193.281170 196.395676 199.510182 202.624688 205.739194 208.853700 211.968206 215.082712 218.197218 221.311724 224.426230 227.540736 230.655242 233.769748 236.884254 239.998760 243.113266 246.227772 249.342278 252.456784 255.571290 258.685796 261.800302 264.914808 268.029314 271.143820 274.258326 277.372832 280.487338 283.601844 286.716350 289.830856 292.945362 296.059868 299.174374 302.288880 305.403386 308.517892 311.632398 314.746904 317.861410 320.975916 324.090422 327.204928 330.319434 333.433940 336.548446 339.662952 342.777458 345.891964 349.006470 352.120976 355.235482 358.349988 361.464494 364.579000
CLs for scanned r =  0.996   0.992   0.994   0.994   0.996   0.994   0.998   0.666667   0.632075   0.590909   0.584071   0.578571   0.523364   0.502174   0.547619   0.488208   0.55   0.473039   0.39486   0.385922   0.441748   0.379808   0.337054   0.375   0.329208   0.325472   0.291262   0.254902   0.25   0.221429   0.238532   0.219626   0.174757   0.183962   0.209596   0.141827   0.141509   0.155093   0.120283   0.102804   0.0902778   0.0970874   0.0808081   0.0730088   0.0747664   0.095   0.0625   0.0745192   0.0793269   0.0608108   0.0721154   0.0452381   0.0309278   0.0373832   0.0373832   0.0327103   0.0373832   0.0245098   0.0220588   0.0220588   0.0145631   0.0235849   0.0142857   0.0235849   0.0145631   0.0180412   0.0196078   0.0049505   0.00229358   0.00765306   0.0047619   0.00510204   0.0049505   0.00238095   0.00458716   0.00742574   0.00675676   0   0   0   0   0.00242718   0.00265957   0   0   0   0   0.00252525   0   0.00235849   0   0   0   0   0   0   0   0   0   0   0 
CLsUnc for scanned r =  0.00282276  0.00398397  0.00345369  0.00345369  0.00282276  0.00345369  0.001998  0.0370899  0.0355612  0.0320241  0.0299955  0.034902  0.0323051  0.027618  0.0340742  0.0318829  0.037081  0.0333996  0.0286456  0.0298885  0.0318648  0.0292834  0.0251124  0.03139  0.0283574  0.0266019  0.0261197  0.024739  0.0235424  0.0224469  0.0223632  0.0219451  0.0203782  0.0203646  0.0231024  0.0182536  0.0179559  0.0184714  0.0165981  0.0152736  0.0142457  0.0152612  0.0143081  0.0124656  0.0130779  0.015411  0.0116329  0.013304  0.0137211  0.0115454  0.0130902  0.0103313  0.00894465  0.00929675  0.00929675  0.00870206  0.00929675  0.00774308  0.00734645  0.00734645  0.00594017  0.00743706  0.00582378  0.00743706  0.00594017  0.00682632  0.00692698  0.00350018  0.00229263  0.00441985  0.00336557  0.00360842  0.00350018  0.00238039  0.00324093  0.00428662  0.00389521  0  0  0  0  0.00242683  0.00266042  0  0  0  0  0.00252538  0  0.00235782  0  0  0  0  0  0  0  0  0  0  0
CLb for scanned r =  1   1   1   1   1   1   1   0.84   0.848   0.88   0.904   0.84   0.856   0.92   0.84   0.848   0.8   0.816   0.856   0.824   0.824   0.832   0.896   0.784   0.808   0.848   0.824   0.816   0.848   0.84   0.872   0.856   0.824   0.848   0.792   0.832   0.848   0.864   0.848   0.856   0.864   0.824   0.792   0.904   0.856   0.8   0.896   0.832   0.832   0.888   0.832   0.84   0.776   0.856   0.856   0.856   0.856   0.816   0.816   0.816   0.824   0.848   0.84   0.848   0.824   0.776   0.816   0.808   0.872   0.784   0.84   0.784   0.808   0.84   0.872   0.808   0.888   0.752   0.8   0.832   0.728   0.824   0.752   0.792   0.792   0.816   0.856   0.792   0.84   0.848   0.808   0.88   0.784   0.8   0.768   0.8   0.824   0.76   0.792   0.8   0.816 
CLbUnc for scanned r =  0  0  0  0  0  0  0  0.0327902  0.0321118  0.0290654  0.026349  0.0327902  0.0314024  0.0242652  0.0327902  0.0321118  0.0357771  0.0346576  0.0314024  0.0340616  0.0340616  0.0334396  0.0273033  0.036807  0.0352291  0.0321118  0.0340616  0.0346576  0.0321118  0.0327902  0.0298819  0.0314024  0.0340616  0.0321118  0.0363027  0.0334396  0.0321118  0.0306599  0.0321118  0.0314024  0.0306599  0.0340616  0.0363027  0.026349  0.0314024  0.0357771  0.0273033  0.0334396  0.0334396  0.0282072  0.0334396  0.0327902  0.0372906  0.0314024  0.0314024  0.0314024  0.0314024  0.0346576  0.0346576  0.0346576  0.0340616  0.0321118  0.0327902  0.0321118  0.0340616  0.0372906  0.0346576  0.0352291  0.0298819  0.036807  0.0327902  0.036807  0.0352291  0.0327902  0.0298819  0.0352291  0.0282072  0.038626  0.0357771  0.0334396  0.0398011  0.0340616  0.038626  0.0363027  0.0363027  0.0346576  0.0314024  0.0363027  0.0327902  0.0321118  0.0352291  0.0290654  0.036807  0.0357771  0.0377546  0.0357771  0.0340616  0.0381995  0.0363027  0.0357771  0.0346576
CLsb for scanned r =  0.996   0.992   0.994   0.994   0.996   0.994   0.998   0.56   0.536   0.52   0.528   0.486   0.448   0.462   0.46   0.414   0.44   0.386   0.338   0.318   0.364   0.316   0.302   0.294   0.266   0.276   0.24   0.208   0.212   0.186   0.208   0.188   0.144   0.156   0.166   0.118   0.12   0.134   0.102   0.088   0.078   0.08   0.064   0.066   0.064   0.076   0.056   0.062   0.066   0.054   0.06   0.038   0.024   0.032   0.032   0.028   0.032   0.02   0.018   0.018   0.012   0.02   0.012   0.02   0.012   0.014   0.016   0.004   0.002   0.006   0.004   0.004   0.004   0.002   0.004   0.006   0.006   0   0   0   0   0.002   0.002   0   0   0   0   0.002   0   0.002   0   0   0   0   0   0   0   0   0   0   0 
CLsbUnc for scanned r =  0.00282276  0.00398397  0.00345369  0.00345369  0.00282276  0.00345369  0.001998  0.0221991  0.0223026  0.0223428  0.0223256  0.0223519  0.0222394  0.022296  0.022289  0.0220274  0.0221991  0.0217717  0.0211545  0.0208267  0.0215176  0.0207915  0.0205327  0.0203747  0.0197608  0.0199912  0.0190997  0.0181514  0.0182787  0.0174014  0.0181514  0.0174732  0.0157012  0.0162274  0.01664  0.0144275  0.0145327  0.0152344  0.0135348  0.0126693  0.011993  0.0121326  0.0109457  0.0111035  0.0109457  0.0118511  0.0102824  0.0107848  0.0111035  0.0101078  0.0106207  0.00855056  0.00684456  0.00787096  0.00787096  0.0073778  0.00787096  0.00626099  0.00594575  0.00594575  0.0048695  0.00626099  0.0048695  0.00626099  0.0048695  0.00525433  0.00561142  0.00282276  0.001998  0.00345369  0.00282276  0.00282276  0.00282276  0.001998  0.00282276  0.00345369  0.00345369  0  0  0  0  0.001998  0.001998  0  0  0  0  0.001998  0  0.001998  0  0  0  0  0  0  0  0  0  0  0
CLs observed = 207.732
CLs observed error= 1.91044
CLs expected = 145.824
CLs expected error= 1.67457
CLs expected m2sigma = 56.2429
CLs expected m2sigma error= 12.458
CLs expected m1sigma = 101.864
CLs expected m1sigma error= 3.47266
CLs expected p1sigma = 208.156
CLs expected p1sigma error= 1.9873
CLs expected p2sigma = 296.06
CLs expected p2sigma error= 3.115
