# cMSSM_1000_400_10_0_1_ch10.txt

 Mzero = 1000
 Mhalf = 400
 TanBeta = 10
 Xsection.LO = -1
 Xsection.NLO = 0.12088
 Luminosity = 4650
 Channel = 10
 n_channels = 1 
 data_0 = 4
 signal_0 = 1.71091
 signal_contamination_0 = 0.104239
 qcd_0 = 0.0400862
 lostle_0 = 1.57354
 tau_0 = 2.33317
 zinvis_0 = 2.183
 QCD_stat_unc = 0.200431
 lostle_trigger = 0.0314707
 non-closure_uncertainties = 0.14804
 other_QCD_uncerts = 0.0400862
 other_lostlepton_uncertainties = 0.202744
 other_tau_uncertainties = 0.2655
 qcd_trigger = 0.000801724
 signal_stat = 0.31641
 signal_syst = 0.141628
 signal_syst_acceptance_PDF = 0.0025215
 signal_syst_kfactor = 0.0516949
 signal_syst_xSec_PDF = 0.338212
 signal_trigger = 0.0342182
 stat_IsoMuCS = 2.01963
 statistics = 1.261
 systematic_uncertainties = 2.627
 tau_trigger = 0.0466634
 zinvis_trigger = 0.04366

CLs observed asymptotic = 3.6220
CLs expected asymptotic = 4.5122
CLs expected m2sigma asymptotic = 2.4481
CLs expected m1sigma asymptotic = 3.2564
CLs expected p1sigma asymptotic = 6.2675
CLs expected p2sigma asymptotic = 8.3272

CLs expected profile likelihood =  6.42527 
CLs expected m2sigma profile likelihood =  1.6062 
CLs expected m1sigma profile likelihood =  3.20194 
CLs expected p1sigma profile likelihood =  10.9805
CLs expected p2sigma profile likelihood =  21.1798

scanned r = 1.6062 1.801936 1.997672 2.193408 2.389144 2.584880 2.780616 2.976352 3.172088 3.367824 3.563560 3.759296 3.955032 4.150768 4.346504 4.542240 4.737976 4.933712 5.129448 5.325184 5.520920 5.716656 5.912392 6.108128 6.303864 6.499600 6.695336 6.891072 7.086808 7.282544 7.478280 7.674016 7.869752 8.065488 8.261224 8.456960 8.652696 8.848432 9.044168 9.239904 9.435640 9.631376 9.827112 10.022848 10.218584 10.414320 10.610056 10.805792 11.001528 11.197264 11.393000 11.588736 11.784472 11.980208 12.175944 12.371680 12.567416 12.763152 12.958888 13.154624 13.350360 13.546096 13.741832 13.937568 14.133304 14.329040 14.524776 14.720512 14.916248 15.111984 15.307720 15.503456 15.699192 15.894928 16.090664 16.286400 16.482136 16.677872 16.873608 17.069344 17.265080 17.460816 17.656552 17.852288 18.048024 18.243760 18.439496 18.635232 18.830968 19.026704 19.222440 19.418176 19.613912 19.809648 20.005384 20.201120 20.396856 20.592592 20.788328 20.984064 21.179800
CLs for scanned r =  0.260417   0.284722   0.236111   0.15   0.182927   0.113095   0.142045   0.0777778   0.0795455   0.105263   0.0406977   0.0333333   0.0357143   0.0208333   0.0265957   0.0271739   0.0328947   0.01875   0.015625   0.00625   0.0174419   0.00657895   0   0   0.00925926   0.0147059   0   0.00555556   0   0   0   0   0   0   0   0   0   0   0   0   0   0   0   0   0   0   0   0   0   0   0   0   0   0   0   0   0   0   0   0   0   0   0   0   0   0   0   0   0   0   0   0   0   0   0   0   0   0   0   0   0   0   0   0   0   0   0   0   0   0   0   0   0   0   0   0   0   0   0   0   0 
CLsUnc for scanned r =  0.0457277  0.0584673  0.0512908  0.0332916  0.0399617  0.0291516  0.0326171  0.0224952  0.0230758  0.0295517  0.0160801  0.0140984  0.0151723  0.01064  0.0122247  0.0125041  0.0152993  0.0110662  0.00916652  0.0062967  0.0102683  0.0066324  0  0  0.00660282  0.0105986  0  0.0055894  0  0  0  0  0  0  0  0  0  0  0  0  0  0  0  0  0  0  0  0  0  0  0  0  0  0  0  0  0  0  0  0  0  0  0  0  0  0  0  0  0  0  0  0  0  0  0  0  0  0  0  0  0  0  0  0  0  0  0  0  0  0  0  0  0  0  0  0  0  0  0  0  0
CLb for scanned r =  0.384   0.288   0.288   0.36   0.328   0.336   0.352   0.36   0.352   0.304   0.344   0.36   0.336   0.384   0.376   0.368   0.304   0.32   0.384   0.32   0.344   0.304   0.4   0.416   0.432   0.272   0.328   0.36   0.288   0.352   0.328   0.312   0.408   0.32   0.384   0.344   0.344   0.336   0.368   0.328   0.336   0.344   0.328   0.384   0.384   0.4   0.312   0.368   0.352   0.416   0.352   0.448   0.328   0.304   0.352   0.344   0.32   0.296   0.4   0.368   0.384   0.368   0.408   0.328   0.376   0.28   0.376   0.376   0.408   0.368   0.384   0.304   0.344   0.368   0.44   0.376   0.336   0.36   0.416   0.464   0.336   0.408   0.336   0.44   0.424   0.384   0.392   0.336   0.352   0.488   0.344   0.408   0.344   0.408   0.36   0.32   0.336   0.328   0.368   0.376   0.304 
CLbUnc for scanned r =  0.0435012  0.0405024  0.0405024  0.0429325  0.041992  0.0422473  0.0427173  0.0429325  0.0427173  0.0411421  0.042489  0.0429325  0.0422473  0.0435012  0.0433243  0.0431348  0.0411421  0.0417229  0.0435012  0.0417229  0.042489  0.0411421  0.0438178  0.0440857  0.0443058  0.0398011  0.041992  0.0429325  0.0405024  0.0427173  0.041992  0.0414397  0.0439578  0.0417229  0.0435012  0.042489  0.042489  0.0422473  0.0431348  0.041992  0.0422473  0.042489  0.041992  0.0435012  0.0435012  0.0438178  0.0414397  0.0431348  0.0427173  0.0440857  0.0427173  0.0444788  0.041992  0.0411421  0.0427173  0.042489  0.0417229  0.0408298  0.0438178  0.0431348  0.0435012  0.0431348  0.0439578  0.041992  0.0433243  0.0401597  0.0433243  0.0433243  0.0439578  0.0431348  0.0435012  0.0411421  0.042489  0.0431348  0.0443982  0.0433243  0.0422473  0.0429325  0.0440857  0.0446053  0.0422473  0.0439578  0.0422473  0.0443982  0.0442017  0.0435012  0.0436656  0.0422473  0.0427173  0.0447085  0.042489  0.0439578  0.042489  0.0439578  0.0429325  0.0417229  0.0422473  0.041992  0.0431348  0.0433243  0.0411421
CLsb for scanned r =  0.1   0.082   0.068   0.054   0.06   0.038   0.05   0.028   0.028   0.032   0.014   0.012   0.012   0.008   0.01   0.01   0.01   0.006   0.006   0.002   0.006   0.002   0   0   0.004   0.004   0   0.002   0   0   0   0   0   0   0   0   0   0   0   0   0   0   0   0   0   0   0   0   0   0   0   0   0   0   0   0   0   0   0   0   0   0   0   0   0   0   0   0   0   0   0   0   0   0   0   0   0   0   0   0   0   0   0   0   0   0   0   0   0   0   0   0   0   0   0   0   0   0   0   0   0 
CLsbUnc for scanned r =  0.0134164  0.01227  0.0112584  0.0101078  0.0106207  0.00855056  0.00974679  0.0073778  0.0073778  0.00787096  0.00525433  0.0048695  0.0048695  0.00398397  0.00444972  0.00444972  0.00444972  0.00345369  0.00345369  0.001998  0.00345369  0.001998  0  0  0.00282276  0.00282276  0  0.001998  0  0  0  0  0  0  0  0  0  0  0  0  0  0  0  0  0  0  0  0  0  0  0  0  0  0  0  0  0  0  0  0  0  0  0  0  0  0  0  0  0  0  0  0  0  0  0  0  0  0  0  0  0  0  0  0  0  0  0  0  0  0  0  0  0  0  0  0  0  0  0  0  0
CLs observed = 3.61471
CLs observed error= 0.109152
CLs expected = 4.42109
CLs expected error= 0.0974511
CLs expected m2sigma = 2.19341
CLs expected m2sigma error= 0.58721
CLs expected m1sigma = 2.87118
CLs expected m1sigma error= 0.185433
CLs expected p1sigma = 6.82437
CLs expected p1sigma error= 0.304647
CLs expected p2sigma = 10.0448
CLs expected p2sigma error= 0.102463
