# cMSSM_1000_400_10_0_1_ch12.txt

 Mzero = 1000
 Mhalf = 400
 TanBeta = 10
 Xsection.LO = -1
 Xsection.NLO = 0.12088
 Luminosity = 4650
 Channel = 12
 n_channels = 1 
 data_0 = 8
 signal_0 = 2.60759
 signal_contamination_0 = 0.271056
 qcd_0 = 0.240517
 lostle_0 = 2.30584
 tau_0 = 0.59914
 zinvis_0 = 2.316
 QCD_stat_unc = 0.531142
 lostle_trigger = 0.0461167
 non-closure_uncertainties = 0.03186
 other_QCD_uncerts = 0.175377
 other_lostlepton_uncertainties = 0.296551
 other_tau_uncertainties = 0.0736
 qcd_trigger = 0.00481034
 signal_stat = 0.390932
 signal_syst = 0.246014
 signal_syst_acceptance_PDF = 0.00508052
 signal_syst_kfactor = 0.0787882
 signal_syst_xSec_PDF = 0.508384
 signal_trigger = 0.0521518
 stat_IsoMuCS = 2.13551
 statistics = 0.947
 systematic_uncertainties = 2.104
 tau_trigger = 0.0119828
 zinvis_trigger = 0.04632

CLs observed asymptotic = 4.6087
CLs expected asymptotic = 3.6585
CLs expected m2sigma asymptotic = 1.9849
CLs expected m1sigma asymptotic = 2.6402
CLs expected p1sigma asymptotic = 5.0816
CLs expected p2sigma asymptotic = 6.7516

CLs expected profile likelihood =  4.30088 
CLs expected m2sigma profile likelihood =  1.11853 
CLs expected m1sigma profile likelihood =  1.8404 
CLs expected p1sigma profile likelihood =  7.72919
CLs expected p2sigma profile likelihood =  11.1551

scanned r = 1.11853 1.218895 1.319260 1.419625 1.519990 1.620355 1.720720 1.821085 1.921450 2.021815 2.122180 2.222545 2.322910 2.423275 2.523640 2.624005 2.724370 2.824735 2.925100 3.025465 3.125830 3.226195 3.326560 3.426925 3.527290 3.627655 3.728020 3.828385 3.928750 4.029115 4.129480 4.229845 4.330210 4.430575 4.530940 4.631305 4.731670 4.832035 4.932400 5.032765 5.133130 5.233495 5.333860 5.434225 5.534590 5.634955 5.735320 5.835685 5.936050 6.036415 6.136780 6.237145 6.337510 6.437875 6.538240 6.638605 6.738970 6.839335 6.939700 7.040065 7.140430 7.240795 7.341160 7.441525 7.541890 7.642255 7.742620 7.842985 7.943350 8.043715 8.144080 8.244445 8.344810 8.445175 8.545540 8.645905 8.746270 8.846635 8.947000 9.047365 9.147730 9.248095 9.348460 9.448825 9.549190 9.649555 9.749920 9.850285 9.950650 10.051015 10.151380 10.251745 10.352110 10.452475 10.552840 10.653205 10.753570 10.853935 10.954300 11.054665 11.155030
CLs for scanned r =  0.674528   0.747549   0.70297   0.63785   0.617788   0.567961   0.597368   0.509346   0.5   0.502577   0.476415   0.391204   0.388636   0.372596   0.34   0.353535   0.3775   0.30198   0.264019   0.278947   0.204301   0.211957   0.203608   0.186224   0.149038   0.171875   0.127358   0.136111   0.144737   0.126316   0.103093   0.111386   0.0891089   0.0981308   0.0816832   0.0462963   0.0710784   0.040404   0.0531915   0.0429293   0.0511364   0.0361111   0.030303   0.0260417   0.0204082   0.0360825   0.0277778   0.0283505   0.00490196   0.0234375   0.0244565   0.0255102   0.016129   0.0106383   0.0103093   0.0131579   0.0159574   0.02   0.0180412   0.00257732   0.0107527   0.0111111   0.00970874   0.00797872   0.00549451   0.010101   0.00280899   0.00728155   0.00290698   0.00531915   0.0105263   0.00268817   0.00255102   0.00555556   0   0.00537634   0   0.00257732   0.00277778   0.00555556   0   0.00260417   0.00274725   0   0   0   0.00297619   0   0.00308642   0   0   0   0.00271739   0   0   0   0   0   0.00294118   0   0 
CLsUnc for scanned r =  0.0365148  0.0415049  0.041123  0.0349877  0.0365824  0.0358412  0.0419504  0.0319427  0.0369592  0.0370597  0.0315459  0.0281461  0.0273122  0.0290219  0.0291548  0.0300897  0.0307205  0.0271744  0.0239011  0.0278393  0.0240959  0.0247999  0.0231859  0.0219577  0.0187009  0.0214453  0.0170644  0.0199668  0.0197968  0.018461  0.0164009  0.0165674  0.014825  0.0149324  0.014196  0.0102752  0.0131614  0.0101092  0.0119697  0.0104208  0.0122  0.0100875  0.00875303  0.00825224  0.00722126  0.0096643  0.00798304  0.00856253  0.00346553  0.00782713  0.00818401  0.00807526  0.0065995  0.00532594  0.00515783  0.00589213  0.00652706  0.00707107  0.00682632  0.00257772  0.00538443  0.00556789  0.00485154  0.00461093  0.00388904  0.00505153  0.00281072  0.00420217  0.00290934  0.00376361  0.0052687  0.00268918  0.00255128  0.00393273  0  0.00380451  0  0.00257772  0.00277932  0.00393273  0  0.00260471  0.00274861  0  0  0  0.00297902  0  0.00309004  0  0  0  0.00271857  0  0  0  0  0  0.00294377  0  0
CLb for scanned r =  0.848   0.816   0.808   0.856   0.832   0.824   0.76   0.856   0.776   0.776   0.848   0.864   0.88   0.832   0.8   0.792   0.8   0.808   0.856   0.76   0.744   0.736   0.776   0.784   0.832   0.768   0.848   0.72   0.76   0.76   0.776   0.808   0.808   0.856   0.808   0.864   0.816   0.792   0.752   0.792   0.704   0.72   0.792   0.768   0.784   0.776   0.864   0.776   0.816   0.768   0.736   0.784   0.744   0.752   0.776   0.76   0.752   0.8   0.776   0.776   0.744   0.72   0.824   0.752   0.728   0.792   0.712   0.824   0.688   0.752   0.76   0.744   0.784   0.72   0.752   0.744   0.816   0.776   0.72   0.72   0.76   0.768   0.728   0.768   0.72   0.784   0.672   0.768   0.648   0.84   0.776   0.768   0.736   0.736   0.664   0.744   0.712   0.712   0.68   0.696   0.688 
CLbUnc for scanned r =  0.0321118  0.0346576  0.0352291  0.0314024  0.0334396  0.0340616  0.0381995  0.0314024  0.0372906  0.0372906  0.0321118  0.0306599  0.0290654  0.0334396  0.0357771  0.0363027  0.0357771  0.0352291  0.0314024  0.0381995  0.0390348  0.0394263  0.0372906  0.036807  0.0334396  0.0377546  0.0321118  0.0401597  0.0381995  0.0381995  0.0372906  0.0352291  0.0352291  0.0314024  0.0352291  0.0306599  0.0346576  0.0363027  0.038626  0.0363027  0.0408298  0.0401597  0.0363027  0.0377546  0.036807  0.0372906  0.0306599  0.0372906  0.0346576  0.0377546  0.0394263  0.036807  0.0390348  0.038626  0.0372906  0.0381995  0.038626  0.0357771  0.0372906  0.0372906  0.0390348  0.0401597  0.0340616  0.038626  0.0398011  0.0363027  0.0405024  0.0340616  0.0414397  0.038626  0.0381995  0.0390348  0.036807  0.0401597  0.038626  0.0390348  0.0346576  0.0372906  0.0401597  0.0401597  0.0381995  0.0377546  0.0398011  0.0377546  0.0401597  0.036807  0.041992  0.0377546  0.0427173  0.0327902  0.0372906  0.0377546  0.0394263  0.0394263  0.0422473  0.0390348  0.0405024  0.0405024  0.0417229  0.0411421  0.0414397
CLsb for scanned r =  0.572   0.61   0.568   0.546   0.514   0.468   0.454   0.436   0.388   0.39   0.404   0.338   0.342   0.31   0.272   0.28   0.302   0.244   0.226   0.212   0.152   0.156   0.158   0.146   0.124   0.132   0.108   0.098   0.11   0.096   0.08   0.09   0.072   0.084   0.066   0.04   0.058   0.032   0.04   0.034   0.036   0.026   0.024   0.02   0.016   0.028   0.024   0.022   0.004   0.018   0.018   0.02   0.012   0.008   0.008   0.01   0.012   0.016   0.014   0.002   0.008   0.008   0.008   0.006   0.004   0.008   0.002   0.006   0.002   0.004   0.008   0.002   0.002   0.004   0   0.004   0   0.002   0.002   0.004   0   0.002   0.002   0   0   0   0.002   0   0.002   0   0   0   0.002   0   0   0   0   0   0.002   0   0 
CLsbUnc for scanned r =  0.0221276  0.0218128  0.0221529  0.0222658  0.0223519  0.0223148  0.0222658  0.0221767  0.0217925  0.0218128  0.0219447  0.0211545  0.0212149  0.0206833  0.0199006  0.0200798  0.0205327  0.0192075  0.0187042  0.0182787  0.0160559  0.0162274  0.0163117  0.0157914  0.0147393  0.0151378  0.0138806  0.0132963  0.0139929  0.0131745  0.0121326  0.0127984  0.0115599  0.0124052  0.0111035  0.00876356  0.0104533  0.00787096  0.00876356  0.00810481  0.00833115  0.00711674  0.00684456  0.00626099  0.00561142  0.0073778  0.00684456  0.00655988  0.00282276  0.00594575  0.00594575  0.00626099  0.0048695  0.00398397  0.00398397  0.00444972  0.0048695  0.00561142  0.00525433  0.001998  0.00398397  0.00398397  0.00398397  0.00345369  0.00282276  0.00398397  0.001998  0.00345369  0.001998  0.00282276  0.00398397  0.001998  0.001998  0.00282276  0  0.00282276  0  0.001998  0.001998  0.00282276  0  0.001998  0.001998  0  0  0  0.001998  0  0.001998  0  0  0  0.001998  0  0  0  0  0  0.001998  0  0
CLs observed = 4.86864
CLs observed error= 0.0506538
CLs expected = 3.42116
CLs expected error= 0.0716142
CLs expected m2sigma = 1.21889
CLs expected m2sigma error= 1.50548
CLs expected m1sigma = 2.63341
CLs expected m1sigma error= 0.110372
CLs expected p1sigma = 5.3031
CLs expected p1sigma error= 0.0225382
CLs expected p2sigma = 7.56152
CLs expected p2sigma error= 0.0348654
