# cMSSM_1000_400_10_0_1_ch2.txt

 Mzero = 1000
 Mhalf = 400
 TanBeta = 10
 Xsection.LO = -1
 Xsection.NLO = 0.12088
 Luminosity = 4650
 Channel = 2
 n_channels = 1 
 data_0 = 22
 signal_0 = 0.407853
 signal_contamination_0 = 0.0200216
 qcd_0 = 0.0200431
 lostle_0 = 4.96269
 tau_0 = 8.66059
 zinvis_0 = 17.61
 QCD_stat_unc = 0.140302
 lostle_trigger = 0.0992538
 non-closure_uncertainties = 0.51155
 other_QCD_uncerts = 0.0200431
 other_lostlepton_uncertainties = 0.624875
 other_tau_uncertainties = 0.868
 qcd_trigger = 0.000400862
 signal_stat = 0.154307
 signal_syst = 0.171064
 signal_syst_acceptance_PDF = 0.00091366
 signal_syst_kfactor = 0.0123232
 signal_syst_xSec_PDF = 0.0321253
 signal_trigger = 0.00815706
 stat_IsoMuCS = 4.14761
 statistics = 2.35
 systematic_uncertainties = 5.03
 tau_trigger = 0.173212
 zinvis_trigger = 0.3522

CLs observed asymptotic = 33.4668
CLs expected asymptotic = 19.8692
CLs expected m2sigma asymptotic = 10.7800
CLs expected m1sigma asymptotic = 14.3391
CLs expected p1sigma asymptotic = 27.5983
CLs expected p2sigma asymptotic = 36.6680

CLs expected profile likelihood =  64.9559 
CLs expected m2sigma profile likelihood =  22.9089 
CLs expected m1sigma profile likelihood =  34.3134 
CLs expected p1sigma profile likelihood =  116.948
CLs expected p2sigma profile likelihood =  182.105

scanned r = 22.9089 24.500861 26.092822 27.684783 29.276744 30.868705 32.460666 34.052627 35.644588 37.236549 38.828510 40.420471 42.012432 43.604393 45.196354 46.788315 48.380276 49.972237 51.564198 53.156159 54.748120 56.340081 57.932042 59.524003 61.115964 62.707925 64.299886 65.891847 67.483808 69.075769 70.667730 72.259691 73.851652 75.443613 77.035574 78.627535 80.219496 81.811457 83.403418 84.995379 86.587340 88.179301 89.771262 91.363223 92.955184 94.547145 96.139106 97.731067 99.323028 100.914989 102.506950 104.098911 105.690872 107.282833 108.874794 110.466755 112.058716 113.650677 115.242638 116.834599 118.426560 120.018521 121.610482 123.202443 124.794404 126.386365 127.978326 129.570287 131.162248 132.754209 134.346170 135.938131 137.530092 139.122053 140.714014 142.305975 143.897936 145.489897 147.081858 148.673819 150.265780 151.857741 153.449702 155.041663 156.633624 158.225585 159.817546 161.409507 163.001468 164.593429 166.185390 167.777351 169.369312 170.961273 172.553234 174.145195 175.737156 177.329117 178.921078 180.513039 182.105000
CLs for scanned r =  0.125   0.101852   0.0666667   0.047619   0.0833333   0.0789474   0.0806452   0.0285714   0.0603448   0.06   0.0185185   0.030303   0.0185185   0.0151515   0   0.0151515   0.00714286   0.025   0.00757576   0.0131579   0   0.00735294   0.00892857   0   0.00862069   0   0   0   0   0   0   0   0   0   0   0.00925926   0.00694444   0   0   0   0   0   0.00862069   0   0   0   0   0   0   0   0   0   0.00657895   0.0178571   0   0   0   0   0   0   0   0   0   0   0   0   0   0   0   0   0   0   0   0   0   0   0   0   0   0   0   0   0   0   0   0   0   0   0   0   0   0   0   0   0   0   0   0   0   0   0 
CLsUnc for scanned r =  0.0405787  0.0349793  0.025676  0.0255382  0.0309736  0.0361177  0.0281979  0.0148068  0.0246854  0.0266083  0.0134439  0.0157548  0.0134439  0.0109291  0  0.0109291  0.00720888  0.0149304  0.00765228  0.0134354  0  0.00742396  0.00904264  0  0.00872558  0  0  0  0  0  0  0  0  0  0  0.0093836  0.0070059  0  0  0  0  0  0.00872558  0  0  0  0  0  0  0  0  0  0.0066324  0.0129475  0  0  0  0  0  0  0  0  0  0  0  0  0  0  0  0  0  0  0  0  0  0  0  0  0  0  0  0  0  0  0  0  0  0  0  0  0  0  0  0  0  0  0  0  0  0  0
CLb for scanned r =  0.208   0.216   0.24   0.168   0.216   0.152   0.248   0.28   0.232   0.2   0.216   0.264   0.216   0.264   0.2   0.264   0.28   0.24   0.264   0.152   0.232   0.272   0.224   0.224   0.232   0.232   0.184   0.24   0.216   0.296   0.224   0.208   0.28   0.248   0.304   0.216   0.288   0.224   0.2   0.248   0.208   0.232   0.232   0.272   0.216   0.216   0.216   0.232   0.32   0.24   0.232   0.24   0.304   0.224   0.208   0.248   0.256   0.224   0.288   0.232   0.216   0.24   0.208   0.248   0.2   0.208   0.304   0.24   0.224   0.288   0.216   0.28   0.272   0.32   0.28   0.312   0.248   0.28   0.216   0.24   0.288   0.216   0.232   0.28   0.28   0.224   0.232   0.216   0.288   0.248   0.248   0.328   0.296   0.304   0.328   0.264   0.312   0.256   0.256   0.28   0.272 
CLbUnc for scanned r =  0.0363027  0.036807  0.0381995  0.0334396  0.036807  0.0321118  0.038626  0.0401597  0.0377546  0.0357771  0.036807  0.0394263  0.036807  0.0394263  0.0357771  0.0394263  0.0401597  0.0381995  0.0394263  0.0321118  0.0377546  0.0398011  0.0372906  0.0372906  0.0377546  0.0377546  0.0346576  0.0381995  0.036807  0.0408298  0.0372906  0.0363027  0.0401597  0.038626  0.0411421  0.036807  0.0405024  0.0372906  0.0357771  0.038626  0.0363027  0.0377546  0.0377546  0.0398011  0.036807  0.036807  0.036807  0.0377546  0.0417229  0.0381995  0.0377546  0.0381995  0.0411421  0.0372906  0.0363027  0.038626  0.0390348  0.0372906  0.0405024  0.0377546  0.036807  0.0381995  0.0363027  0.038626  0.0357771  0.0363027  0.0411421  0.0381995  0.0372906  0.0405024  0.036807  0.0401597  0.0398011  0.0417229  0.0401597  0.0414397  0.038626  0.0401597  0.036807  0.0381995  0.0405024  0.036807  0.0377546  0.0401597  0.0401597  0.0372906  0.0377546  0.036807  0.0405024  0.038626  0.038626  0.041992  0.0408298  0.0411421  0.041992  0.0394263  0.0414397  0.0390348  0.0390348  0.0401597  0.0398011
CLsb for scanned r =  0.026   0.022   0.016   0.008   0.018   0.012   0.02   0.008   0.014   0.012   0.004   0.008   0.004   0.004   0   0.004   0.002   0.006   0.002   0.002   0   0.002   0.002   0   0.002   0   0   0   0   0   0   0   0   0   0   0.002   0.002   0   0   0   0   0   0.002   0   0   0   0   0   0   0   0   0   0.002   0.004   0   0   0   0   0   0   0   0   0   0   0   0   0   0   0   0   0   0   0   0   0   0   0   0   0   0   0   0   0   0   0   0   0   0   0   0   0   0   0   0   0   0   0   0   0   0   0 
CLsbUnc for scanned r =  0.00711674  0.00655988  0.00561142  0.00398397  0.00594575  0.0048695  0.00626099  0.00398397  0.00525433  0.0048695  0.00282276  0.00398397  0.00282276  0.00282276  0  0.00282276  0.001998  0.00345369  0.001998  0.001998  0  0.001998  0.001998  0  0.001998  0  0  0  0  0  0  0  0  0  0  0.001998  0.001998  0  0  0  0  0  0.001998  0  0  0  0  0  0  0  0  0  0.001998  0.00282276  0  0  0  0  0  0  0  0  0  0  0  0  0  0  0  0  0  0  0  0  0  0  0  0  0  0  0  0  0  0  0  0  0  0  0  0  0  0  0  0  0  0  0  0  0  0  0
CLs observed = 31.9115
CLs observed error= 1.46649
CLs expected = 48.1636
CLs expected error= 1.02533
CLs expected m2sigma = 24.5009
CLs expected m2sigma error= 0
CLs expected m1sigma = 29.5732
CLs expected m1sigma error= 1.86255
CLs expected p1sigma = 86.2795
CLs expected p1sigma error= 1.37001
CLs expected p2sigma = 170.265
CLs expected p2sigma error= 0.561755
