# cMSSM_2500_240_10_0_1_ch4.txt

 Mzero = 2500
 Mhalf = 240
 TanBeta = 10
 Xsection.LO = -1
 Xsection.NLO = 2.29006
 Luminosity = 4980
 Channel = 4
 n_channels = 1 
 data_0 = 177
 signal_0 = 82.0622
 signal_contamination_0 = 16.6689
 qcd_0 = 34.6165
 lostle_0 = 57.6982
 tau_0 = 56.265
 zinvis_0 = 48.38
 QCD_stat_unc = 5.35182
 lostle_trigger = 1.15396
 lostlepton_uncertainties = 7.18199
 other_QCD_uncerts = 23.3917
 other_syst = 12.7327
 other_tau_uncertainties = 4.375
 qcd_trigger = 0.692329
 signal_stat = 9.89097
 signal_syst_kfactor = 0.567499
 signal_syst_xSec_PDF = 17.6068
 signal_trigger = 1.64124
 stat_IsoMuCS = 18.7064
 statistics = 3.91
 systematic_uncertainties = 18.66
 tau_non-closure = 2.47839
 tau_trigger = 1.1253
 zinvis_trigger = 0.9676

CLs observed asymptotic = 0.7766
CLs expected asymptotic = 0.9382
CLs expected m2sigma asymptotic = 0.5090
CLs expected m1sigma asymptotic = 0.6771
CLs expected p1sigma asymptotic = 1.3031
CLs expected p2sigma asymptotic = 1.7314

CLs expected profile likelihood =  1.14329 
CLs expected m2sigma profile likelihood =  0.362633 
CLs expected m1sigma profile likelihood =  0.583011 
CLs expected p1sigma profile likelihood =  1.96864
CLs expected p2sigma profile likelihood =  2.84933

scanned r = 0.362633 .387499 .412365 .437231 .462097 .486963 .511829 .536695 .561561 .586427 .611293 .636159 .661025 .685891 .710757 .735623 .760489 .785355 .810221 .835087 .859953 .884819 .909685 .934551 .959417 .984283 1.009149 1.034015 1.058881 1.083747 1.108613 1.133479 1.158345 1.183211 1.208077 1.232943 1.257809 1.282675 1.307541 1.332407 1.357273 1.382139 1.407005 1.431871 1.456737 1.481603 1.506469 1.531335 1.556201 1.581067 1.605933 1.630799 1.655665 1.680531 1.705397 1.730263 1.755129 1.779995 1.804861 1.829727 1.854593 1.879459 1.904325 1.929191 1.954057 1.978923 2.003789 2.028655 2.053521 2.078387 2.103253 2.128119 2.152985 2.177851 2.202717 2.227583 2.252449 2.277315 2.302181 2.327047 2.351913 2.376779 2.401645 2.426511 2.451377 2.476243 2.501109 2.525975 2.550841 2.575707 2.600573 2.625439 2.650305 2.675171 2.700037 2.724903 2.749769 2.774635 2.799501 2.824367 2.849233
CLs for scanned r =  0.238889   0.354167   0.23   0.191176   0.302632   0.168605   0.174419   0.145349   0.169118   0.15   0.151515   0.0663265   0.115854   0.11875   0.0909091   0.048913   0.054878   0.0523256   0.0460526   0.0260417   0.0580357   0.0333333   0.0217391   0.0243902   0.0319149   0.0357143   0.0212766   0.0178571   0.0214286   0.00568182   0.0106383   0.00675676   0.01875   0.0384615   0.0178571   0.00581395   0   0   0.00641026   0   0.00568182   0   0   0.00595238   0   0   0.00480769   0   0   0   0   0   0   0.00416667   0   0   0   0   0   0   0   0   0.00510204   0   0   0   0   0   0   0.00510204   0   0   0   0   0   0   0   0   0   0   0   0   0   0   0   0   0   0   0   0   0   0   0   0   0   0   0   0   0   0   0 
CLsUnc for scanned r =  0.0449962  0.0684794  0.0409756  0.0358928  0.0590364  0.0368387  0.0376474  0.0335425  0.0424111  0.0357071  0.0401738  0.0196007  0.0299929  0.0308822  0.0249342  0.017144  0.0194412  0.018453  0.0183734  0.0119574  0.0168983  0.0140984  0.0111218  0.0125412  0.0134628  0.0139818  0.0108756  0.0105212  0.0127118  0.00571786  0.00760677  0.00681404  0.0110662  0.0140914  0.0105212  0.00585236  0  0  0.00646019  0  0.00571786  0  0  0.00599334  0  0  0.00482983  0  0  0  0  0  0  0.00418053  0  0  0  0  0  0  0  0  0.00512852  0  0  0  0  0  0  0.00512852  0  0  0  0  0  0  0  0  0  0  0  0  0  0  0  0  0  0  0  0  0  0  0  0  0  0  0  0  0  0  0
CLb for scanned r =  0.36   0.288   0.4   0.408   0.304   0.344   0.344   0.344   0.272   0.32   0.264   0.392   0.328   0.32   0.352   0.368   0.328   0.344   0.304   0.384   0.448   0.36   0.368   0.328   0.376   0.392   0.376   0.336   0.28   0.352   0.376   0.296   0.32   0.416   0.336   0.344   0.344   0.336   0.312   0.296   0.352   0.28   0.384   0.336   0.36   0.392   0.416   0.32   0.416   0.392   0.416   0.376   0.32   0.48   0.336   0.368   0.336   0.36   0.312   0.296   0.408   0.368   0.392   0.352   0.344   0.416   0.368   0.304   0.384   0.392   0.384   0.4   0.312   0.336   0.36   0.408   0.36   0.4   0.368   0.392   0.368   0.328   0.392   0.272   0.336   0.352   0.416   0.368   0.304   0.344   0.32   0.328   0.376   0.328   0.416   0.328   0.296   0.376   0.36   0.336   0.336 
CLbUnc for scanned r =  0.0429325  0.0405024  0.0438178  0.0439578  0.0411421  0.042489  0.042489  0.042489  0.0398011  0.0417229  0.0394263  0.0436656  0.041992  0.0417229  0.0427173  0.0431348  0.041992  0.042489  0.0411421  0.0435012  0.0444788  0.0429325  0.0431348  0.041992  0.0433243  0.0436656  0.0433243  0.0422473  0.0401597  0.0427173  0.0433243  0.0408298  0.0417229  0.0440857  0.0422473  0.042489  0.042489  0.0422473  0.0414397  0.0408298  0.0427173  0.0401597  0.0435012  0.0422473  0.0429325  0.0436656  0.0440857  0.0417229  0.0440857  0.0436656  0.0440857  0.0433243  0.0417229  0.0446856  0.0422473  0.0431348  0.0422473  0.0429325  0.0414397  0.0408298  0.0439578  0.0431348  0.0436656  0.0427173  0.042489  0.0440857  0.0431348  0.0411421  0.0435012  0.0436656  0.0435012  0.0438178  0.0414397  0.0422473  0.0429325  0.0439578  0.0429325  0.0438178  0.0431348  0.0436656  0.0431348  0.041992  0.0436656  0.0398011  0.0422473  0.0427173  0.0440857  0.0431348  0.0411421  0.042489  0.0417229  0.041992  0.0433243  0.041992  0.0440857  0.041992  0.0408298  0.0433243  0.0429325  0.0422473  0.0422473
CLsb for scanned r =  0.086   0.102   0.092   0.078   0.092   0.058   0.06   0.05   0.046   0.048   0.04   0.026   0.038   0.038   0.032   0.018   0.018   0.018   0.014   0.01   0.026   0.012   0.008   0.008   0.012   0.014   0.008   0.006   0.006   0.002   0.004   0.002   0.006   0.016   0.006   0.002   0   0   0.002   0   0.002   0   0   0.002   0   0   0.002   0   0   0   0   0   0   0.002   0   0   0   0   0   0   0   0   0.002   0   0   0   0   0   0   0.002   0   0   0   0   0   0   0   0   0   0   0   0   0   0   0   0   0   0   0   0   0   0   0   0   0   0   0   0   0   0   0 
CLsbUnc for scanned r =  0.0125383  0.0135348  0.0129256  0.011993  0.0129256  0.0104533  0.0106207  0.00974679  0.00936846  0.00955992  0.00876356  0.00711674  0.00855056  0.00855056  0.00787096  0.00594575  0.00594575  0.00594575  0.00525433  0.00444972  0.00711674  0.0048695  0.00398397  0.00398397  0.0048695  0.00525433  0.00398397  0.00345369  0.00345369  0.001998  0.00282276  0.001998  0.00345369  0.00561142  0.00345369  0.001998  0  0  0.001998  0  0.001998  0  0  0.001998  0  0  0.001998  0  0  0  0  0  0  0.001998  0  0  0  0  0  0  0  0  0.001998  0  0  0  0  0  0  0.001998  0  0  0  0  0  0  0  0  0  0  0  0  0  0  0  0  0  0  0  0  0  0  0  0  0  0  0  0  0  0  0
CLs observed = 0.792818
CLs observed error= 0.0192106
CLs expected = 0.909679
CLs expected error= 0.0392975
CLs expected m2sigma = 0.462097
CLs expected m2sigma error= 0.12433
CLs expected m1sigma = 0.558299
CLs expected m1sigma error= 0.0287537
CLs expected p1sigma = 1.41536
CLs expected p1sigma error= 0.0137004
CLs expected p2sigma = 2.12198
CLs expected p2sigma error= 0.0234968
