# cMSSM_1000_400_10_0_1_ch3.txt

 Mzero = 1000
 Mhalf = 400
 TanBeta = 10
 Xsection.LO = -1
 Xsection.NLO = 0.12088
 Luminosity = 4650
 Channel = 3
 n_channels = 1 
 data_0 = 6
 signal_0 = 0.0899838
 signal_contamination_0 = 0.00203597
 qcd_0 = 0
 lostle_0 = 0.786768
 tau_0 = 2.01632
 zinvis_0 = 5.488
 QCD_stat_unc = 0
 lostle_trigger = 0.0157354
 non-closure_uncertainties = 0.15336
 other_QCD_uncerts = 0
 other_lostlepton_uncertainties = 0.105911
 other_tau_uncertainties = 0.4495
 qcd_trigger = 0
 signal_stat = 0.0724592
 signal_syst = 0.0489249
 signal_syst_acceptance_PDF = 0.00057964
 signal_syst_kfactor = 0.00271886
 signal_syst_xSec_PDF = 0.0237195
 signal_trigger = 0.00179968
 stat_IsoMuCS = 2.48677
 statistics = 1.423
 systematic_uncertainties = 2.697
 tau_trigger = 0.0403264
 zinvis_trigger = 0.10976

CLs observed asymptotic = 136.7918
CLs expected asymptotic = 19.8696
CLs expected m2sigma asymptotic = 10.7802
CLs expected m1sigma asymptotic = 14.3394
CLs expected p1sigma asymptotic = 27.5989
CLs expected p2sigma asymptotic = 36.6688

CLs expected profile likelihood =  222.92 
CLs expected m2sigma profile likelihood =  52.1819 
CLs expected m1sigma profile likelihood =  97.2243 
CLs expected p1sigma profile likelihood =  489.46
CLs expected p2sigma profile likelihood =  825.691

scanned r = 52.1819 59.916991 67.652082 75.387173 83.122264 90.857355 98.592446 106.327537 114.062628 121.797719 129.532810 137.267901 145.002992 152.738083 160.473174 168.208265 175.943356 183.678447 191.413538 199.148629 206.883720 214.618811 222.353902 230.088993 237.824084 245.559175 253.294266 261.029357 268.764448 276.499539 284.234630 291.969721 299.704812 307.439903 315.174994 322.910085 330.645176 338.380267 346.115358 353.850449 361.585540 369.320631 377.055722 384.790813 392.525904 400.260995 407.996086 415.731177 423.466268 431.201359 438.936450 446.671541 454.406632 462.141723 469.876814 477.611905 485.346996 493.082087 500.817178 508.552269 516.287360 524.022451 531.757542 539.492633 547.227724 554.962815 562.697906 570.432997 578.168088 585.903179 593.638270 601.373361 609.108452 616.843543 624.578634 632.313725 640.048816 647.783907 655.518998 663.254089 670.989180 678.724271 686.459362 694.194453 701.929544 709.664635 717.399726 725.134817 732.869908 740.604999 748.340090 756.075181 763.810272 771.545363 779.280454 787.015545 794.750636 802.485727 810.220818 817.955909 825.691000
CLs for scanned r =  0.180328   0.288462   0.229592   0.146226   0.0901639   0.0896226   0.0638298   0.0729167   0.0744681   0.0754717   0.0566038   0.076087   0.0185185   0.0397727   0.0510204   0.0380435   0.046875   0.0333333   0.0397727   0.0377358   0.0208333   0.0217391   0.0185185   0.00568182   0.0102041   0.0147059   0.00909091   0   0.0212766   0.0133929   0.0102041   0.00520833   0.012931   0.00480769   0.00454545   0.00480769   0.00438596   0.0185185   0.00943396   0   0.00555556   0   0.00480769   0   0.00490196   0   0   0.00510204   0   0   0   0   0.00454545   0   0   0   0   0.00510204   0   0   0   0.00609756   0   0   0   0.00531915   0   0   0   0   0   0.00446429   0   0   0   0.00471698   0   0.00454545   0   0   0   0   0   0   0.00454545   0   0   0   0   0.00520833   0   0   0   0   0   0   0   0   0   0   0 
CLsUnc for scanned r =  0.0307726  0.0561302  0.0414732  0.029654  0.0205305  0.0222256  0.0196332  0.0209135  0.0214159  0.0201621  0.0171875  0.0219426  0.00941569  0.015688  0.0169529  0.0149582  0.016369  0.0140984  0.015688  0.0138068  0.01064  0.0111218  0.00941569  0.00571786  0.00729009  0.00861194  0.00648062  0  0.0108756  0.00782297  0.00729009  0.00523647  0.00754639  0.00482983  0.00456401  0.00482983  0.00440248  0.00941569  0.00672972  0  0.0055894  0  0.00482983  0  0.00492545  0  0  0.00512852  0  0  0  0  0.00456401  0  0  0  0  0.00512852  0  0  0  0.00614128  0  0  0  0.00534906  0  0  0  0  0  0.00448179  0  0  0  0.00473785  0  0.00456401  0  0  0  0  0  0  0.00456401  0  0  0  0  0.00523647  0  0  0  0  0  0  0  0  0  0  0
CLb for scanned r =  0.488   0.312   0.392   0.424   0.488   0.424   0.376   0.384   0.376   0.424   0.424   0.368   0.432   0.352   0.392   0.368   0.384   0.36   0.352   0.424   0.384   0.368   0.432   0.352   0.392   0.408   0.44   0.424   0.376   0.448   0.392   0.384   0.464   0.416   0.44   0.416   0.456   0.432   0.424   0.424   0.36   0.448   0.416   0.328   0.408   0.432   0.408   0.392   0.464   0.408   0.416   0.32   0.44   0.416   0.36   0.432   0.32   0.392   0.392   0.408   0.44   0.328   0.464   0.464   0.48   0.376   0.448   0.376   0.392   0.464   0.416   0.448   0.336   0.379032   0.344   0.424   0.392   0.44   0.328   0.4   0.456   0.424   0.48   0.408   0.44   0.408   0.416   0.416   0.344   0.384   0.4   0.464   0.432   0.368   0.408   0.384   0.464   0.408   0.44   0.448   0.344 
CLbUnc for scanned r =  0.0447085  0.0414397  0.0436656  0.0442017  0.0447085  0.0442017  0.0433243  0.0435012  0.0433243  0.0442017  0.0442017  0.0431348  0.0443058  0.0427173  0.0436656  0.0431348  0.0435012  0.0429325  0.0427173  0.0442017  0.0435012  0.0431348  0.0443058  0.0427173  0.0436656  0.0439578  0.0443982  0.0442017  0.0433243  0.0444788  0.0436656  0.0435012  0.0446053  0.0440857  0.0443982  0.0440857  0.0445479  0.0443058  0.0442017  0.0442017  0.0429325  0.0444788  0.0440857  0.041992  0.0439578  0.0443058  0.0439578  0.0436656  0.0446053  0.0439578  0.0440857  0.0417229  0.0443982  0.0440857  0.0429325  0.0443058  0.0417229  0.0436656  0.0436656  0.0439578  0.0443982  0.041992  0.0446053  0.0446053  0.0446856  0.0433243  0.0444788  0.0433243  0.0436656  0.0446053  0.0440857  0.0444788  0.0422473  0.0435674  0.042489  0.0442017  0.0436656  0.0443982  0.041992  0.0438178  0.0445479  0.0442017  0.0446856  0.0439578  0.0443982  0.0439578  0.0440857  0.0440857  0.042489  0.0435012  0.0438178  0.0446053  0.0443058  0.0431348  0.0439578  0.0435012  0.0446053  0.0439578  0.0443982  0.0444788  0.042489
CLsb for scanned r =  0.088   0.09   0.09   0.062   0.044   0.038   0.024   0.028   0.028   0.032   0.024   0.028   0.008   0.014   0.02   0.014   0.018   0.012   0.014   0.016   0.008   0.008   0.008   0.002   0.004   0.006   0.004   0   0.008   0.006   0.004   0.002   0.006   0.002   0.002   0.002   0.002   0.008   0.004   0   0.002   0   0.002   0   0.002   0   0   0.002   0   0   0   0   0.002   0   0   0   0   0.002   0   0   0   0.002   0   0   0   0.002   0   0   0   0   0   0.002   0   0   0   0.002   0   0.002   0   0   0   0   0   0   0.002   0   0   0   0   0.002   0   0   0   0   0   0   0   0   0   0   0 
CLsbUnc for scanned r =  0.0126693  0.0127984  0.0127984  0.0107848  0.00917213  0.00855056  0.00684456  0.0073778  0.0073778  0.00787096  0.00684456  0.0073778  0.00398397  0.00525433  0.00626099  0.00525433  0.00594575  0.0048695  0.00525433  0.00561142  0.00398397  0.00398397  0.00398397  0.001998  0.00282276  0.00345369  0.00282276  0  0.00398397  0.00345369  0.00282276  0.001998  0.00345369  0.001998  0.001998  0.001998  0.001998  0.00398397  0.00282276  0  0.001998  0  0.001998  0  0.001998  0  0  0.001998  0  0  0  0  0.001998  0  0  0  0  0.001998  0  0  0  0.001998  0  0  0  0.001998  0  0  0  0  0  0.001998  0  0  0  0.001998  0  0.001998  0  0  0  0  0  0  0.001998  0  0  0  0  0.001998  0  0  0  0  0  0  0  0  0  0  0
CLs observed = 123.707
CLs observed error= 6.76609
CLs expected = 156.325
CLs expected error= 6.60793
CLs expected m2sigma = 59.917
CLs expected m2sigma error= 85.086
CLs expected m1sigma = 85.0781
CLs expected m1sigma error= 10.3328
CLs expected p1sigma = 381.793
CLs expected p1sigma error= 3.88658
CLs expected p2sigma = 778.487
CLs expected p2sigma error= 6.21633
