# cMSSM_2500_240_10_0_1_ch8.txt

 Mzero = 2500
 Mhalf = 240
 TanBeta = 10
 Xsection.LO = -1
 Xsection.NLO = 2.29006
 Luminosity = 4650
 Channel = 8
 n_channels = 1 
 data_0 = 71
 signal_0 = 5.01466
 signal_contamination_0 = 0.734463
 qcd_0 = 19.6923
 lostle_0 = 13.6877
 tau_0 = 21.8915
 zinvis_0 = 10.95
 QCD_stat_unc = 4.42953
 lostle_trigger = 0.273755
 non-closure_uncertainties = 0.94039
 other_QCD_uncerts = 12.4969
 other_lostlepton_uncertainties = 1.61187
 other_tau_uncertainties = 1.945
 qcd_trigger = 0.393847
 signal_stat = 2.35475
 signal_syst = 1.90285
 signal_syst_acceptance_PDF = 0.00335513
 signal_syst_kfactor = 0.0346787
 signal_syst_xSec_PDF = 1.08392
 signal_trigger = 0.100293
 stat_IsoMuCS = 7.1395
 statistics = 1.74
 systematic_uncertainties = 5.18
 tau_trigger = 0.43783
 zinvis_trigger = 0.219

CLs observed asymptotic = 11.6549
CLs expected asymptotic = 10.2859
CLs expected m2sigma asymptotic = 5.5806
CLs expected m1sigma asymptotic = 7.4231
CLs expected p1sigma asymptotic = 14.2871
CLs expected p2sigma asymptotic = 18.9823

CLs expected profile likelihood =  11.2493 
CLs expected m2sigma profile likelihood =  3.61568 
CLs expected m1sigma profile likelihood =  5.33177 
CLs expected p1sigma profile likelihood =  22.2307
CLs expected p2sigma profile likelihood =  37.354

scanned r = 3.61568 3.953063 4.290446 4.627829 4.965212 5.302595 5.639978 5.977361 6.314744 6.652127 6.989510 7.326893 7.664276 8.001659 8.339042 8.676425 9.013808 9.351191 9.688574 10.025957 10.363340 10.700723 11.038106 11.375489 11.712872 12.050255 12.387638 12.725021 13.062404 13.399787 13.737170 14.074553 14.411936 14.749319 15.086702 15.424085 15.761468 16.098851 16.436234 16.773617 17.111000 17.448383 17.785766 18.123149 18.460532 18.797915 19.135298 19.472681 19.810064 20.147447 20.484830 20.822213 21.159596 21.496979 21.834362 22.171745 22.509128 22.846511 23.183894 23.521277 23.858660 24.196043 24.533426 24.870809 25.208192 25.545575 25.882958 26.220341 26.557724 26.895107 27.232490 27.569873 27.907256 28.244639 28.582022 28.919405 29.256788 29.594171 29.931554 30.268937 30.606320 30.943703 31.281086 31.618469 31.955852 32.293235 32.630618 32.968001 33.305384 33.642767 33.980150 34.317533 34.654916 34.992299 35.329682 35.667065 36.004448 36.341831 36.679214 37.016597 37.353980
CLs for scanned r =  0.505556   0.509259   0.427711   0.427215   0.403125   0.318452   0.275316   0.255435   0.240625   0.228916   0.21988   0.162088   0.148256   0.194079   0.121622   0.177632   0.163462   0.146341   0.108974   0.12963   0.0930233   0.0855263   0.0617284   0.0617284   0.0555556   0.0267857   0.0681818   0.0681818   0.0411392   0.0404412   0.0331325   0.0523256   0.05625   0.0236486   0.0104167   0.0221519   0.0434783   0.0192308   0.0246479   0.025641   0.0140449   0.00882353   0.0140449   0.0197368   0.0189873   0   0.0197368   0.00617284   0.0115385   0.0060241   0.00301205   0.00649351   0.0060241   0.00925926   0.0104167   0.015122   0.00342466   0.00961538   0.00396825   0.00308642   0.00367647   0   0.00974026   0.00694444   0.00316456   0   0.00632911   0.00362319   0.00301205   0   0.00568182   0.00324675   0   0   0.00333333   0.00757576   0   0.00362319   0.00337838   0   0   0   0   0.00641026   0   0   0   0   0.00337838   0   0   0   0   0   0   0   0   0   0.00342466   0   0.00367647 
CLsUnc for scanned r =  0.041089  0.0466918  0.0407796  0.0428615  0.0408172  0.0337778  0.0327528  0.0274017  0.029945  0.0282283  0.0275919  0.021709  0.0216046  0.0275203  0.0215141  0.0261525  0.0244802  0.0222075  0.0195645  0.0209644  0.0168672  0.0174481  0.0141229  0.0141229  0.0125599  0.00900478  0.015338  0.015338  0.0116054  0.0125051  0.0101017  0.0125126  0.0135533  0.0090476  0.00604905  0.00845017  0.012885  0.00791708  0.00944827  0.00916718  0.00630047  0.00510773  0.00630047  0.00813351  0.00781312  0  0.00813351  0.00437508  0.00671532  0.0042684  0.00301513  0.0046053  0.0042684  0.00536461  0.00604905  0.00679867  0.00343098  0.00557488  0.00397989  0.00309004  0.00368511  0  0.00564868  0.00492952  0.00316876  0  0.00448724  0.00363132  0.00301513  0  0.00402313  0.0032516  0  0  0.00333888  0.00538439  0  0.00363132  0.00338431  0  0  0  0  0.0045455  0  0  0  0  0.00338431  0  0  0  0  0  0  0  0  0  0.00343098  0  0.00368511
CLb for scanned r =  0.72   0.648   0.664   0.632   0.64   0.672   0.632   0.736   0.64   0.664   0.664   0.728   0.688   0.608   0.592   0.608   0.624   0.656   0.624   0.648   0.688   0.608   0.648   0.648   0.72   0.672   0.616   0.616   0.632   0.544   0.664   0.688   0.64   0.592   0.576   0.632   0.552   0.624   0.568   0.624   0.712   0.68   0.712   0.608   0.632   0.568   0.608   0.648   0.52   0.664   0.664   0.616   0.664   0.648   0.576   0.66129   0.584   0.624   0.504   0.648   0.544   0.592   0.616   0.576   0.632   0.592   0.632   0.552   0.664   0.624   0.704   0.616   0.624   0.616   0.6   0.528   0.584   0.552   0.592   0.64   0.616   0.656   0.608   0.624   0.624   0.6   0.584   0.64   0.592   0.608   0.608   0.632   0.624   0.704   0.608   0.616   0.624   0.56   0.584   0.6   0.544 
CLbUnc for scanned r =  0.0401597  0.0427173  0.0422473  0.0431348  0.0429325  0.041992  0.0431348  0.0394263  0.0429325  0.0422473  0.0422473  0.0398011  0.0414397  0.0436656  0.0439578  0.0436656  0.0433243  0.042489  0.0433243  0.0427173  0.0414397  0.0436656  0.0427173  0.0427173  0.0401597  0.041992  0.0435012  0.0435012  0.0431348  0.0445479  0.0422473  0.0414397  0.0429325  0.0439578  0.0442017  0.0431348  0.0444788  0.0433243  0.0443058  0.0433243  0.0405024  0.0417229  0.0405024  0.0436656  0.0431348  0.0443058  0.0436656  0.0427173  0.0446856  0.0422473  0.0422473  0.0435012  0.0422473  0.0427173  0.0442017  0.042501  0.0440857  0.0433243  0.0447199  0.0427173  0.0445479  0.0439578  0.0435012  0.0442017  0.0431348  0.0439578  0.0431348  0.0444788  0.0422473  0.0433243  0.0408298  0.0435012  0.0433243  0.0435012  0.0438178  0.0446512  0.0440857  0.0444788  0.0439578  0.0429325  0.0435012  0.042489  0.0436656  0.0433243  0.0433243  0.0438178  0.0440857  0.0429325  0.0439578  0.0436656  0.0436656  0.0431348  0.0433243  0.0408298  0.0436656  0.0435012  0.0433243  0.0443982  0.0440857  0.0438178  0.0445479
CLsb for scanned r =  0.364   0.33   0.284   0.27   0.258   0.214   0.174   0.188   0.154   0.152   0.146   0.118   0.102   0.118   0.072   0.108   0.102   0.096   0.068   0.084   0.064   0.052   0.04   0.04   0.04   0.018   0.042   0.042   0.026   0.022   0.022   0.036   0.036   0.014   0.006   0.014   0.024   0.012   0.014   0.016   0.01   0.006   0.01   0.012   0.012   0   0.012   0.004   0.006   0.004   0.002   0.004   0.004   0.006   0.006   0.01   0.002   0.006   0.002   0.002   0.002   0   0.006   0.004   0.002   0   0.004   0.002   0.002   0   0.004   0.002   0   0   0.002   0.004   0   0.002   0.002   0   0   0   0   0.004   0   0   0   0   0.002   0   0   0   0   0   0   0   0   0   0.002   0   0.002 
CLsbUnc for scanned r =  0.0215176  0.0210286  0.0201665  0.0198545  0.0195671  0.0183414  0.0169543  0.0174732  0.0161421  0.0160559  0.0157914  0.0144275  0.0135348  0.0144275  0.0115599  0.0138806  0.0135348  0.0131745  0.0112584  0.0124052  0.0109457  0.00992935  0.00876356  0.00876356  0.00876356  0.00594575  0.00897062  0.00897062  0.00711674  0.00655988  0.00655988  0.00833115  0.00833115  0.00525433  0.00345369  0.00525433  0.00684456  0.0048695  0.00525433  0.00561142  0.00444972  0.00345369  0.00444972  0.0048695  0.0048695  0  0.0048695  0.00282276  0.00345369  0.00282276  0.001998  0.00282276  0.00282276  0.00345369  0.00345369  0.00444972  0.001998  0.00345369  0.001998  0.001998  0.001998  0  0.00345369  0.00282276  0.001998  0  0.00282276  0.001998  0.001998  0  0.00282276  0.001998  0  0  0.001998  0.00282276  0  0.001998  0.001998  0  0  0  0  0.00282276  0  0  0  0  0.001998  0  0  0  0  0  0  0  0  0  0.001998  0  0.001998
CLs observed = 12.2313
CLs observed error= 0.20948
CLs expected = 10.0777
CLs expected error= 0.14914
CLs expected m2sigma = 4.29045
CLs expected m2sigma error= 3.37383
CLs expected m1sigma = 7.3762
CLs expected m1sigma error= 0.374753
CLs expected p1sigma = 16.6813
CLs expected p1sigma error= 0.0768597
CLs expected p2sigma = 34.247
CLs expected p2sigma error= 0.125363
