# cMSSM_2500_240_10_0_1_ch11.txt

 Mzero = 2500
 Mhalf = 240
 TanBeta = 10
 Xsection.LO = -1
 Xsection.NLO = 2.29006
 Luminosity = 4650
 Channel = 11
 n_channels = 1 
 data_0 = 29
 signal_0 = 8.01681
 signal_contamination_0 = 0.581693
 qcd_0 = 11.6651
 lostle_0 = 4.1961
 tau_0 = 6.17379
 zinvis_0 = 3.108
 QCD_stat_unc = 3.40733
 lostle_trigger = 0.0839219
 non-closure_uncertainties = 0.26521
 other_QCD_uncerts = 7.56627
 other_lostlepton_uncertainties = 0.492234
 other_tau_uncertainties = 0.7375
 qcd_trigger = 0.233302
 signal_stat = 2.97774
 signal_syst = 0.990997
 signal_syst_acceptance_PDF = 0.00635062
 signal_syst_kfactor = 0.0554401
 signal_syst_xSec_PDF = 1.73284
 signal_trigger = 0.160336
 stat_IsoMuCS = 3.49709
 statistics = 0.984
 systematic_uncertainties = 1.714
 tau_trigger = 0.123476
 zinvis_trigger = 0.06216

CLs observed asymptotic = 3.4312
CLs expected asymptotic = 2.9517
CLs expected m2sigma asymptotic = 1.6014
CLs expected m1sigma asymptotic = 2.1302
CLs expected p1sigma asymptotic = 4.0999
CLs expected p2sigma asymptotic = 5.4473

CLs expected profile likelihood =  3.38525 
CLs expected m2sigma profile likelihood =  0.989121 
CLs expected m1sigma profile likelihood =  1.56906 
CLs expected p1sigma profile likelihood =  5.87108
CLs expected p2sigma profile likelihood =  11.1957

scanned r = 0.989121 1.091186 1.193251 1.295316 1.397381 1.499446 1.601511 1.703576 1.805641 1.907706 2.009771 2.111836 2.213901 2.315966 2.418031 2.520096 2.622161 2.724226 2.826291 2.928356 3.030421 3.132486 3.234551 3.336616 3.438681 3.540746 3.642811 3.744876 3.846941 3.949006 4.051071 4.153136 4.255201 4.357266 4.459331 4.561396 4.663461 4.765526 4.867591 4.969656 5.071721 5.173786 5.275851 5.377916 5.479981 5.582046 5.684111 5.786176 5.888241 5.990306 6.092371 6.194436 6.296501 6.398566 6.500631 6.602696 6.704761 6.806826 6.908891 7.010956 7.113021 7.215086 7.317151 7.419216 7.521281 7.623346 7.725411 7.827476 7.929541 8.031606 8.133671 8.235736 8.337801 8.439866 8.541931 8.643996 8.746061 8.848126 8.950191 9.052256 9.154321 9.256386 9.358451 9.460516 9.562581 9.664646 9.766711 9.868776 9.970841 10.072906 10.174971 10.277036 10.379101 10.481166 10.583231 10.685296 10.787361 10.889426 10.991491 11.093556 11.195621
CLs for scanned r =  0.584184   0.590659   0.469697   0.494737   0.505952   0.444767   0.447531   0.285714   0.337766   0.34375   0.222222   0.273529   0.244681   0.203608   0.192308   0.140306   0.181034   0.152027   0.130682   0.133333   0.106322   0.109551   0.0941176   0.0941176   0.065625   0.0654762   0.047619   0.0714286   0.0735294   0.0664557   0.0267857   0.0348837   0.0236842   0.0227273   0.0116279   0.0154321   0.0289855   0.0181159   0.0126582   0.0121951   0   0.00555556   0.0143678   0.0101351   0.00588235   0.00304878   0.00308642   0.00280899   0.00949367   0.00666667   0.00280899   0   0.00324675   0.00914634   0.00842697   0.00304878   0.00657895   0.00308642   0.00308642   0.00320513   0   0.00328947   0   0   0   0   0   0   0   0   0   0   0   0   0   0   0   0   0   0   0   0   0   0   0.00308642   0   0.00297619   0   0   0   0   0   0   0   0   0   0   0   0.00320513   0   0 
CLsUnc for scanned r =  0.0394957  0.0443592  0.0347619  0.0378254  0.0446476  0.0401865  0.0430241  0.0294222  0.031163  0.0370085  0.0259259  0.0306028  0.0262481  0.0231859  0.0237675  0.0190248  0.0238576  0.0243887  0.0198631  0.0197515  0.0179559  0.0179599  0.0171011  0.0171011  0.0146917  0.0142491  0.0120848  0.0149098  0.0150268  0.0149011  0.00900478  0.0101679  0.00791341  0.00867944  0.00583285  0.0069418  0.0104305  0.00819219  0.00636267  0.00612427  0  0.00393273  0.00644944  0.00588228  0.00416679  0.00305212  0.00309004  0.00281072  0.00550299  0.00472973  0.00281072  0  0.0032516  0.005298  0.00487432  0.00305212  0.00466669  0.00309004  0.00309004  0.00320965  0  0.00329466  0  0  0  0  0  0  0  0  0  0  0  0  0  0  0  0  0  0  0  0  0  0  0.00309004  0  0.00297902  0  0  0  0  0  0  0  0  0  0  0  0.00320965  0  0
CLb for scanned r =  0.784   0.728   0.792   0.76   0.672   0.688   0.648   0.728   0.752   0.64   0.72   0.68   0.752   0.776   0.728   0.784   0.696   0.592   0.704   0.72   0.696   0.712   0.68   0.68   0.64   0.672   0.672   0.672   0.68   0.632   0.672   0.688   0.76   0.616   0.688   0.648   0.552   0.552   0.632   0.656   0.736   0.72   0.696   0.592   0.68   0.656   0.648   0.712   0.632   0.6   0.712   0.696   0.616   0.656   0.712   0.656   0.608   0.648   0.648   0.624   0.632   0.608   0.648   0.64   0.648   0.592   0.616   0.624   0.552   0.56   0.672   0.592   0.624   0.68   0.6   0.648   0.656   0.656   0.688   0.616   0.68   0.6   0.632   0.648   0.648   0.672   0.672   0.584   0.632   0.616   0.624   0.584   0.664   0.616   0.608   0.632   0.656   0.616   0.624   0.616   0.6 
CLbUnc for scanned r =  0.036807  0.0398011  0.0363027  0.0381995  0.041992  0.0414397  0.0427173  0.0398011  0.038626  0.0429325  0.0401597  0.0417229  0.038626  0.0372906  0.0398011  0.036807  0.0411421  0.0439578  0.0408298  0.0401597  0.0411421  0.0405024  0.0417229  0.0417229  0.0429325  0.041992  0.041992  0.041992  0.0417229  0.0431348  0.041992  0.0414397  0.0381995  0.0435012  0.0414397  0.0427173  0.0444788  0.0444788  0.0431348  0.042489  0.0394263  0.0401597  0.0411421  0.0439578  0.0417229  0.042489  0.0427173  0.0405024  0.0431348  0.0438178  0.0405024  0.0411421  0.0435012  0.042489  0.0405024  0.042489  0.0436656  0.0427173  0.0427173  0.0433243  0.0431348  0.0436656  0.0427173  0.0429325  0.0427173  0.0439578  0.0435012  0.0433243  0.0444788  0.0443982  0.041992  0.0439578  0.0433243  0.0417229  0.0438178  0.0427173  0.042489  0.042489  0.0414397  0.0435012  0.0417229  0.0438178  0.0431348  0.0427173  0.0427173  0.041992  0.041992  0.0440857  0.0431348  0.0435012  0.0433243  0.0440857  0.0422473  0.0435012  0.0436656  0.0431348  0.042489  0.0435012  0.0433243  0.0435012  0.0438178
CLsb for scanned r =  0.458   0.43   0.372   0.376   0.34   0.306   0.29   0.208   0.254   0.22   0.16   0.186   0.184   0.158   0.14   0.11   0.126   0.09   0.092   0.096   0.074   0.078   0.064   0.064   0.042   0.044   0.032   0.048   0.05   0.042   0.018   0.024   0.018   0.014   0.008   0.01   0.016   0.01   0.008   0.008   0   0.004   0.01   0.006   0.004   0.002   0.002   0.002   0.006   0.004   0.002   0   0.002   0.006   0.006   0.002   0.004   0.002   0.002   0.002   0   0.002   0   0   0   0   0   0   0   0   0   0   0   0   0   0   0   0   0   0   0   0   0   0   0.002   0   0.002   0   0   0   0   0   0   0   0   0   0   0   0.002   0   0 
CLsbUnc for scanned r =  0.0222817  0.0221405  0.0216155  0.0216621  0.0211849  0.0206089  0.0202929  0.0181514  0.0194671  0.0185257  0.0163951  0.0174014  0.0173288  0.0163117  0.0155177  0.0139929  0.0148408  0.0127984  0.0129256  0.0131745  0.0117068  0.011993  0.0109457  0.0109457  0.00897062  0.00917213  0.00787096  0.00955992  0.00974679  0.00897062  0.00594575  0.00684456  0.00594575  0.00525433  0.00398397  0.00444972  0.00561142  0.00444972  0.00398397  0.00398397  0  0.00282276  0.00444972  0.00345369  0.00282276  0.001998  0.001998  0.001998  0.00345369  0.00282276  0.001998  0  0.001998  0.00345369  0.00345369  0.001998  0.00282276  0.001998  0.001998  0.001998  0  0.001998  0  0  0  0  0  0  0  0  0  0  0  0  0  0  0  0  0  0  0  0  0  0  0.001998  0  0.001998  0  0  0  0  0  0  0  0  0  0  0  0.001998  0  0
CLs observed = 3.75237
CLs observed error= 0.0517468
CLs expected = 3.05151
CLs expected error= 0.0863246
CLs expected m2sigma = 1.19325
CLs expected m2sigma error= 1.02065
CLs expected m1sigma = 1.84075
CLs expected m1sigma error= 0.077339
CLs expected p1sigma = 4.44769
CLs expected p1sigma error= 0.0487661
CLs expected p2sigma = 8.0296
CLs expected p2sigma error= 0.110641
