400 400 709.0 233.0342 10000 480.0 163.9754 150.0 65.24726 98.0 39.7731 0 0 0 0 0 0 0 0
400 480 1226.0 340.0031 10000 841.0 249.1697 245.0 119.5972 177.0 41.4904 0 0 0 0 0 0 0 0
400 560 1240.0 378.0159 10000 869.0 277.7356 266.0 102.1703 173.0 58.4922 0 0 0 0 0 0 0 0
400 640 1077.0 378.9642 10000 721.0 291.3359 226.0 140.8712 158.0 39.2456 0 0 0 0 0 0 0 0
400 720 1048.0 311.4081 10000 737.0 230.5116 237.0 113.98 132.0 32.8482 0 0 0 0 0 0 0 0
400 800 955.0 337.4836 10000 670.0 262.202 230.0 124.2163 119.0 27.0362 0 0 0 0 0 0 0 0
400 880 841.0 305.8031 10000 599.0 235.9039 211.0 104.16 118.0 25.2682 0 0 0 0 0 0 0 0
400 960 819.0 273.0341 10000 578.0 221.0801 213.0 117.5542 93.0 24.9544 0 0 0 0 0 0 0 0
400 1040 5209.0 1875.6883 60000 3647.0 1354.4536 1189.0 522.9086 737.0 269.6047 0 0 0 0 0 0 0 0
400 1120 767.0 288.8477 10000 513.0 229.5388 170.0 132.7487 109.0 28.7123 0 0 0 0 0 0 0 0
400 1200 687.0 258.24 10000 484.0 201.9896 159.0 88.9006 96.0 43.2169 0 0 0 0 0 0 0 0
400 1280 724.0 260.1196 10000 499.0 199.7268 170.0 97.4557 93.0 30.4153 0 0 0 0 0 0 0 0
400 1360 723.0 236.0081 10000 510.0 177.1575 174.0 73.0315 101.0 29.9027 0 0 0 0 0 0 0 0
400 1440 662.0 238.0957 10000 451.0 192.0559 148.0 100.4854 84.0 42.4099 0 0 0 0 0 0 0 0
400 1520 699.0 207.5069 10000 513.0 159.6063 162.0 58.99287 88.0 19.2345 0 0 0 0 0 0 0 0
400 1600 673.0 232.099 10000 470.0 170.357 167.0 74.6969 102.0 23.3538 0 0 0 0 0 0 0 0
400 1680 728.0 218.4153 10000 517.0 169.01 181.0 66.37533 86.0 17.1094 0 0 0 0 0 0 0 0
400 1760 679.0 237.0731 10000 480.0 187.2808 152.0 75.4612 97.0 38.7863 0 0 0 0 0 0 0 0
400 1840 691.0 258.8735 10000 490.0 189.8242 141.0 74.60853 92.0 15.091 0 0 0 0 0 0 0 0
400 1920 680.0 224.426 10000 489.0 173.2079 158.0 76.6469 90.0 42.3809 0 0 0 0 0 0 0 0
400 2000 649.0 231.908 10000 460.0 178.4989 159.0 87.4048 119.0 29.3349 0 0 0 0 0 0 0 0
480 400 1248.0 458.583 10000 857.0 353.9389 258.0 128.0191 184.0 52.824 0 0 0 0 0 0 0 0
480 480 2172.0 385.127 10000 1414.0 274.779 385.0 111.8913 303.0 62.376 0 0 0 0 0 0 0 0
480 560 2517.0 489.278 10000 1633.0 356.7062 436.0 126.66 373.0 52.579 0 0 0 0 0 0 0 0
480 640 2470.0 457.702 10000 1630.0 331.3313 477.0 132.9006 390.0 54.868 0 0 0 0 0 0 0 0
480 720 2412.0 400.9329 10000 1600.0 291.0329 457.0 115.4157 358.0 56.4721 0 0 0 0 0 0 0 0
480 800 2255.0 398.7338 10000 1481.0 291.4199 413.0 133.4327 348.0 41.3262 0 0 0 0 0 0 0 0
480 880 2164.0 391.3572 10000 1488.0 287.9183 482.0 122.1124 320.0 44.7048 0 0 0 0 0 0 0 0
480 960 2075.0 403.4586 10000 1414.0 290.3074 426.0 134.5366 323.0 53.9114 0 0 0 0 0 0 0 0
480 1040 13449.0 3601.1528 60000 8960.0 2570.8566 2469.0 896.6129 2073.0 449.479 0 0 0 0 0 0 0 0
480 1120 2016.0 354.8633 10000 1374.0 245.8565 401.0 116.3277 319.0 46.2565 0 0 0 0 0 0 0 0
480 1200 1907.0 393.6399 10000 1261.0 293.8644 402.0 117.6682 306.0 43.7281 0 0 0 0 0 0 0 0
480 1280 1948.0 361.4338 10000 1345.0 298.2565 406.0 128.6081 273.0 51.3048 0 0 0 0 0 0 0 0
480 1360 1972.0 402.3817 10000 1350.0 321.9189 412.0 153.9736 328.0 51.9193 0 0 0 0 0 0 0 0
480 1440 1921.0 379.7397 10000 1303.0 286.3021 393.0 114.8003 288.0 44.8426 0 0 0 0 0 0 0 0
480 1520 1898.0 353.217 10000 1215.0 250.2694 384.0 115.3766 327.0 36.5468 0 0 0 0 0 0 0 0
480 1600 1958.0 322.3557 10000 1320.0 240.5328 392.0 94.4907 307.0 46.0954 0 0 0 0 0 0 0 0
480 1680 1926.0 335.3183 10000 1273.0 249.8752 400.0 105.2055 293.0 48.5895 0 0 0 0 0 0 0 0
480 1760 1935.0 334.6214 10000 1298.0 232.6807 368.0 87.9441 299.0 37.1631 0 0 0 0 0 0 0 0
480 1840 1953.0 397.3307 10000 1332.0 301.5648 390.0 146.5312 276.0 56.3933 0 0 0 0 0 0 0 0
480 1920 1886.0 384.9224 10000 1271.0 296.8692 379.0 160.7288 306.0 34.8819 0 0 0 0 0 0 0 0
480 2000 1866.0 406.937 10000 1293.0 313.4643 376.0 126.5848 284.0 29.1171 0 0 0 0 0 0 0 0
560 400 1345.0 418.6075 10000 919.0 290.3099 283.0 109.4392 187.0 57.2345 0 0 0 0 0 0 0 0
560 480 2564.0 833.908 10000 1706.0 577.419 430.0 166.1525 443.0 112.268 0 0 0 0 0 0 0 0
560 560 2779.0 511.746 10000 1889.0 379.5346 582.0 150.2429 457.0 58.477 0 0 0 0 0 0 0 0
560 640 3090.0 535.092 10000 2094.0 406.5525 676.0 157.6332 463.0 84.661 0 0 0 0 0 0 0 0
560 720 3038.0 485.906 10000 2080.0 344.3971 665.0 153.2759 432.0 69.083 0 0 0 0 0 0 0 0
560 800 2972.0 532.765 10000 1969.0 383.4293 600.0 164.1362 424.0 59.552 0 0 0 0 0 0 0 0
560 880 2863.0 539.169 10000 1949.0 373.4277 635.0 168.4805 402.0 67.146 0 0 0 0 0 0 0 0
560 960 2813.0 491.221 10000 1894.0 372.7509 608.0 155.2334 397.0 46.648 0 0 0 0 0 0 0 0
560 1040 18757.0 4745.525 60000 12470.0 3400.4454 3566.0 1217.8175 2877.0 645.599 0 0 0 0 0 0 0 0
560 1120 2736.0 528.514 10000 1830.0 404.6703 638.0 183.0249 365.0 59.419 0 0 0 0 0 0 0 0
560 1200 2627.0 471.12 10000 1786.0 336.2262 619.0 133.6648 345.0 39.694 0 0 0 0 0 0 0 0
560 1280 2732.0 494.086 10000 1850.0 388.3501 603.0 185.3447 348.0 41.866 0 0 0 0 0 0 0 0
560 1360 2645.0 489.196 10000 1788.0 362.2968 588.0 171.0643 344.0 49.799 0 0 0 0 0 0 0 0
560 1440 2707.0 463.579 10000 1839.0 332.4962 635.0 138.8405 373.0 43.972 0 0 0 0 0 0 0 0
560 1520 2559.0 488.633 10000 1750.0 382.6637 566.0 192.3935 366.0 65.786 0 0 0 0 0 0 0 0
560 1600 2706.0 515.198 10000 1834.0 369.2105 659.0 172.7466 345.0 43.413 0 0 0 0 0 0 0 0
560 1680 2693.0 457.8094 10000 1856.0 346.5635 631.0 150.4913 383.0 49.2116 0 0 0 0 0 0 0 0
560 1760 2725.0 477.5415 10000 1855.0 379.8782 614.0 197.7712 334.0 60.8995 0 0 0 0 0 0 0 0
560 1840 2590.0 489.977 10000 1759.0 383.6119 546.0 143.9804 375.0 76.385 0 0 0 0 0 0 0 0
560 1920 2657.0 497.1914 10000 1823.0 388.079 643.0 197.892 370.0 53.7566 0 0 0 0 0 0 0 0
560 2000 2676.0 494.697 10000 1814.0 383.5242 619.0 204.8523 417.0 65.522 0 0 0 0 0 0 0 0
640 400 1385.0 469.9928 10000 943.0 330.6743 318.0 112.9506 193.0 50.3762 0 0 0 0 0 0 0 0
640 480 2839.0 843.909 10000 1863.0 616.473 510.0 202.5792 464.0 114.564 0 0 0 0 0 0 0 0
640 560 3402.0 928.898 10000 2232.0 679.406 608.0 248.3241 524.0 131.66 0 0 0 0 0 0 0 0
640 640 3191.0 580.614 10000 2227.0 420.3829 790.0 184.751 407.0 55.872 0 0 0 0 0 0 0 0
640 720 3471.0 673.302 10000 2431.0 490.083 883.0 236.1652 435.0 69.242 0 0 0 0 0 0 0 0
640 800 3424.0 560.317 10000 2400.0 416.5195 910.0 209.7989 404.0 61.649 0 0 0 0 0 0 0 0
640 880 3280.0 542.94 10000 2320.0 401.3639 826.0 169.298 385.0 71.867 0 0 0 0 0 0 0 0
640 960 3201.0 577.326 10000 2276.0 426.0067 840.0 192.6926 423.0 77.933 0 0 0 0 0 0 0 0
640 1040 21456.0 5156.837 60000 14657.0 3638.2837 4722.0 1345.8351 3070.0 716.077 0 0 0 0 0 0 0 0
640 1120 3049.0 527.128 10000 2135.0 394.7796 773.0 185.658 380.0 55.724 0 0 0 0 0 0 0 0
640 1200 3043.0 526.534 10000 2142.0 387.5942 781.0 151.8467 383.0 75.578 0 0 0 0 0 0 0 0
640 1280 3010.0 476.674 10000 2121.0 364.7326 850.0 164.5414 411.0 75.971 0 0 0 0 0 0 0 0
640 1360 2982.0 548.433 10000 2116.0 404.259 803.0 196.372 402.0 69.54 0 0 0 0 0 0 0 0
640 1440 3025.0 501.5612 10000 2129.0 371.6705 796.0 187.9995 411.0 62.6158 0 0 0 0 0 0 0 0
640 1520 3038.0 571.12 10000 2174.0 409.0501 852.0 173.0256 387.0 70.512 0 0 0 0 0 0 0 0
640 1600 3068.0 545.859 10000 2201.0 400.8794 864.0 200.8598 352.0 51.38 0 0 0 0 0 0 0 0
640 1680 3060.0 499.406 10000 2144.0 385.3416 812.0 174.1034 386.0 54.954 0 0 0 0 0 0 0 0
640 1760 3019.0 545.783 10000 2154.0 406.2599 781.0 157.1802 343.0 55.952 0 0 0 0 0 0 0 0
640 1840 2965.0 562.841 10000 2105.0 413.8815 786.0 196.3871 364.0 55.962 0 0 0 0 0 0 0 0
640 1920 3037.0 566.316 10000 2144.0 399.7222 810.0 163.046 378.0 45.703 0 0 0 0 0 0 0 0
640 2000 2981.0 627.378 10000 2132.0 489.882 816.0 218.3849 386.0 60.574 0 0 0 0 0 0 0 0
720 400 1280.0 469.306 10000 893.0 329.4754 319.0 110.5651 186.0 62.33 0 0 0 0 0 0 0 0
720 480 2848.0 946.826 10000 1895.0 670.019 509.0 242.8046 442.0 118.63 0 0 0 0 0 0 0 0
720 560 3346.0 933.232 10000 2202.0 660.624 585.0 237.1497 562.0 137.425 0 0 0 0 0 0 0 0
720 640 3714.0 1017.146 10000 2507.0 738.568 751.0 258.2879 575.0 126.504 0 0 0 0 0 0 0 0
720 720 3481.0 686.502 10000 2535.0 468.251 1048.0 205.6815 396.0 72.802 0 0 0 0 0 0 0 0
720 800 3616.0 656.493 10000 2654.0 444.7474 1159.0 184.3554 382.0 76.926 0 0 0 0 0 0 0 0
720 880 3444.0 648.827 10000 2526.0 487.72 1079.0 224.3969 409.0 53.966 0 0 0 0 0 0 0 0
720 960 3380.0 607.305 10000 2505.0 457.2099 1031.0 184.1241 398.0 79.806 0 0 0 0 0 0 0 0
720 1040 22683.0 5873.542 60000 15926.0 4214.06 5806.0 1699.7118 2888.0 725.453 0 0 0 0 0 0 0 0
720 1120 3371.0 598.092 10000 2462.0 450.8899 1029.0 214.0147 406.0 60.345 0 0 0 0 0 0 0 0
720 1200 3297.0 600.811 10000 2430.0 442.4314 1046.0 176.7981 368.0 71.868 0 0 0 0 0 0 0 0
720 1280 3244.0 611.935 10000 2413.0 471.4065 1031.0 211.1445 352.0 57.589 0 0 0 0 0 0 0 0
720 1360 3283.0 605.929 10000 2411.0 469.7874 1121.0 207.4325 395.0 61.228 0 0 0 0 0 0 0 0
720 1440 3269.0 567.557 10000 2391.0 427.9121 993.0 181.4684 328.0 77.81 0 0 0 0 0 0 0 0
720 1520 3296.0 579.097 10000 2463.0 415.49 1116.0 194.9256 333.0 57.039 0 0 0 0 0 0 0 0
720 1600 3245.0 618.329 10000 2428.0 461.7571 1086.0 215.109 315.0 56.728 0 0 0 0 0 0 0 0
720 1680 3246.0 628.913 10000 2361.0 474.2071 1053.0 256.8823 334.0 83.45 0 0 0 0 0 0 0 0
720 1760 3140.0 600.964 10000 2343.0 450.1878 1024.0 207.6466 360.0 93.956 0 0 0 0 0 0 0 0
720 1840 3227.0 651.449 10000 2364.0 479.0 1016.0 228.5065 347.0 67.988 0 0 0 0 0 0 0 0
720 1920 3304.0 659.734 10000 2471.0 518.254 1072.0 246.8114 331.0 45.327 0 0 0 0 0 0 0 0
720 2000 3255.0 587.129 10000 2396.0 444.8925 1053.0 220.4191 363.0 63.457 0 0 0 0 0 0 0 0
800 400 1259.0 482.074 10000 835.0 326.1631 313.0 105.8818 159.0 59.605 0 0 0 0 0 0 0 0
800 480 2689.0 827.881 10000 1827.0 589.9 528.0 207.7125 400.0 116.002 0 0 0 0 0 0 0 0
800 560 3489.0 897.241 10000 2322.0 620.651 679.0 216.9024 515.0 130.869 0 0 0 0 0 0 0 0
800 640 3722.0 1006.412 10000 2543.0 684.771 776.0 253.4677 538.0 148.147 0 0 0 0 0 0 0 0
800 720 3842.0 1093.403 10000 2610.0 809.03 903.0 300.5155 496.0 114.579 0 0 0 0 0 0 0 0
800 800 3667.0 753.0 10000 2718.0 571.505 1223.0 257.833 351.0 87.074 0 0 0 0 0 0 0 0
800 880 3769.0 748.15 10000 2828.0 558.016 1332.0 295.8789 374.0 87.346 0 0 0 0 0 0 0 0
800 960 3662.0 721.502 10000 2736.0 524.61 1268.0 240.0656 359.0 99.264 0 0 0 0 0 0 0 0
800 1040 23229.0 6385.575 60000 16778.0 4551.86 6881.0 1874.8558 2786.0 810.387 0 0 0 0 0 0 0 0
800 1120 3540.0 659.145 10000 2650.0 475.518 1277.0 240.8214 365.0 97.095 0 0 0 0 0 0 0 0
800 1200 3542.0 644.418 10000 2681.0 468.228 1295.0 209.3336 335.0 78.321 0 0 0 0 0 0 0 0
800 1280 3590.0 664.073 10000 2816.0 496.679 1375.0 238.2809 340.0 94.991 0 0 0 0 0 0 0 0
800 1360 3493.0 727.281 10000 2695.0 521.082 1315.0 278.0464 333.0 105.557 0 0 0 0 0 0 0 0
800 1440 3476.0 697.502 10000 2660.0 534.009 1302.0 278.8958 313.0 71.672 0 0 0 0 0 0 0 0
800 1520 3370.0 721.337 10000 2600.0 517.753 1247.0 270.9708 285.0 75.456 0 0 0 0 0 0 0 0
800 1600 3427.0 690.38 10000 2630.0 496.552 1337.0 272.2758 309.0 54.347 0 0 0 0 0 0 0 0
800 1680 3457.0 728.251 10000 2663.0 538.005 1309.0 266.9372 300.0 60.529 0 0 0 0 0 0 0 0
800 1760 3426.0 627.73 10000 2649.0 498.42 1275.0 271.9477 313.0 75.856 0 0 0 0 0 0 0 0
800 1840 3392.0 697.73 10000 2596.0 522.227 1253.0 278.0014 328.0 80.67 0 0 0 0 0 0 0 0
800 1920 3336.0 604.313 10000 2541.0 447.0458 1249.0 216.684 339.0 72.724 0 0 0 0 0 0 0 0
800 2000 3463.0 694.359 10000 2673.0 525.989 1318.0 276.4901 302.0 60.263 0 0 0 0 0 0 0 0
880 400 1143.0 363.7632 10000 784.0 277.2849 269.0 111.9774 124.0 51.3802 0 0 0 0 0 0 0 0
880 480 2589.0 818.343 10000 1775.0 604.506 519.0 217.5105 386.0 102.441 0 0 0 0 0 0 0 0
880 560 3385.0 960.612 10000 2260.0 670.119 680.0 220.2466 508.0 115.566 0 0 0 0 0 0 0 0
880 640 3809.0 984.085 10000 2591.0 699.203 843.0 225.3004 540.0 132.31 0 0 0 0 0 0 0 0
880 720 3888.0 1050.825 10000 2743.0 747.66 929.0 296.2659 524.0 138.526 0 0 0 0 0 0 0 0
880 800 3934.0 1186.461 10000 2755.0 834.75 1062.0 354.5556 493.0 144.306 0 0 0 0 0 0 0 0
880 880 3615.0 856.815 10000 2767.0 687.031 1387.0 351.3247 335.0 84.519 0 0 0 0 0 0 0 0
880 960 3693.0 903.835 10000 2896.0 703.444 1548.0 392.0268 327.0 88.884 0 0 0 0 0 0 0 0
880 1040 23481.0 7396.044 60000 17451.0 5329.692 7799.0 2268.2536 2419.0 793.923 0 0 0 0 0 0 0 0
880 1120 3668.0 806.353 10000 2907.0 620.717 1513.0 300.5005 294.0 90.533 0 0 0 0 0 0 0 0
880 1200 3582.0 814.373 10000 2843.0 632.032 1489.0 332.2104 324.0 105.055 0 0 0 0 0 0 0 0
880 1280 3545.0 769.816 10000 2772.0 560.124 1491.0 246.2516 302.0 118.686 0 0 0 0 0 0 0 0
880 1360 3471.0 797.484 10000 2714.0 577.36 1446.0 314.1338 309.0 90.84 0 0 0 0 0 0 0 0
880 1440 3543.0 776.478 10000 2833.0 627.723 1534.0 345.432 272.0 81.104 0 0 0 0 0 0 0 0
880 1520 3469.0 751.428 10000 2737.0 570.596 1506.0 295.7877 283.0 73.958 0 0 0 0 0 0 0 0
880 1600 3523.0 778.296 10000 2836.0 624.716 1536.0 328.1092 274.0 95.453 0 0 0 0 0 0 0 0
880 1680 3392.0 821.922 10000 2714.0 658.18 1506.0 357.8306 262.0 70.739 0 0 0 0 0 0 0 0
880 1760 3485.0 802.707 10000 2726.0 617.967 1469.0 298.5503 305.0 97.908 0 0 0 0 0 0 0 0
880 1840 3423.0 879.576 10000 2669.0 666.865 1419.0 349.7807 299.0 88.642 0 0 0 0 0 0 0 0
880 1920 3383.0 839.107 10000 2679.0 631.349 1500.0 364.8193 283.0 90.974 0 0 0 0 0 0 0 0
880 2000 3406.0 808.322 10000 2687.0 589.215 1506.0 321.3387 281.0 68.047 0 0 0 0 0 0 0 0
960 400 1045.0 424.5433 10000 737.0 308.113 272.0 128.8866 150.0 62.6617 0 0 0 0 0 0 0 0
960 480 2592.0 757.475 10000 1751.0 514.729 542.0 186.8475 399.0 101.701 0 0 0 0 0 0 0 0
960 560 3393.0 954.45 10000 2263.0 672.464 669.0 252.9578 546.0 132.791 0 0 0 0 0 0 0 0
960 640 3787.0 1029.309 10000 2582.0 731.506 826.0 270.6028 541.0 137.138 0 0 0 0 0 0 0 0
960 720 3891.0 1027.477 10000 2634.0 733.339 928.0 269.8179 506.0 112.263 0 0 0 0 0 0 0 0
960 800 3976.0 1140.958 10000 2808.0 806.532 1064.0 335.1165 487.0 126.379 0 0 0 0 0 0 0 0
960 880 3927.0 1295.251 10000 2890.0 925.036 1181.0 379.4611 452.0 155.322 0 0 0 0 0 0 0 0
960 960 3684.0 971.681 10000 2980.0 771.471 1671.0 394.7998 298.0 125.93 0 0 0 0 0 0 0 0
960 1040 23393.0 8062.048 60000 17691.0 5960.066 8634.0 2664.1356 2245.0 917.33 0 0 0 0 0 0 0 0
960 1120 3715.0 935.771 10000 2961.0 697.269 1688.0 360.6183 268.0 135.071 0 0 0 0 0 0 0 0
960 1200 3656.0 934.995 10000 2942.0 741.727 1650.0 401.1764 288.0 53.105 0 0 0 0 0 0 0 0
960 1280 3710.0 970.76 10000 2995.0 734.874 1635.0 371.1694 261.0 73.095 0 0 0 0 0 0 0 0
960 1360 3681.0 898.354 10000 2968.0 666.033 1724.0 391.1507 271.0 111.882 0 0 0 0 0 0 0 0
960 1440 3581.0 873.544 10000 2939.0 703.68 1721.0 399.3586 286.0 90.445 0 0 0 0 0 0 0 0
960 1520 3522.0 925.804 10000 2917.0 749.443 1690.0 386.1369 294.0 112.424 0 0 0 0 0 0 0 0
960 1600 3573.0 894.084 10000 2932.0 706.652 1736.0 365.8388 247.0 65.612 0 0 0 0 0 0 0 0
960 1680 3610.0 819.931 10000 2940.0 646.49 1690.0 348.0687 248.0 39.813 0 0 0 0 0 0 0 0
960 1760 3612.0 803.355 10000 2926.0 622.315 1687.0 381.0462 256.0 97.694 0 0 0 0 0 0 0 0
960 1840 3572.0 950.375 10000 2874.0 738.228 1672.0 436.3145 251.0 93.225 0 0 0 0 0 0 0 0
960 1920 3498.0 887.741 10000 2839.0 687.658 1676.0 383.9497 249.0 91.207 0 0 0 0 0 0 0 0
960 2000 3496.0 979.276 10000 2811.0 794.717 1654.0 396.967 276.0 95.486 0 0 0 0 0 0 0 0
1040 400 995.0 406.3071 10000 714.0 307.0 246.0 126.5745 136.0 42.7865 0 0 0 0 0 0 0 0
1040 480 2499.0 738.584 10000 1698.0 522.214 517.0 203.7684 429.0 100.873 0 0 0 0 0 0 0 0
1040 560 3392.0 858.375 10000 2261.0 622.967 666.0 213.9426 486.0 103.319 0 0 0 0 0 0 0 0
1040 640 3775.0 1041.851 10000 2561.0 740.985 827.0 280.1903 526.0 138.009 0 0 0 0 0 0 0 0
1040 720 3903.0 1102.946 10000 2749.0 789.826 1018.0 305.3128 503.0 138.783 0 0 0 0 0 0 0 0
1040 800 3814.0 1162.232 10000 2731.0 845.803 1057.0 368.8328 481.0 130.458 0 0 0 0 0 0 0 0
1040 880 3892.0 1299.199 10000 2844.0 985.853 1149.0 384.1152 428.0 139.862 0 0 0 0 0 0 0 0
1040 960 4073.0 1396.03 10000 3051.0 1031.676 1426.0 437.146 428.0 142.015 0 0 0 0 0 0 0 0
1040 1040 23551.0 8516.033 60000 18450.0 6358.852 9520.0 3054.329 2145.0 1018.061 0 0 0 0 0 0 0 0
1040 1120 3874.0 1180.717 10000 3253.0 896.505 1977.0 466.56 262.0 98.676 0 0 0 0 0 0 0 0
1040 1200 3819.0 1130.17 10000 3134.0 865.465 1909.0 465.723 255.0 103.275 0 0 0 0 0 0 0 0
1040 1280 3770.0 1115.721 10000 3137.0 856.311 1967.0 520.671 259.0 76.625 0 0 0 0 0 0 0 0
1040 1360 3684.0 1044.262 10000 3070.0 837.315 1898.0 412.6405 259.0 79.178 0 0 0 0 0 0 0 0
1040 1440 3679.0 1033.401 10000 3022.0 805.467 1854.0 454.4121 255.0 82.582 0 0 0 0 0 0 0 0
1040 1520 3634.0 1071.467 10000 3007.0 877.287 1916.0 566.895 245.0 104.289 0 0 0 0 0 0 0 0
1040 1600 3650.0 979.797 10000 3067.0 782.982 1893.0 393.6725 238.0 91.96 0 0 0 0 0 0 0 0
1040 1680 3634.0 1025.483 10000 3034.0 823.07 1858.0 463.2323 234.0 92.72 0 0 0 0 0 0 0 0
1040 1760 3570.0 1042.923 10000 2942.0 846.357 1816.0 458.8375 246.0 73.078 0 0 0 0 0 0 0 0
1040 1840 3662.0 1077.818 10000 3027.0 823.635 1882.0 474.1095 218.0 91.743 0 0 0 0 0 0 0 0
1040 1920 3641.0 1043.55 10000 3025.0 792.455 1887.0 452.1495 229.0 93.77 0 0 0 0 0 0 0 0
1040 2000 3537.0 1065.6 10000 2942.0 829.268 1847.0 423.5529 240.0 101.466 0 0 0 0 0 0 0 0
1120 400 932.0 348.5517 10000 631.0 237.6359 216.0 92.5482 128.0 33.3704 0 0 0 0 0 0 0 0
1120 480 2482.0 735.849 10000 1646.0 528.797 455.0 186.6119 367.0 122.082 0 0 0 0 0 0 0 0
1120 560 3343.0 862.701 10000 2231.0 637.273 665.0 212.9376 494.0 119.923 0 0 0 0 0 0 0 0
1120 640 3716.0 978.059 10000 2558.0 673.854 872.0 252.2278 504.0 126.829 0 0 0 0 0 0 0 0
1120 720 3911.0 1123.864 10000 2717.0 772.865 1012.0 324.8399 517.0 124.951 0 0 0 0 0 0 0 0
1120 800 3921.0 1218.375 10000 2775.0 867.168 1106.0 342.442 470.0 146.55 0 0 0 0 0 0 0 0
1120 880 3918.0 1244.49 10000 2864.0 855.296 1166.0 372.7834 480.0 164.501 0 0 0 0 0 0 0 0
1120 960 3963.0 1394.305 10000 2977.0 1011.054 1382.0 465.513 405.0 174.312 0 0 0 0 0 0 0 0
1120 1040 23867.0 9840.568 60000 18634.0 7335.516 9759.0 3534.6701 2102.0 1049.693 0 0 0 0 0 0 0 0
1120 1120 3924.0 1323.175 10000 3336.0 1018.17 2119.0 624.888 259.0 147.362 0 0 0 0 0 0 0 0
1120 1200 3877.0 1342.347 10000 3260.0 1094.189 2077.0 636.513 256.0 135.12 0 0 0 0 0 0 0 0
1120 1280 3813.0 1297.229 10000 3255.0 1097.406 2098.0 663.176 218.0 144.501 0 0 0 0 0 0 0 0
1120 1360 3759.0 1234.935 10000 3182.0 979.59 2068.0 599.229 227.0 92.639 0 0 0 0 0 0 0 0
1120 1440 3717.0 1299.492 10000 3160.0 1080.875 2061.0 698.561 226.0 95.556 0 0 0 0 0 0 0 0
1120 1520 3600.0 1221.13 10000 3069.0 988.799 2022.0 530.322 232.0 72.024 0 0 0 0 0 0 0 0
1120 1600 3596.0 1162.941 10000 3039.0 967.494 1995.0 596.538 234.0 102.846 0 0 0 0 0 0 0 0
1120 1680 3610.0 1151.064 10000 3046.0 944.449 2038.0 512.141 236.0 113.238 0 0 0 0 0 0 0 0
1120 1760 3658.0 1267.575 10000 3086.0 993.55 2015.0 595.909 214.0 109.93 0 0 0 0 0 0 0 0
1120 1840 3625.0 1121.256 10000 3071.0 955.449 2010.0 547.521 199.0 129.807 0 0 0 0 0 0 0 0
1120 1920 3560.0 1143.623 9999 3010.0 901.501 1958.0 598.928 227.0 114.578 0 0 0 0 0 0 0 0
1120 2000 3628.0 1160.726 10000 3094.0 944.35 2077.0 556.09 207.0 94.939 0 0 0 0 0 0 0 0
1200 400 959.0 352.9788 10000 653.0 239.0723 217.0 100.9941 123.0 38.9844 0 0 0 0 0 0 0 0
1200 480 2348.0 695.744 10000 1581.0 487.396 424.0 171.3869 357.0 99.578 0 0 0 0 0 0 0 0
1200 560 3308.0 816.464 10000 2211.0 578.532 651.0 198.1047 489.0 110.097 0 0 0 0 0 0 0 0
1200 640 3652.0 959.473 10000 2447.0 668.647 823.0 240.4766 537.0 140.691 0 0 0 0 0 0 0 0
1200 720 3825.0 1136.022 10000 2716.0 791.135 1023.0 307.2904 503.0 114.653 0 0 0 0 0 0 0 0
1200 800 3990.0 1108.097 10000 2907.0 786.27 1165.0 313.8793 464.0 119.233 0 0 0 0 0 0 0 0
1200 880 3904.0 1262.296 10000 2865.0 884.54 1189.0 332.9128 413.0 146.435 0 0 0 0 0 0 0 0
1200 960 3857.0 1266.888 10000 2928.0 929.859 1328.0 461.2187 402.0 147.698 0 0 0 0 0 0 0 0
1200 1040 23971.0 10364.255 60000 18907.0 7800.244 10477.0 3896.143 2021.0 1128.063 0 0 0 0 0 0 0 0
1200 1120 4093.0 1678.555 10000 3210.0 1235.386 1725.0 557.421 374.0 153.351 0 0 0 0 0 0 0 0
1200 1200 3815.0 1518.273 10000 3249.0 1213.928 2140.0 720.829 252.0 101.061 0 0 0 0 0 0 0 0
1200 1280 3790.0 1752.231 10000 3226.0 1445.195 2196.0 932.494 216.0 113.319 0 0 0 0 0 0 0 0
1200 1360 3831.0 1457.039 10000 3336.0 1185.09 2309.0 763.704 228.0 106.113 0 0 0 0 0 0 0 0
1200 1440 3775.0 1444.451 10000 3252.0 1244.364 2227.0 784.325 205.0 126.605 0 0 0 0 0 0 0 0
1200 1520 3722.0 1395.801 10000 3220.0 1188.326 2238.0 749.414 207.0 125.524 0 0 0 0 0 0 0 0
1200 1600 3715.0 1385.436 10000 3232.0 1145.943 2237.0 736.769 190.0 92.267 0 0 0 0 0 0 0 0
1200 1680 3695.0 1437.383 10000 3187.0 1082.351 2248.0 700.396 195.0 72.849 0 0 0 0 0 0 0 0
1200 1760 3704.0 1489.185 10000 3205.0 1172.0 2213.0 745.18 201.0 104.938 0 0 0 0 0 0 0 0
1200 1840 3642.0 1266.377 10000 3135.0 1023.562 2154.0 590.374 184.0 106.992 0 0 0 0 0 0 0 0
1200 1920 3708.0 1162.179 10000 3178.0 921.597 2173.0 574.782 194.0 118.607 0 0 0 0 0 0 0 0
1200 2000 3782.0 1288.907 10000 3280.0 1059.524 2227.0 639.336 167.0 84.572 0 0 0 0 0 0 0 0
1280 400 890.0 344.1644 10000 619.0 230.5896 211.0 109.7123 143.0 46.6622 0 0 0 0 0 0 0 0
1280 480 2263.0 687.988 10000 1543.0 475.772 443.0 155.6549 334.0 78.853 0 0 0 0 0 0 0 0
1280 560 3242.0 894.08 10000 2158.0 654.049 614.0 217.9718 503.0 147.106 0 0 0 0 0 0 0 0
1280 640 3679.0 1023.3 10000 2494.0 727.424 794.0 281.4868 550.0 127.521 0 0 0 0 0 0 0 0
1280 720 3844.0 1115.741 10000 2703.0 806.513 938.0 329.0735 542.0 139.486 0 0 0 0 0 0 0 0
1280 800 3997.0 1056.949 10000 2879.0 745.738 1145.0 291.2548 478.0 146.451 0 0 0 0 0 0 0 0
1280 880 3983.0 1296.506 10000 2960.0 938.227 1283.0 375.7526 408.0 152.707 0 0 0 0 0 0 0 0
1280 960 3971.0 1381.84 10000 2984.0 1048.864 1402.0 405.4679 380.0 164.03 0 0 0 0 0 0 0 0
1280 1040 23808.0 10837.971 60000 19435.0 8417.055 11604.0 4531.979 1741.0 1030.438 0 0 0 0 0 0 0 0
1280 1120 4094.0 1637.525 10000 3184.0 1196.238 1711.0 569.928 338.0 175.32 0 0 0 0 0 0 0 0
1280 1200 4090.0 1820.573 10000 3233.0 1345.467 1840.0 678.418 347.0 199.834 0 0 0 0 0 0 0 0
1280 1280 3896.0 1669.76 10000 3374.0 1351.15 2326.0 835.014 204.0 99.637 0 0 0 0 0 0 0 0
1280 1360 3879.0 1878.588 10000 3361.0 1527.051 2374.0 931.498 227.0 141.136 0 0 0 0 0 0 0 0
1280 1440 3727.0 1731.518 10000 3259.0 1484.136 2319.0 956.109 201.0 95.558 0 0 0 0 0 0 0 0
1280 1520 3721.0 1473.667 10000 3266.0 1137.137 2298.0 764.286 179.0 130.097 0 0 0 0 0 0 0 0
1280 1600 3606.0 1636.806 10000 3130.0 1367.894 2189.0 830.654 169.0 100.084 0 0 0 0 0 0 0 0
1280 1680 3754.0 1647.609 10000 3242.0 1328.02 2323.0 882.457 192.0 120.083 0 0 0 0 0 0 0 0
1280 1760 3642.0 1371.193 10000 3177.0 1087.122 2319.0 719.965 179.0 116.254 0 0 0 0 0 0 0 0
1280 1840 3656.0 1579.006 10000 3187.0 1338.839 2197.0 935.994 186.0 142.568 0 0 0 0 0 0 0 0
1280 1920 3698.0 1518.933 10000 3260.0 1256.838 2344.0 836.051 191.0 130.092 0 0 0 0 0 0 0 0
1280 2000 3639.0 1446.547 10000 3157.0 1135.753 2251.0 731.081 186.0 171.628 0 0 0 0 0 0 0 0
1360 400 934.0 298.6423 10000 647.0 208.429 201.0 70.4361 116.0 39.5404 0 0 0 0 0 0 0 0
1360 480 2360.0 682.819 10000 1587.0 504.924 428.0 167.9236 337.0 69.083 0 0 0 0 0 0 0 0
1360 560 3199.0 848.713 10000 2112.0 604.616 601.0 216.539 498.0 101.219 0 0 0 0 0 0 0 0
1360 640 3687.0 934.436 10000 2465.0 690.02 768.0 230.9848 536.0 111.617 0 0 0 0 0 0 0 0
1360 720 3851.0 1089.639 10000 2685.0 778.649 1015.0 307.3627 507.0 153.025 0 0 0 0 0 0 0 0
1360 800 3825.0 1180.741 10000 2695.0 837.743 1068.0 340.0515 452.0 128.317 0 0 0 0 0 0 0 0
1360 880 3939.0 1314.071 10000 2890.0 938.798 1229.0 386.7736 418.0 158.892 0 0 0 0 0 0 0 0
1360 960 3960.0 1347.364 10000 2946.0 965.446 1408.0 430.1728 401.0 156.461 0 0 0 0 0 0 0 0
1360 1040 23919.0 11989.699 59999 19962.0 9504.629 12751.0 5536.425 1562.0 1079.412 0 0 0 0 0 0 0 0
1360 1120 4003.0 1608.329 10000 3092.0 1168.098 1634.0 607.785 358.0 147.444 0 0 0 0 0 0 0 0
1360 1200 4015.0 1802.277 10000 3170.0 1353.909 1796.0 662.085 322.0 169.101 0 0 0 0 0 0 0 0
1360 1280 4058.0 1967.07 10000 3310.0 1548.766 2005.0 814.327 305.0 209.421 0 0 0 0 0 0 0 0
1360 1360 3875.0 1937.713 10000 3377.0 1658.302 2409.0 1085.588 181.0 158.164 0 0 0 0 0 0 0 0
1360 1440 3823.0 2043.281 10000 3357.0 1692.424 2423.0 1107.115 188.0 112.89 0 0 0 0 0 0 0 0
1360 1520 3706.0 1912.781 10000 3261.0 1555.938 2403.0 974.131 176.0 120.44 0 0 0 0 0 0 0 0
1360 1600 3707.0 1752.395 10000 3294.0 1449.956 2405.0 968.389 184.0 95.27 0 0 0 0 0 0 0 0
1360 1680 3689.0 1807.613 10000 3241.0 1493.487 2364.0 1026.887 171.0 90.283 0 0 0 0 0 0 0 0
1360 1760 3642.0 1609.484 10000 3215.0 1412.161 2352.0 941.874 174.0 119.341 0 0 0 0 0 0 0 0
1360 1840 3608.0 1506.712 10000 3147.0 1215.307 2324.0 817.059 186.0 113.055 0 0 0 0 0 0 0 0
1360 1920 3613.0 1745.042 9999 3196.0 1492.919 2400.0 1013.01 158.0 64.086 0 0 0 0 0 0 0 0
1360 2000 3658.0 1415.464 9999 3229.0 1155.926 2346.0 831.533 178.0 87.823 0 0 0 0 0 0 0 0
1440 400 926.0 326.5564 10000 646.0 238.3991 209.0 96.9652 105.0 48.2185 0 0 0 0 0 0 0 0
1440 480 2282.0 628.697 10000 1522.0 433.041 430.0 150.5483 333.0 75.564 0 0 0 0 0 0 0 0
1440 560 3230.0 843.183 10000 2148.0 601.73 585.0 210.1895 507.0 130.185 0 0 0 0 0 0 0 0
1440 640 3648.0 856.061 10000 2468.0 578.586 770.0 202.9153 576.0 147.673 0 0 0 0 0 0 0 0
1440 720 3916.0 1016.66 10000 2757.0 723.011 963.0 287.3808 488.0 126.594 0 0 0 0 0 0 0 0
1440 800 3940.0 1214.529 10000 2822.0 826.564 1148.0 355.441 461.0 134.527 0 0 0 0 0 0 0 0
1440 880 3891.0 1328.415 10000 2849.0 933.289 1244.0 374.1856 449.0 122.811 0 0 0 0 0 0 0 0
1440 960 3906.0 1421.159 10000 2968.0 1008.331 1403.0 469.3841 386.0 127.536 0 0 0 0 0 0 0 0
1440 1040 23031.0 11530.948 59997 19635.0 9402.893 13257.0 5783.554 1358.0 880.821 0 0 0 0 0 0 0 0
1440 1120 3967.0 1657.673 10000 3110.0 1276.897 1624.0 628.17 330.0 182.878 0 0 0 0 0 0 0 0
1440 1200 3960.0 1795.855 10000 3175.0 1374.711 1820.0 727.389 313.0 213.39 0 0 0 0 0 0 0 0
1440 1280 3958.0 1990.021 10000 3204.0 1577.335 1888.0 845.894 287.0 193.925 0 0 0 0 0 0 0 0
1440 1360 4108.0 2292.588 10000 3375.0 1753.756 2080.0 977.578 273.0 191.783 0 0 0 0 0 0 0 0
1440 1440 3693.0 1828.484 10000 3287.0 1559.398 2406.0 1053.624 160.0 159.587 0 0 0 0 0 0 0 0
1440 1520 3727.0 2138.016 10000 3283.0 1802.183 2429.0 1190.849 180.0 158.386 0 0 0 0 0 0 0 0
1440 1600 3639.0 1903.758 10000 3215.0 1586.851 2448.0 1065.66 170.0 105.637 0 0 0 0 0 0 0 0
1440 1680 3596.0 1842.216 9999 3188.0 1597.243 2390.0 1127.196 162.0 150.959 0 0 0 0 0 0 0 0
1440 1760 3706.0 1784.756 10000 3276.0 1558.404 2429.0 1013.77 158.0 106.957 0 0 0 0 0 0 0 0
1440 1840 3585.0 1684.206 10000 3178.0 1394.583 2356.0 930.807 149.0 152.917 0 0 0 0 0 0 0 0
1440 1920 3553.0 1892.815 10000 3153.0 1620.143 2340.0 1052.27 167.0 102.005 0 0 0 0 0 0 0 0
1440 2000 3719.0 1931.081 10000 3273.0 1630.661 2443.0 1159.02 156.0 120.751 0 0 0 0 0 0 0 0
1520 400 858.0 315.3438 10000 594.0 224.6343 190.0 62.5552 143.0 53.0917 0 0 0 0 0 0 0 0
1520 480 2238.0 615.413 10000 1493.0 444.5512 391.0 146.3639 405.0 99.982 0 0 0 0 0 0 0 0
1520 560 3175.0 833.461 10000 2069.0 584.602 550.0 198.5032 524.0 110.454 0 0 0 0 0 0 0 0
1520 640 3711.0 890.35 10000 2549.0 615.201 777.0 213.5519 504.0 124.056 0 0 0 0 0 0 0 0
1520 720 3846.0 1107.069 10000 2648.0 772.976 891.0 312.4203 503.0 130.52 0 0 0 0 0 0 0 0
1520 800 3879.0 1098.272 10000 2774.0 778.117 1096.0 324.0916 492.0 169.501 0 0 0 0 0 0 0 0
1520 880 3999.0 1263.266 10000 2933.0 914.801 1263.0 389.5268 424.0 132.549 0 0 0 0 0 0 0 0
1520 960 3978.0 1534.625 10000 2960.0 1177.602 1425.0 520.87 416.0 180.15 0 0 0 0 0 0 0 0
1520 1040 22664.0 11554.129 59998 19604.0 9492.768 13812.0 6180.491 1244.0 901.011 0 0 0 0 0 0 0 0
1520 1120 3952.0 1764.775 10000 3127.0 1315.909 1699.0 602.075 351.0 195.494 0 0 0 0 0 0 0 0
1520 1200 3966.0 1766.758 10000 3130.0 1350.828 1751.0 710.263 300.0 158.507 0 0 0 0 0 0 0 0
1520 1280 4027.0 1896.994 10000 3296.0 1465.042 1976.0 792.018 284.0 170.204 0 0 0 0 0 0 0 0
1520 1360 4024.0 2160.993 9999 3361.0 1686.95 2161.0 1009.558 256.0 202.227 0 0 0 0 0 0 0 0
1520 1440 3918.0 2222.294 9999 3329.0 1781.281 2338.0 1073.135 207.0 153.596 0 0 0 0 0 0 0 0
1520 1520 3749.0 2060.718 9998 3363.0 1745.588 2565.0 1184.537 175.0 178.273 0 0 0 0 0 0 0 0
1520 1600 3805.0 1907.385 9999 3367.0 1649.037 2515.0 1186.771 141.0 116.949 0 0 0 0 0 0 0 0
1520 1680 3749.0 2154.69 10000 3361.0 1858.671 2547.0 1308.13 156.0 81.79 0 0 0 0 0 0 0 0
1520 1760 3723.0 1867.593 10000 3308.0 1556.756 2505.0 1094.995 175.0 157.689 0 0 0 0 0 0 0 0
1520 1840 3721.0 2011.623 10000 3348.0 1720.954 2539.0 1179.169 162.0 148.187 0 0 0 0 0 0 0 0
1520 1920 3715.0 1871.405 10000 3314.0 1588.071 2496.0 1113.376 155.0 131.87 0 0 0 0 0 0 0 0
1520 2000 3654.0 2000.535 10000 3245.0 1764.063 2444.0 1221.919 165.0 153.038 0 0 0 0 0 0 0 0
1600 400 849.0 292.0751 10000 597.0 224.5887 197.0 85.6232 128.0 47.4403 0 0 0 0 0 0 0 0
1600 480 2266.0 610.464 10000 1503.0 442.94 391.0 148.5534 348.0 78.482 0 0 0 0 0 0 0 0
1600 560 3251.0 820.312 10000 2156.0 562.36 606.0 186.8567 464.0 105.858 0 0 0 0 0 0 0 0
1600 640 3592.0 908.759 10000 2420.0 666.116 766.0 266.1869 556.0 135.243 0 0 0 0 0 0 0 0
1600 720 3861.0 927.337 10000 2679.0 665.819 943.0 268.098 487.0 127.609 0 0 0 0 0 0 0 0
1600 800 3957.0 1128.265 10000 2882.0 819.962 1109.0 316.518 537.0 146.864 0 0 0 0 0 0 0 0
1600 880 4003.0 1295.884 10000 2952.0 929.573 1292.0 390.3661 390.0 142.239 0 0 0 0 0 0 0 0
1600 960 3866.0 1375.408 10000 2864.0 957.519 1324.0 411.2649 356.0 164.41 0 0 0 0 0 0 0 0
1600 1040 18753.0 8769.299 49999 16105.0 7205.788 11074.0 4545.279 1026.0 647.5 0 0 0 0 0 0 0 0
1600 1120 3872.0 1572.643 10000 3050.0 1164.174 1575.0 597.965 332.0 173.022 0 0 0 0 0 0 0 0
1600 1200 3903.0 1709.914 10000 3136.0 1298.17 1766.0 632.143 334.0 212.269 0 0 0 0 0 0 0 0
1600 1280 4032.0 1926.808 10000 3303.0 1440.915 1981.0 758.047 286.0 164.025 0 0 0 0 0 0 0 0
1600 1360 3969.0 2286.791 10000 3317.0 1795.971 2119.0 1007.855 247.0 200.903 0 0 0 0 0 0 0 0
1600 1440 3901.0 2197.553 9998 3332.0 1776.893 2230.0 1074.391 231.0 208.628 0 0 0 0 0 0 0 0
1600 1520 3873.0 2472.935 10000 3439.0 2154.92 2578.0 1525.028 174.0 154.739 0 0 0 0 0 0 0 0
1600 1600 3898.0 2033.482 9999 3472.0 1755.498 2585.0 1210.995 156.0 170.849 0 0 0 0 0 0 0 0
1600 1680 3795.0 2269.71 10000 3409.0 1879.549 2571.0 1282.463 163.0 93.322 0 0 0 0 0 0 0 0
1600 1760 3689.0 1913.841 9999 3293.0 1671.423 2454.0 1163.292 166.0 144.906 0 0 0 0 0 0 0 0
1600 1840 3710.0 1808.758 10000 3296.0 1584.562 2495.0 1038.901 156.0 122.485 0 0 0 0 0 0 0 0
1600 1920 3724.0 1881.585 9999 3310.0 1581.722 2534.0 1153.01 177.0 138.151 0 0 0 0 0 0 0 0
1600 2000 3816.0 1930.14 10000 3407.0 1677.41 2533.0 1156.963 165.0 135.311 0 0 0 0 0 0 0 0
1680 400 864.0 293.0971 10000 575.0 217.0012 187.0 94.3096 108.0 37.6938 0 0 0 0 0 0 0 0
1680 480 2266.0 675.58 10000 1490.0 488.141 380.0 164.5664 348.0 81.263 0 0 0 0 0 0 0 0
1680 560 3157.0 790.212 10000 2096.0 579.163 589.0 173.8898 491.0 118.252 0 0 0 0 0 0 0 0
1680 640 3663.0 897.751 10000 2489.0 634.262 763.0 232.1231 592.0 123.15 0 0 0 0 0 0 0 0
1680 720 3832.0 983.078 10000 2616.0 686.237 875.0 279.3266 544.0 156.721 0 0 0 0 0 0 0 0
1680 800 3965.0 1117.699 10000 2820.0 796.796 1148.0 369.8518 469.0 137.88 0 0 0 0 0 0 0 0
1680 880 3880.0 1257.136 10000 2846.0 912.767 1214.0 385.2505 427.0 154.002 0 0 0 0 0 0 0 0
1680 960 3939.0 1306.354 10000 2984.0 988.724 1391.0 447.852 392.0 156.081 0 0 0 0 0 0 0 0
1680 1040 18732.0 9060.095 49999 16065.0 7477.669 11185.0 4924.587 1051.0 634.598 0 0 0 0 0 0 0 0
1680 1120 3913.0 1673.974 10000 3107.0 1217.943 1633.0 541.825 358.0 248.386 0 0 0 0 0 0 0 0
1680 1200 3889.0 1729.357 10000 3107.0 1268.488 1752.0 623.234 325.0 192.564 0 0 0 0 0 0 0 0
1680 1280 3979.0 2003.368 10000 3255.0 1522.91 1956.0 827.995 305.0 195.781 0 0 0 0 0 0 0 0
1680 1360 3884.0 2220.6 10000 3256.0 1758.936 2089.0 1033.33 247.0 161.379 0 0 0 0 0 0 0 0
1680 1440 3891.0 2098.545 10000 3314.0 1709.318 2244.0 1043.803 215.0 175.951 0 0 0 0 0 0 0 0
1680 1520 3735.0 2474.162 10000 3333.0 2065.782 2540.0 1415.038 174.0 88.968 0 0 0 0 0 0 0 0
1680 1600 3757.0 2299.387 9999 3370.0 2002.599 2527.0 1360.227 161.0 149.114 0 0 0 0 0 0 0 0
1680 1680 3828.0 1921.542 10000 3389.0 1588.563 2544.0 1200.453 163.0 100.198 0 0 0 0 0 0 0 0
1680 1760 3638.0 1890.204 10000 3222.0 1650.424 2417.0 1160.532 128.0 118.894 0 0 0 0 0 0 0 0
1680 1840 3660.0 1825.776 9999 3263.0 1536.869 2480.0 1111.931 136.0 145.244 0 0 0 0 0 0 0 0
1680 1920 3655.0 1841.533 10000 3257.0 1585.709 2484.0 1117.472 166.0 105.537 0 0 0 0 0 0 0 0
1680 2000 3631.0 1845.939 10000 3208.0 1568.246 2428.0 1089.23 134.0 143.43 0 0 0 0 0 0 0 0
1760 400 843.0 306.4459 10000 567.0 202.1634 177.0 82.9347 122.0 40.7772 0 0 0 0 0 0 0 0
1760 480 2221.0 668.308 10000 1500.0 478.152 401.0 181.8883 377.0 85.176 0 0 0 0 0 0 0 0
1760 560 3208.0 795.562 10000 2115.0 556.639 554.0 185.2043 518.0 128.663 0 0 0 0 0 0 0 0
1760 640 3632.0 865.433 10000 2447.0 601.538 719.0 211.6146 515.0 117.346 0 0 0 0 0 0 0 0
1760 720 3964.0 985.64 10000 2797.0 675.804 960.0 248.1232 502.0 122.315 0 0 0 0 0 0 0 0
1760 800 3905.0 1073.361 10000 2746.0 767.905 1006.0 284.893 490.0 133.052 0 0 0 0 0 0 0 0
1760 880 3978.0 1283.678 10000 2966.0 919.362 1293.0 381.013 471.0 122.911 0 0 0 0 0 0 0 0
1760 960 3903.0 1347.474 10000 2912.0 1019.408 1351.0 446.4574 366.0 177.084 0 0 0 0 0 0 0 0
1760 1040 18676.0 8050.336 50000 16034.0 6630.362 11172.0 4273.56 1092.0 709.785 0 0 0 0 0 0 0 0
1760 1120 3965.0 1531.014 10000 3175.0 1168.517 1677.0 553.352 334.0 172.164 0 0 0 0 0 0 0 0
1760 1200 3905.0 1705.961 9999 3082.0 1297.388 1716.0 668.246 307.0 197.817 0 0 0 0 0 0 0 0
1760 1280 3871.0 1956.927 9998 3157.0 1498.763 1858.0 793.799 301.0 153.171 0 0 0 0 0 0 0 0
1760 1360 3959.0 1981.755 10000 3362.0 1530.961 2167.0 948.174 238.0 123.086 0 0 0 0 0 0 0 0
1760 1440 3949.0 2013.973 9999 3367.0 1643.188 2300.0 993.53 210.0 112.399 0 0 0 0 0 0 0 0
1760 1520 3740.0 2276.283 10000 3337.0 1950.364 2519.0 1390.047 157.0 191.865 0 0 0 0 0 0 0 0
1760 1600 3740.0 2221.343 10000 3306.0 1840.234 2471.0 1326.032 171.0 147.251 0 0 0 0 0 0 0 0
1760 1680 3686.0 2009.019 9999 3276.0 1710.976 2447.0 1116.438 147.0 109.634 0 0 0 0 0 0 0 0
1760 1760 3584.0 1855.153 10000 3193.0 1588.814 2369.0 1105.729 166.0 99.477 0 0 0 0 0 0 0 0
1760 1840 3630.0 1990.428 10000 3186.0 1665.262 2403.0 1078.487 166.0 86.378 0 0 0 0 0 0 0 0
1760 1920 3560.0 2099.147 9998 3190.0 1740.148 2404.0 1187.594 171.0 152.105 0 0 0 0 0 0 0 0
1760 2000 3578.0 1918.743 10000 3172.0 1619.108 2336.0 1107.895 155.0 153.2 0 0 0 0 0 0 0 0
1840 400 793.0 295.9416 10000 534.0 184.3458 169.0 58.636 116.0 23.5175 0 0 0 0 0 0 0 0
1840 480 2253.0 637.924 10000 1508.0 467.098 429.0 177.7276 372.0 98.886 0 0 0 0 0 0 0 0
1840 560 3203.0 839.391 10000 2124.0 586.964 553.0 201.1053 510.0 125.887 0 0 0 0 0 0 0 0
1840 640 3690.0 861.647 10000 2490.0 633.597 739.0 208.9661 544.0 116.135 0 0 0 0 0 0 0 0
1840 720 3875.0 940.66 10000 2657.0 659.372 884.0 214.7302 488.0 121.827 0 0 0 0 0 0 0 0
1840 800 3998.0 1072.985 10000 2799.0 773.57 1102.0 310.7785 490.0 114.26 0 0 0 0 0 0 0 0
1840 880 3872.0 1213.2 10000 2824.0 883.145 1235.0 369.9862 457.0 167.318 0 0 0 0 0 0 0 0
1840 960 3934.0 1339.181 10000 2971.0 982.326 1334.0 449.893 423.0 139.282 0 0 0 0 0 0 0 0
1840 1040 18475.0 8229.442 50000 15870.0 6755.965 10958.0 4423.001 1047.0 704.64 0 0 0 0 0 0 0 0
1840 1120 3888.0 1689.625 10000 3072.0 1274.194 1630.0 595.475 336.0 195.306 0 0 0 0 0 0 0 0
1840 1200 3920.0 1776.754 9999 3138.0 1333.318 1710.0 675.489 311.0 158.824 0 0 0 0 0 0 0 0
1840 1280 3879.0 2119.824 9999 3188.0 1659.571 1847.0 882.148 262.0 201.078 0 0 0 0 0 0 0 0
1840 1360 3944.0 1974.919 9999 3298.0 1524.442 2179.0 909.533 268.0 223.416 0 0 0 0 0 0 0 0
1840 1440 3789.0 2060.259 10000 3305.0 1655.497 2307.0 1019.297 203.0 150.957 0 0 0 0 0 0 0 0
1840 1520 3675.0 2175.974 10000 3287.0 1885.245 2460.0 1247.062 153.0 160.235 0 0 0 0 0 0 0 0
1840 1600 3715.0 2213.041 9999 3317.0 1798.808 2504.0 1247.307 161.0 186.741 0 0 0 0 0 0 0 0
1840 1680 3551.0 1934.5 10000 3151.0 1637.617 2363.0 1146.456 164.0 139.903 0 0 0 0 0 0 0 0
1840 1760 3526.0 1980.858 10000 3121.0 1693.026 2341.0 1190.728 166.0 126.49 0 0 0 0 0 0 0 0
1840 1840 3502.0 1990.207 10000 3125.0 1682.248 2352.0 1159.424 159.0 125.185 0 0 0 0 0 0 0 0
1840 1920 3480.0 1778.851 10000 3066.0 1533.432 2281.0 1110.671 157.0 126.634 0 0 0 0 0 0 0 0
1840 2000 3410.0 1728.139 10000 3029.0 1498.263 2263.0 1008.761 167.0 100.173 0 0 0 0 0 0 0 0
1920 400 862.0 306.6212 10000 582.0 201.2122 198.0 92.7146 128.0 27.6592 0 0 0 0 0 0 0 0
1920 480 2290.0 659.909 10000 1533.0 477.0968 405.0 165.6446 366.0 79.56 0 0 0 0 0 0 0 0
1920 560 3222.0 774.195 10000 2134.0 557.312 587.0 184.6649 461.0 103.061 0 0 0 0 0 0 0 0
1920 640 3710.0 821.495 10000 2464.0 546.986 714.0 188.665 556.0 112.906 0 0 0 0 0 0 0 0
1920 720 3877.0 934.657 10000 2680.0 684.537 901.0 275.4432 500.0 131.39 0 0 0 0 0 0 0 0
1920 800 3927.0 1055.29 10000 2788.0 759.869 1049.0 301.7543 465.0 138.26 0 0 0 0 0 0 0 0
1920 880 4049.0 1183.844 10000 2959.0 837.926 1248.0 355.3071 436.0 129.806 0 0 0 0 0 0 0 0
1920 960 3964.0 1308.816 10000 3003.0 963.564 1406.0 436.048 432.0 145.153 0 0 0 0 0 0 0 0
1920 1040 18462.0 8516.773 49999 15880.0 7066.91 11078.0 4562.266 1067.0 630.042 0 0 0 0 0 0 0 0
1920 1120 3998.0 1643.586 10000 3188.0 1218.757 1660.0 579.908 310.0 208.408 0 0 0 0 0 0 0 0
1920 1200 3824.0 1827.117 10000 3061.0 1392.319 1751.0 709.448 326.0 174.286 0 0 0 0 0 0 0 0
1920 1280 3871.0 1904.111 10000 3157.0 1505.147 1927.0 866.62 259.0 129.145 0 0 0 0 0 0 0 0
1920 1360 3905.0 1997.139 10000 3300.0 1548.273 2110.0 916.237 277.0 125.631 0 0 0 0 0 0 0 0
1920 1440 3861.0 1932.527 10000 3304.0 1548.998 2279.0 954.905 184.0 166.258 0 0 0 0 0 0 0 0
1920 1520 3628.0 2241.128 9999 3240.0 1955.34 2463.0 1353.855 155.0 98.761 0 0 0 0 0 0 0 0
1920 1600 3619.0 2090.598 10000 3209.0 1758.511 2424.0 1218.001 181.0 183.004 0 0 0 0 0 0 0 0
1920 1680 3565.0 1907.018 10000 3189.0 1590.725 2407.0 1109.491 162.0 114.293 0 0 0 0 0 0 0 0
1920 1760 3531.0 2101.633 9999 3138.0 1780.437 2351.0 1189.691 155.0 95.309 0 0 0 0 0 0 0 0
1920 1840 3500.0 1804.898 10000 3091.0 1519.816 2305.0 1038.267 149.0 131.782 0 0 0 0 0 0 0 0
1920 1920 3523.0 1871.621 10000 3128.0 1617.714 2375.0 1085.372 124.0 82.98 0 0 0 0 0 0 0 0
1920 2000 3435.0 1732.972 10000 3066.0 1482.558 2298.0 1015.682 157.0 74.898 0 0 0 0 0 0 0 0
2000 400 815.0 277.7962 10000 562.0 185.9198 192.0 73.9278 132.0 47.1397 0 0 0 0 0 0 0 0
2000 480 2267.0 651.115 10000 1515.0 458.7559 388.0 160.1538 346.0 86.776 0 0 0 0 0 0 0 0
2000 560 3175.0 810.763 10000 2025.0 553.982 553.0 208.3232 504.0 100.773 0 0 0 0 0 0 0 0
2000 640 3640.0 855.1 10000 2471.0 610.729 727.0 222.328 565.0 121.334 0 0 0 0 0 0 0 0
2000 720 3872.0 949.612 10000 2642.0 664.037 875.0 241.7213 527.0 159.271 0 0 0 0 0 0 0 0
2000 800 3991.0 1051.051 10000 2840.0 744.782 1060.0 266.1826 497.0 124.91 0 0 0 0 0 0 0 0
2000 880 3926.0 1197.275 10000 2849.0 816.668 1160.0 317.9245 474.0 135.985 0 0 0 0 0 0 0 0
2000 960 3924.0 1351.43 10000 2954.0 1004.668 1313.0 408.7181 409.0 163.211 0 0 0 0 0 0 0 0
2000 1040 22333.0 9478.896 59999 19137.0 7792.037 13151.0 5093.738 1274.0 795.503 0 0 0 0 0 0 0 0
2000 1120 3905.0 1565.989 10000 3060.0 1208.024 1619.0 634.075 292.0 169.989 0 0 0 0 0 0 0 0
2000 1200 3911.0 1788.898 10000 3137.0 1377.37 1780.0 636.606 347.0 199.483 0 0 0 0 0 0 0 0
2000 1280 3933.0 1868.56 10000 3202.0 1439.0 1927.0 752.026 308.0 174.176 0 0 0 0 0 0 0 0
2000 1360 3871.0 1842.051 9999 3284.0 1490.473 2152.0 868.015 258.0 205.935 0 0 0 0 0 0 0 0
2000 1440 3762.0 2079.504 10000 3257.0 1701.494 2282.0 1043.477 197.0 159.473 0 0 0 0 0 0 0 0
2000 1520 3529.0 1933.446 9999 3135.0 1655.576 2375.0 1189.805 148.0 117.076 0 0 0 0 0 0 0 0
2000 1600 3529.0 2012.442 9999 3127.0 1692.345 2327.0 1158.915 136.0 95.993 0 0 0 0 0 0 0 0
2000 1680 3460.0 1608.026 10000 3060.0 1359.413 2310.0 947.411 147.0 103.325 0 0 0 0 0 0 0 0
2000 1760 3514.0 1881.537 10000 3126.0 1634.285 2350.0 1110.332 149.0 129.363 0 0 0 0 0 0 0 0
2000 1840 3515.0 1816.03 9999 3130.0 1592.361 2301.0 1090.214 154.0 117.507 0 0 0 0 0 0 0 0
2000 1920 3371.0 1863.386 10000 2974.0 1545.245 2229.0 1095.462 162.0 47.377 0 0 0 0 0 0 0 0
2000 2000 3452.0 1694.675 9999 3074.0 1475.824 2301.0 980.332 140.0 79.365 0 0 0 0 0 0 0 0
