1040 1040 1000.0 9959 1771 0.0373999997973
1040 1040 150.0 9999 2290 0.0388000011444
1040 1040 50.0 9996 1360 0.0392999984324
1040 1040 500.0 9991 2064 0.0373000018299
1040 1120 1000.0 9946 1560 0.0222999993712
1040 1120 150.0 10000 1585 0.0237000007182
1040 1120 50.0 9992 964 0.0243999995291
1040 1120 500.0 9995 1411 0.0226000007242
1040 1200 1000.0 9968 1549 0.0140000004321
1040 1200 150.0 10000 1482 0.0148999998346
1040 1200 50.0 9992 876 0.0153999999166
1040 1200 500.0 9995 1302 0.0142000000924
1040 1280 1000.0 9970 1550 0.00879999995232
1040 1280 150.0 9999 1410 0.0097000002861
1040 1280 50.0 9989 877 0.0100999996066
1040 1280 500.0 9998 1293 0.00920000020415
1040 1360 1000.0 9970 1533 0.00590000022203
1040 1360 150.0 9998 1403 0.00650000013411
1040 1360 50.0 9992 819 0.00689999992028
1040 1360 500.0 9996 1228 0.00609999988228
1040 1440 150.0 9999 1391 0.00460000010207
1040 1440 50.0 9987 859 0.00499999988824
1040 1440 500.0 9997 1271 0.00430000014603
1040 1520 1000.0 9974 1513 0.00300000002608
1040 1520 150.0 7998 1176 0.00340000004508
1040 1520 50.0 9988 871 0.00370000000112
1040 1520 500.0 9996 1234 0.00310000008903
1040 1600 1000.0 9965 1494 0.00240000011399
1040 1600 150.0 9998 1472 0.00270000007004
1040 1600 50.0 9989 867 0.00289999996312
1040 1600 500.0 9997 1308 0.00240000011399
1040 1680 1000.0 9967 1440 0.00200000009499
1040 1680 150.0 10000 1500 0.00230000005104
1040 1680 50.0 9987 846 0.00240000011399
1040 1680 500.0 9999 1248 0.00200000009499
1040 1760 1000.0 9974 1502 0.00170000002254
1040 1760 150.0 9996 1491 0.00190000003204
1040 1760 50.0 9989 848 0.00209999992512
1040 1840 1000.0 9947 1380 0.00150000001304
1040 1840 150.0 9997 1448 0.00179999996908
1040 1840 50.0 9988 793 0.00190000003204
1040 1840 500.0 9995 1339 0.00159999995958
1040 1920 1000.0 9950 1321 0.00139999995008
1040 1920 150.0 9999 1589 0.00159999995958
1040 1920 50.0 9980 812 0.00170000002254
1040 1920 500.0 9996 1360 0.00150000001304
1040 2000 150.0 10000 1512 0.00159999995958
1040 2000 50.0 9984 752 0.00170000002254
1040 2000 500.0 7996 1049 0.00139999995008
1040 400 150.0 9988 2118 5.16300010681
1040 400 50.0 9981 1449 5.27600002289
1040 480 150.0 9995 2362 2.35100007057
1040 480 50.0 9994 1575 2.38700008392
1040 560 150.0 9997 2461 1.16400003433
1040 560 50.0 9993 1600 1.17100000381
1040 560 500.0 9952 1754 1.13999998569
1040 640 150.0 9998 2518 0.61360001564
1040 640 50.0 9997 1631 0.620700001717
1040 640 500.0 9956 1970 0.599399983883
1040 720 150.0 9996 2525 0.33370000124
1040 720 50.0 9996 1592 0.340400010347
1040 720 500.0 9960 2031 0.327399998903
1040 800 150.0 9995 2532 0.18979999423
1040 800 50.0 9994 1527 0.190200001001
1040 800 500.0 9976 2073 0.183300003409
1040 880 150.0 9998 2482 0.109999999404
1040 880 50.0 9995 1451 0.111000001431
1040 880 500.0 9985 2050 0.105999998748
1040 960 150.0 9997 2414 0.064099997282
1040 960 50.0 9993 1386 0.0653999969363
1040 960 500.0 9988 2096 0.0628999993205
1120 1040 1000.0 9954 1768 0.0315000005066
1120 1040 150.0 9998 2497 0.033100001514
1120 1040 50.0 9994 1396 0.0340000018477
1120 1040 500.0 9987 2161 0.0320999994874
1120 1120 1000.0 9977 2058 0.0186999998987
1120 1120 150.0 9999 2407 0.0198999997228
1120 1120 50.0 9989 1346 0.0205000005662
1120 1120 500.0 9995 2164 0.0189999993891
1120 1200 1000.0 9983 1443 0.0113000003621
1120 1200 150.0 10000 1701 0.0120000001043
1120 1200 50.0 9995 954 0.0126000000164
1120 1200 500.0 7997 1160 0.0115000000224
1120 1280 1000.0 9989 1425 0.00689999992028
1120 1280 150.0 8000 1157 0.00760000012815
1120 1280 50.0 9990 902 0.00789999961853
1120 1280 500.0 9992 1318 0.00710000004619
1120 1360 1000.0 9990 1394 0.00439999997616
1120 1360 150.0 9999 1374 0.00490000005811
1120 1360 50.0 9986 880 0.00520000001416
1120 1360 500.0 9996 1208 0.00449999980628
1120 1440 1000.0 9993 1415 0.00289999996312
1120 1440 150.0 9998 1389 0.00329999998212
1120 1440 50.0 9986 900 0.00359999993816
1120 1520 1000.0 9991 1407 0.00190000003204
1120 1520 150.0 5999 899 0.00230000005104
1120 1520 50.0 9980 878 0.00249999994412
1120 1520 500.0 9996 1240 0.00209999992512
1120 1600 1000.0 9995 1418 0.00139999995008
1120 1600 150.0 9995 1404 0.00170000002254
1120 1600 50.0 9972 929 0.00190000003204
1120 1680 1000.0 9982 1519 0.00109999999404
1120 1680 150.0 9995 1457 0.00130000000354
1120 1680 50.0 9977 869 0.00150000001304
1120 1680 500.0 9996 1282 0.00109999999404
1120 1760 1000.0 9991 1451 0.00089999998454
1120 1760 150.0 9998 1533 0.00109999999404
1120 1760 50.0 9979 862 0.001200000057
1120 1840 1000.0 9986 1447 0.000699999975041
1120 1840 150.0 10000 1488 0.00089999998454
1120 1840 50.0 9981 829 0.0010000000475
1120 1920 1000.0 9991 1578 0.000699999975041
1120 1920 150.0 9998 1493 0.00079999997979
1120 1920 50.0 9981 796 0.00089999998454
1120 1920 500.0 9993 1271 0.000699999975041
1120 2000 1000.0 9978 1562 0.000600000028498
1120 2000 150.0 9999 1522 0.00079999997979
1120 2000 50.0 9973 774 0.00079999997979
1120 2000 500.0 9994 1376 0.000699999975041
1120 400 150.0 9991 2086 4.74300003052
1120 400 50.0 9980 1491 4.86000013351
1120 480 150.0 9996 2374 2.15300011635
1120 480 50.0 9993 1592 2.16799998283
1120 560 150.0 9998 2412 1.06400001049
1120 560 50.0 9991 1652 1.0720000267
1120 560 500.0 9947 1780 1.03699994087
1120 640 150.0 9995 2548 0.559800028801
1120 640 50.0 9990 1675 0.559300005436
1120 640 500.0 9961 1944 0.53979998827
1120 720 150.0 9997 2562 0.302899986506
1120 720 50.0 9997 1604 0.304300010204
1120 720 500.0 9968 2060 0.291200011969
1120 800 150.0 9997 2511 0.168300002813
1120 800 50.0 9991 1557 0.171000003815
1120 800 500.0 9983 2108 0.163100004196
1120 880 150.0 9999 2503 0.095600001514
1120 880 50.0 9997 1500 0.096400000155
1120 880 500.0 9988 2147 0.0931999981403
1120 960 150.0 9999 2466 0.056099999696
1120 960 50.0 9993 1409 0.0575999990106
1120 960 500.0 9984 2223 0.0538000017405
1200 1040 1000.0 9956 1715 0.0275999996811
1200 1040 150.0 10000 2471 0.0294000003487
1200 1040 50.0 9993 1325 0.0297999996692
1200 1040 500.0 9982 2195 0.0280000008643
1200 1120 1000.0 9973 1986 0.0162000004202
1200 1120 150.0 9998 2420 0.0172000005841
1200 1120 50.0 9999 1254 0.0177999995649
1200 1120 500.0 9994 2171 0.0164999999106
1200 1200 1000.0 9970 2094 0.00949999969453
1200 1200 150.0 9998 2280 0.0103000001982
1200 1200 50.0 9997 1290 0.0108000002801
1200 1200 500.0 9992 2089 0.0097000002861
1200 1280 1000.0 9990 1425 0.00579999992624
1200 1280 150.0 10000 1665 0.00639999983832
1200 1280 50.0 9990 937 0.00659999996424
1200 1280 500.0 9996 1505 0.00579999992624
1200 1360 1000.0 9990 1296 0.00350000010803
1200 1360 50.0 9986 908 0.00419999985024
1200 1360 500.0 9997 1318 0.00359999993816
1200 1440 1000.0 9987 1312 0.00219999998808
1200 1440 150.0 9994 1428 0.00249999994412
1200 1440 50.0 9982 898 0.00270000007004
1200 1440 500.0 9999 1312 0.00219999998808
1200 1520 1000.0 9993 1349 0.00139999995008
1200 1520 50.0 9981 833 0.00190000003204
1200 1520 500.0 9997 1213 0.00150000001304
1200 1600 1000.0 9996 1394 0.00089999998454
1200 1600 150.0 7999 1162 0.001200000057
1200 1600 50.0 9971 831 0.00130000000354
1200 1600 500.0 9996 1254 0.0010000000475
1200 1680 1000.0 9994 1374 0.000699999975041
1200 1680 150.0 9998 1466 0.00089999998454
1200 1680 50.0 9978 875 0.0010000000475
1200 1680 500.0 9996 1245 0.000699999975041
1200 1760 1000.0 9996 1406 0.000500000023749
1200 1760 150.0 9996 1461 0.000699999975041
1200 1760 50.0 9974 898 0.00079999997979
1200 1760 500.0 9997 1264 0.000500000023749
1200 1840 1000.0 9986 1406 0.000399999989895
1200 1840 150.0 9990 1506 0.000500000023749
1200 1840 50.0 9972 834 0.000600000028498
1200 1840 500.0 9993 1262 0.000399999989895
1200 1920 1000.0 9991 1442 0.000300000014249
1200 1920 50.0 9973 854 0.000500000023749
1200 1920 500.0 9997 1296 0.000399999989895
1200 2000 1000.0 9983 1477 0.000300000014249
1200 2000 50.0 9959 793 0.000500000023749
1200 2000 500.0 9998 1309 0.000300000014249
1200 400 150.0 9987 2159 4.42500019073
1200 400 50.0 9990 1479 4.45599985123
1200 480 150.0 9994 2412 1.98399996758
1200 480 50.0 9992 1576 2.01200008392
1200 560 150.0 9998 2479 0.972599983215
1200 560 50.0 9993 1700 0.992100000381
1200 560 500.0 9954 1790 0.949100017548
1200 640 150.0 9996 2549 0.508400022984
1200 640 50.0 9994 1654 0.517700016499
1200 640 500.0 9959 1936 0.490900009871
1200 720 150.0 9997 2523 0.275999993086
1200 720 50.0 9995 1621 0.279300004244
1200 720 500.0 9964 1992 0.267500013113
1200 800 150.0 9996 2612 0.153099998832
1200 800 50.0 9999 1536 0.154899999499
1200 800 500.0 9972 2128 0.150099992752
1200 880 150.0 9996 2517 0.0869999974966
1200 880 50.0 9997 1540 0.0876000002027
1200 880 500.0 9976 2165 0.083400003612
1200 960 150.0 9998 2557 0.049699999392
1200 960 50.0 9994 1414 0.0505000017583
1200 960 500.0 9985 2246 0.0483999997377
1280 1040 1000.0 9961 1767 0.0249000005424
1280 1040 150.0 9998 2477 0.0261000003666
1280 1040 50.0 9996 1340 0.0267999991775
1280 1040 500.0 9990 2311 0.0252000000328
1280 1120 1000.0 9967 2067 0.0143999997526
1280 1120 150.0 9997 2498 0.0153000000864
1280 1120 50.0 9991 1305 0.01600000076
1280 1120 500.0 9993 2279 0.0147000001743
1280 1200 1000.0 9972 2091 0.00839999970049
1280 1200 150.0 9999 2390 0.00910000037402
1280 1200 50.0 9990 1219 0.00949999969453
1280 1200 500.0 9994 2241 0.00850000046194
1280 1280 1000.0 9977 2017 0.00499999988824
1280 1280 150.0 9999 2261 0.0054999999702
1280 1280 50.0 9988 1114 0.00570000009611
1280 1280 500.0 9998 2205 0.00510000018403
1280 1360 1000.0 9991 1429 0.00289999996312
1280 1360 150.0 10000 1636 0.00329999998212
1280 1360 50.0 9981 917 0.00350000010803
1280 1360 500.0 10000 1510 0.00300000002608
1280 1440 1000.0 9993 1354 0.00179999996908
1280 1440 150.0 9996 1497 0.00209999992512
1280 1440 50.0 9982 887 0.00219999998808
1280 1440 500.0 9998 1356 0.00179999996908
1280 1520 1000.0 9997 1275 0.00109999999404
1280 1520 150.0 7997 1227 0.00130000000354
1280 1520 50.0 9981 821 0.00150000001304
1280 1520 500.0 9997 1365 0.00109999999404
1280 1600 1000.0 9992 1289 0.000699999975041
1280 1600 150.0 9996 1393 0.00089999998454
1280 1600 50.0 9974 795 0.0010000000475
1280 1600 500.0 9998 1225 0.000699999975041
1280 1680 1000.0 9997 1382 0.000399999989895
1280 1680 150.0 9995 1437 0.000600000028498
1280 1680 50.0 9971 838 0.000699999975041
1280 1680 500.0 9998 1217 0.000500000023749
1280 1760 1000.0 9994 1368 0.000300000014249
1280 1760 150.0 9995 1496 0.000500000023749
1280 1760 50.0 9961 866 0.000600000028498
1280 1760 500.0 9995 1283 0.000300000014249
1280 1840 150.0 9994 1471 0.000399999989895
1280 1840 50.0 9955 874 0.000399999989895
1280 1840 500.0 9996 1308 0.000300000014249
1280 1920 1000.0 9990 1339 0.000199999994948
1280 1920 150.0 9996 1544 0.000300000014249
1280 1920 50.0 9940 865 0.000399999989895
1280 1920 500.0 9998 1320 0.000199999994948
1280 2000 1000.0 9992 1416 9.99999974738e-05
1280 2000 150.0 9995 1546 0.000199999994948
1280 2000 50.0 9955 816 0.000300000014249
1280 2000 500.0 9993 1359 0.000199999994948
1280 400 150.0 9993 2082 4.08699989319
1280 400 50.0 9991 1396 4.23000001907
1280 480 150.0 9991 2380 1.82799994946
1280 480 50.0 9986 1685 1.85800004005
1280 560 150.0 9996 2457 0.907199978828
1280 560 50.0 9991 1648 0.912599980831
1280 560 500.0 9951 1764 0.879199981689
1280 640 150.0 9997 2484 0.472699999809
1280 640 50.0 9993 1674 0.476700007915
1280 640 500.0 9936 1963 0.462099999189
1280 720 150.0 9995 2593 0.254000008106
1280 720 50.0 9992 1621 0.256300002337
1280 720 500.0 9952 2087 0.244900003076
1280 800 150.0 9999 2560 0.142000004649
1280 800 50.0 9994 1527 0.14280000329
1280 800 500.0 9967 2167 0.136999994516
1280 880 150.0 9998 2546 0.0793000012636
1280 880 50.0 9998 1503 0.0807000026107
1280 880 500.0 9979 2266 0.0772000029683
1280 960 150.0 9997 2469 0.0452000014484
1280 960 50.0 9996 1452 0.0463000014424
1280 960 500.0 9987 2256 0.0439000017941
1360 1040 1000.0 9955 1735 0.0230000000447
1360 1040 150.0 9996 2456 0.0241999998689
1360 1040 50.0 9996 1413 0.0247000008821
1360 1040 500.0 9988 2306 0.0230999998748
1360 1120 1000.0 9965 2082 0.0131999999285
1360 1120 150.0 9996 2471 0.0140000004321
1360 1120 50.0 9992 1269 0.0143999997526
1360 1120 500.0 9986 2283 0.0131999999285
1360 1200 1000.0 9979 2038 0.00749999983236
1360 1200 150.0 9996 2448 0.00829999987036
1360 1200 50.0 9985 1208 0.00860000029206
1360 1200 500.0 9991 2183 0.00769999995828
1360 1280 1000.0 9979 2088 0.00439999997616
1360 1280 150.0 10000 2349 0.00480000022799
1360 1280 50.0 9988 1217 0.00520000001416
1360 1280 500.0 9993 2337 0.00449999980628
1360 1360 1000.0 9988 2086 0.00260000000708
1360 1360 150.0 9996 2279 0.00289999996312
1360 1360 50.0 9984 1138 0.00310000008903
1360 1360 500.0 9998 2222 0.00260000000708
1360 1440 1000.0 9994 1483 0.00150000001304
1360 1440 150.0 9999 1561 0.00170000002254
1360 1440 50.0 9977 892 0.00200000009499
1360 1440 500.0 9998 1612 0.00159999995958
1360 1520 1000.0 9988 1367 0.00089999998454
1360 1520 50.0 9964 872 0.00130000000354
1360 1600 1000.0 9995 1294 0.000500000023749
1360 1600 50.0 9969 794 0.00079999997979
1360 1600 500.0 9994 1299 0.000600000028498
1360 1680 1000.0 9995 1273 0.000300000014249
1360 1680 150.0 9992 1478 0.000500000023749
1360 1680 50.0 9973 850 0.000600000028498
1360 1680 500.0 9999 1257 0.000399999989895
1360 1760 1000.0 9995 1254 0.000199999994948
1360 1760 150.0 9994 1415 0.000300000014249
1360 1760 50.0 9946 844 0.000399999989895
1360 1760 500.0 9995 1238 0.000199999994948
1360 1840 1000.0 9996 1318 9.99999974738e-05
1360 1840 150.0 9991 1498 0.000300000014249
1360 1840 50.0 9946 796 0.000300000014249
1360 1840 500.0 9997 1251 0.000199999994948
1360 1920 1000.0 9995 1394 9.99999974738e-05
1360 1920 150.0 9988 1449 0.000199999994948
1360 1920 50.0 9935 886 0.000300000014249
1360 1920 500.0 9995 1266 9.99999974738e-05
1360 2000 1000.0 9990 1373 9.99999974738e-05
1360 2000 150.0 9996 1486 0.000199999994948
1360 2000 50.0 9951 824 0.000199999994948
1360 2000 500.0 9998 1403 9.99999974738e-05
1360 400 150.0 9995 2170 3.8900001049
1360 400 50.0 9982 1439 3.9319999218
1360 480 150.0 9988 2284 1.72800004482
1360 480 50.0 9990 1606 1.74000000954
1360 560 150.0 9996 2502 0.842899978161
1360 560 50.0 7995 1341 0.847000002861
1360 560 500.0 9943 1740 0.820200026035
1360 640 150.0 9999 2553 0.436800003052
1360 640 50.0 9994 1672 0.444200009108
1360 640 500.0 9950 1986 0.424199998379
1360 720 150.0 9998 2566 0.236300006509
1360 720 50.0 9997 1626 0.238999992609
1360 720 500.0 5974 1239 0.22990000248
1360 800 150.0 9996 2534 0.131099998951
1360 800 50.0 9998 1569 0.134399995208
1360 800 500.0 9978 2069 0.12800000608
1360 880 150.0 9996 2618 0.0746000036597
1360 880 50.0 9998 1541 0.075900003314
1360 880 500.0 9976 2203 0.0712999999523
1360 960 150.0 9995 2526 0.042199999094
1360 960 50.0 9998 1421 0.0428999997675
1360 960 500.0 9982 2235 0.0403999984264
1440 1040 1000.0 9947 1778 0.0212999992073
1440 1040 150.0 9996 2532 0.0226000007242
1440 1040 50.0 9995 1386 0.0230999998748
1440 1040 500.0 9989 2286 0.0218000002205
1440 1120 1000.0 9956 2086 0.0121999997646
1440 1120 150.0 3999 983 0.0130000002682
1440 1120 50.0 9988 1269 0.0133999995887
1440 1120 500.0 9995 2289 0.0122999995947
1440 1200 1000.0 9973 2132 0.00700000021607
1440 1200 150.0 9996 2462 0.00749999983236
1440 1200 50.0 9986 1273 0.00789999961853
1440 1200 500.0 9990 2304 0.00700000021607
1440 1280 1000.0 9977 2126 0.00400000018999
1440 1280 150.0 5996 1394 0.00439999997616
1440 1280 50.0 9992 1158 0.0046999999322
1440 1280 500.0 9992 2280 0.00410000002012
1440 1360 1000.0 9986 2198 0.00230000005104
1440 1360 150.0 7999 1824 0.00260000000708
1440 1360 50.0 9978 1127 0.00279999990016
1440 1360 500.0 9997 2336 0.00230000005104
1440 1440 1000.0 9990 2124 0.00130000000354
1440 1440 150.0 9998 2142 0.00150000001304
1440 1440 50.0 9981 1055 0.00170000002254
1440 1440 500.0 9993 2235 0.00139999995008
1440 1520 150.0 9998 1715 0.00089999998454
1440 1520 50.0 9970 921 0.00109999999404
1440 1520 500.0 9998 1607 0.00079999997979
1440 1600 1000.0 9997 1315 0.000399999989895
1440 1600 50.0 9971 787 0.000699999975041
1440 1600 500.0 9997 1379 0.000500000023749
1440 1680 50.0 9953 827 0.000500000023749
1440 1680 500.0 9995 1361 0.000300000014249
1440 1760 1000.0 9996 1267 0.000199999994948
1440 1760 50.0 9947 828 0.000399999989895
1440 1760 500.0 10000 1275 0.000199999994948
1440 1840 1000.0 9999 1285 9.99999974738e-05
1440 1840 150.0 9990 1472 0.000199999994948
1440 1840 50.0 9934 812 0.000300000014249
1440 1840 500.0 9994 1296 9.99999974738e-05
1440 1920 1000.0 9996 1329 9.99999974738e-05
1440 1920 150.0 9987 1440 9.99999974738e-05
1440 1920 50.0 9918 769 0.000199999994948
1440 1920 500.0 9998 1326 9.99999974738e-05
1440 2000 1000.0 9995 1322 0.0
1440 2000 150.0 5992 893 9.99999974738e-05
1440 2000 50.0 9935 812 0.000199999994948
1440 2000 500.0 9993 1361 9.99999974738e-05
1440 400 150.0 9996 2191 3.65000009537
1440 400 50.0 9990 1494 3.69499993324
1440 480 150.0 9993 2342 1.59399998188
1440 480 50.0 7992 1285 1.62999999523
1440 560 150.0 9993 2480 0.790600001812
1440 560 50.0 9993 1754 0.801400005817
1440 560 500.0 9931 1744 0.758599996567
1440 640 150.0 9997 2593 0.412800014019
1440 640 50.0 9993 1618 0.413899987936
1440 640 500.0 9953 1984 0.396600008011
1440 720 150.0 9998 2578 0.222000002861
1440 720 50.0 9994 1618 0.223299995065
1440 720 500.0 9966 2013 0.214800000191
1440 800 150.0 10000 2631 0.123000003397
1440 800 50.0 9997 1563 0.124300003052
1440 800 500.0 9970 2154 0.118500001729
1440 880 150.0 10000 2530 0.069399997592
1440 880 50.0 9999 1477 0.0706999972463
1440 880 500.0 9970 2190 0.0667999982834
1440 960 150.0 9997 2574 0.0392000004649
1440 960 50.0 9991 1494 0.0401000007987
1440 960 500.0 9984 2262 0.0379000008106
1520 1040 1000.0 9950 1746 0.019999999553
1520 1040 150.0 9995 2635 0.0211999993771
1520 1040 50.0 9994 1415 0.0218000002205
1520 1040 500.0 9987 2230 0.0201999992132
1520 1120 1000.0 9967 2103 0.0115000000224
1520 1120 150.0 9997 2475 0.0121999997646
1520 1120 50.0 9994 1256 0.0126000000164
1520 1120 500.0 9995 2303 0.0115999998525
1520 1200 1000.0 9982 2135 0.00650000013411
1520 1200 150.0 9997 2502 0.00700000021607
1520 1200 50.0 9991 1247 0.00740000000224
1520 1200 500.0 9995 2259 0.00659999996424
1520 1280 1000.0 9976 2205 0.00370000000112
1520 1280 150.0 9994 2401 0.00410000002012
1520 1280 50.0 9985 1152 0.00430000014603
1520 1280 500.0 9996 2325 0.00380000006407
1520 1360 1000.0 9984 2199 0.00209999992512
1520 1360 150.0 9997 2258 0.00240000011399
1520 1360 50.0 9981 1042 0.00260000000708
1520 1360 500.0 9996 2311 0.00219999998808
1520 1440 1000.0 9993 2169 0.001200000057
1520 1440 150.0 9995 2260 0.00139999995008
1520 1440 50.0 9970 1046 0.00159999995958
1520 1440 500.0 9995 2314 0.001200000057
1520 1520 1000.0 9991 2109 0.000699999975041
1520 1520 150.0 5998 1225 0.00089999998454
1520 1520 1500.0 9940 1130 0.000699999975041
1520 1520 50.0 9974 1047 0.0010000000475
1520 1520 500.0 9993 2236 0.000699999975041
1520 1600 1000.0 9998 1490 0.000399999989895
1520 1600 150.0 3999 657 0.000500000023749
1520 1600 1500.0 9973 1757 0.000399999989895
1520 1600 50.0 9962 802 0.000600000028498
1520 1600 500.0 10000 1590 0.000399999989895
1520 1680 1000.0 9997 1327 0.000199999994948
1520 1680 150.0 7994 1148 0.000300000014249
1520 1680 1500.0 9980 1740 0.000199999994948
1520 1680 50.0 9953 731 0.000399999989895
1520 1680 500.0 7998 1144 0.000199999994948
1520 1760 1000.0 9996 1317 9.99999974738e-05
1520 1760 150.0 9983 1398 0.000199999994948
1520 1760 1500.0 9977 1693 9.99999974738e-05
1520 1760 50.0 9937 770 0.000300000014249
1520 1760 500.0 9993 1389 9.99999974738e-05
1520 1840 1000.0 9999 1266 9.99999974738e-05
1520 1840 150.0 9988 1402 0.000199999994948
1520 1840 1500.0 9980 1540 9.99999974738e-05
1520 1840 50.0 9946 762 0.000199999994948
1520 1840 500.0 9992 1301 9.99999974738e-05
1520 1920 1000.0 9995 1307 0.0
1520 1920 150.0 5989 874 9.99999974738e-05
1520 1920 1500.0 9982 1350 0.0
1520 1920 50.0 9915 811 0.000199999994948
1520 1920 500.0 9986 1321 9.99999974738e-05
1520 2000 1000.0 9995 1302 0.0
1520 2000 150.0 9983 1448 9.99999974738e-05
1520 2000 1500.0 9985 1208 0.0
1520 2000 50.0 9916 730 9.99999974738e-05
1520 2000 500.0 9987 1316 0.0
1520 400 150.0 9994 2189 3.48399996758
1520 400 50.0 9976 1453 3.53600001335
1520 480 150.0 9993 2347 1.52300000191
1520 480 50.0 9985 1646 1.54200005531
1520 560 150.0 9997 2522 0.738099992275
1520 560 50.0 9993 1699 0.748399972916
1520 560 500.0 9947 1793 0.709599971771
1520 640 150.0 9996 2551 0.384400010109
1520 640 50.0 9989 1606 0.39280000329
1520 640 500.0 9959 1988 0.371899992228
1520 720 150.0 9997 2576 0.208900004625
1520 720 50.0 9994 1615 0.209900006652
1520 720 500.0 9962 2096 0.201600000262
1520 800 150.0 9998 2644 0.115800000727
1520 800 50.0 9995 1564 0.117499999702
1520 800 500.0 9975 2113 0.109999999404
1520 880 150.0 9998 2628 0.0645999982953
1520 880 50.0 9993 1538 0.0665000006557
1520 880 500.0 9985 2151 0.0627999976277
1520 960 150.0 9999 2598 0.0372000001371
1520 960 50.0 9996 1477 0.0379000008106
1520 960 500.0 9987 2258 0.0357000008225
1600 1040 1000.0 9949 1829 0.0189999993891
1600 1040 150.0 9996 2591 0.0200999993831
1600 1040 50.0 9991 1424 0.0205000005662
1600 1040 500.0 9986 2355 0.0190999992192
1600 1120 1000.0 9971 2023 0.01070000045
1600 1120 150.0 9995 2482 0.0115000000224
1600 1120 50.0 9996 1309 0.0120000001043
1600 1120 500.0 9995 2244 0.0109000001103
1600 1200 1000.0 9974 2160 0.00609999988228
1600 1200 150.0 9995 2513 0.00659999996424
1600 1200 50.0 9991 1244 0.00700000021607
1600 1200 500.0 9992 2300 0.00620000017807
1600 1280 1000.0 9980 2246 0.00350000010803
1600 1280 150.0 9996 2356 0.00380000006407
1600 1280 50.0 9987 1187 0.00410000002012
1600 1280 500.0 9995 2341 0.00359999993816
1600 1360 1000.0 9991 2195 0.00200000009499
1600 1360 150.0 9998 2280 0.00219999998808
1600 1360 50.0 9978 1092 0.00240000011399
1600 1360 500.0 9997 2385 0.00200000009499
1600 1440 1000.0 9988 2236 0.00109999999404
1600 1440 150.0 9996 2230 0.00130000000354
1600 1440 50.0 9969 1076 0.00150000001304
1600 1440 500.0 9996 2282 0.001200000057
1600 1520 1000.0 9994 2192 0.000600000028498
1600 1520 150.0 9990 2159 0.00079999997979
1600 1520 1500.0 9934 1124 0.000600000028498
1600 1520 50.0 9971 929 0.00089999998454
1600 1520 500.0 9993 2309 0.000600000028498
1600 1600 1000.0 9994 2151 0.000300000014249
1600 1600 150.0 9994 2059 0.000500000023749
1600 1600 1500.0 9982 2208 0.000300000014249
1600 1600 50.0 9948 907 0.000600000028498
1600 1600 500.0 9995 2265 0.000399999989895
1600 1680 1000.0 9999 1549 0.000199999994948
1600 1680 150.0 5995 956 0.000300000014249
1600 1680 1500.0 9985 1626 0.000199999994948
1600 1680 50.0 9951 746 0.000399999989895
1600 1680 500.0 9993 1698 0.000199999994948
1600 1760 1000.0 9998 1361 9.99999974738e-05
1600 1760 150.0 7990 1108 0.000199999994948
1600 1760 1500.0 9991 1444 9.99999974738e-05
1600 1760 50.0 9932 730 0.000300000014249
1600 1760 500.0 9996 1453 9.99999974738e-05
1600 1840 1000.0 9999 1314 9.99999974738e-05
1600 1840 150.0 9993 1403 9.99999974738e-05
1600 1840 1500.0 9989 1435 9.99999974738e-05
1600 1840 50.0 9929 765 0.000199999994948
1600 1840 500.0 9991 1349 9.99999974738e-05
1600 1920 1000.0 9997 1276 0.0
1600 1920 150.0 9982 1327 9.99999974738e-05
1600 1920 1500.0 9992 1503 0.0
1600 1920 50.0 9919 754 0.000199999994948
1600 2000 1000.0 9998 1273 0.0
1600 2000 150.0 7984 1067 9.99999974738e-05
1600 2000 1500.0 9994 1526 0.0
1600 2000 50.0 9897 730 9.99999974738e-05
1600 2000 500.0 7987 1066 0.0
1600 400 150.0 9992 2166 3.31500005722
1600 400 50.0 9983 1469 3.3710000515
1600 480 150.0 9994 2365 1.44299995899
1600 480 50.0 9983 1663 1.4470000267
1600 560 150.0 9995 2515 0.69470000267
1600 560 50.0 9992 1643 0.704900026321
1600 560 500.0 9949 1822 0.678099989891
1600 640 150.0 9993 2545 0.360300004482
1600 640 50.0 9993 1669 0.369100004435
1600 640 500.0 9961 1945 0.348600000143
1600 720 150.0 9993 2604 0.196400001645
1600 720 50.0 9997 1714 0.199200004339
1600 720 500.0 9964 2019 0.188199996948
1600 800 150.0 9996 2673 0.10869999975
1600 800 50.0 9996 1600 0.110299997032
1600 800 500.0 9978 2100 0.104099996388
1600 880 150.0 9999 2579 0.0612999983132
1600 880 50.0 9993 1513 0.0626000016928
1600 880 500.0 9983 2258 0.0590000003576
1600 960 150.0 9995 2622 0.034699998796
1600 960 50.0 9997 1462 0.0359000004828
1600 960 500.0 9981 2239 0.0335000008345
1680 1040 1000.0 9942 1769 0.017899999395
1680 1040 150.0 9999 2627 0.0188999995589
1680 1040 50.0 9987 1471 0.0197000000626
1680 1040 500.0 9991 2321 0.018200000748
1680 1120 1000.0 9972 2066 0.0103000001982
1680 1120 150.0 9996 2536 0.0109000001103
1680 1120 50.0 9994 1346 0.0114000001922
1680 1120 500.0 9992 2327 0.0104000000283
1680 1200 1000.0 9967 2197 0.00590000022203
1680 1200 150.0 7997 1993 0.0063000000082
1680 1200 50.0 9991 1276 0.00669999979436
1680 1200 500.0 9993 2293 0.00590000022203
1680 1280 1000.0 9971 2173 0.00329999998212
1680 1280 150.0 9994 2434 0.00370000000112
1680 1280 50.0 9989 1180 0.0038999998942
1680 1280 500.0 9994 2261 0.00340000004508
1680 1360 1000.0 9974 2224 0.00190000003204
1680 1360 150.0 9997 2228 0.00209999992512
1680 1360 50.0 9987 1051 0.00230000005104
1680 1360 500.0 9994 2377 0.00190000003204
1680 1440 1000.0 9987 2208 0.0010000000475
1680 1440 150.0 9997 2236 0.001200000057
1680 1440 50.0 9971 1046 0.00139999995008
1680 1440 500.0 9993 2295 0.00109999999404
1680 1520 1000.0 9992 2219 0.000600000028498
1680 1520 150.0 7997 1692 0.000699999975041
1680 1520 1500.0 9940 1070 0.000600000028498
1680 1520 50.0 9968 982 0.00089999998454
1680 1520 500.0 9995 2247 0.000600000028498
1680 1600 1000.0 9994 2217 0.000300000014249
1680 1600 150.0 9994 2045 0.000399999989895
1680 1600 1500.0 9972 2207 0.000300000014249
1680 1600 50.0 9941 886 0.000600000028498
1680 1600 500.0 9994 2328 0.000300000014249
1680 1680 1000.0 9995 2190 0.000199999994948
1680 1680 150.0 9992 1907 0.000300000014249
1680 1680 1500.0 9981 2151 0.000199999994948
1680 1680 50.0 9958 807 0.000399999989895
1680 1680 500.0 9996 2240 0.000199999994948
1680 1760 1000.0 10000 1573 9.99999974738e-05
1680 1760 150.0 7991 1214 0.000199999994948
1680 1760 1500.0 9992 1444 9.99999974738e-05
1680 1760 50.0 9926 742 0.000300000014249
1680 1760 500.0 9994 1620 9.99999974738e-05
1680 1840 150.0 9982 1363 9.99999974738e-05
1680 1840 1500.0 9988 1412 9.99999974738e-05
1680 1840 50.0 9920 741 0.000199999994948
1680 1840 500.0 9995 1454 9.99999974738e-05
1680 1920 1000.0 9999 1268 0.0
1680 1920 150.0 9986 1323 9.99999974738e-05
1680 1920 1500.0 9991 1361 0.0
1680 1920 50.0 9879 650 9.99999974738e-05
1680 1920 500.0 9985 1413 0.0
1680 2000 150.0 9977 1327 9.99999974738e-05
1680 2000 1500.0 9994 1415 0.0
1680 2000 50.0 9906 673 9.99999974738e-05
1680 400 150.0 9995 2114 3.17199993134
1680 400 50.0 9986 1491 3.23200011253
1680 480 150.0 9990 2358 1.35699999332
1680 480 50.0 9986 1595 1.37699997425
1680 560 150.0 9992 2495 0.661499977112
1680 560 50.0 9994 1618 0.66890001297
1680 560 500.0 9952 1846 0.631399989128
1680 640 150.0 9996 2551 0.339500010014
1680 640 50.0 9993 1588 0.345600008965
1680 640 500.0 9960 1998 0.328200012445
1680 720 150.0 9999 2672 0.183400005102
1680 720 50.0 9995 1666 0.188400000334
1680 720 500.0 9965 2050 0.177100002766
1680 800 150.0 9996 2675 0.103600002825
1680 800 50.0 9997 1544 0.104199998081
1680 800 500.0 9969 2126 0.0991000011563
1680 880 150.0 10000 2647 0.0584999993443
1680 880 50.0 9993 1539 0.0599999986589
1680 880 500.0 9971 2280 0.0555999986827
1680 960 150.0 9998 2589 0.0329000018537
1680 960 50.0 9994 1446 0.0340000018477
1680 960 500.0 9985 2253 0.0317000001669
1760 1040 1000.0 9939 1733 0.0170000009239
1760 1040 150.0 9999 2544 0.0181000009179
1760 1040 50.0 9989 1347 0.0186999998987
1760 1040 500.0 9991 2297 0.0173000004143
1760 1120 1000.0 9970 2147 0.0097000002861
1760 1120 150.0 9998 2500 0.0104000000283
1760 1120 50.0 9985 1343 0.0109000001103
1760 1120 500.0 9988 2264 0.00989999994636
1760 1200 1000.0 9976 2206 0.0054999999702
1760 1200 150.0 9996 2496 0.00609999988228
1760 1200 50.0 9985 1243 0.0063000000082
1760 1200 500.0 9994 2318 0.00559999980032
1760 1280 1000.0 9965 2124 0.00310000008903
1760 1280 150.0 9997 2453 0.00350000010803
1760 1280 50.0 9990 1167 0.00380000006407
1760 1280 500.0 9993 2365 0.00319999991916
1760 1360 1000.0 9976 2171 0.00179999996908
1760 1360 150.0 7999 1806 0.00200000009499
1760 1360 50.0 9982 1014 0.00219999998808
1760 1360 500.0 9996 2295 0.00179999996908
1760 1440 1000.0 9988 2167 0.0010000000475
1760 1440 150.0 9997 2294 0.001200000057
1760 1440 50.0 9976 975 0.00130000000354
1760 1440 500.0 9997 2334 0.0010000000475
1760 1520 1000.0 9995 2247 0.000500000023749
1760 1520 150.0 9996 2068 0.000699999975041
1760 1520 1500.0 9939 1073 0.000500000023749
1760 1520 50.0 9963 894 0.00079999997979
1760 1520 500.0 9993 2283 0.000600000028498
1760 1600 1000.0 9997 2268 0.000300000014249
1760 1600 150.0 9992 2072 0.000399999989895
1760 1600 1500.0 9977 2202 0.000300000014249
1760 1600 50.0 9939 866 0.000500000023749
1760 1600 500.0 9997 2335 0.000300000014249
1760 1680 1000.0 9994 2216 0.000199999994948
1760 1680 150.0 9988 1938 0.000300000014249
1760 1680 1500.0 9983 2209 0.000199999994948
1760 1680 50.0 9933 872 0.000300000014249
1760 1680 500.0 9993 2246 0.000199999994948
1760 1760 1000.0 9997 2173 9.99999974738e-05
1760 1760 150.0 9991 1704 0.000199999994948
1760 1760 1500.0 9989 2244 9.99999974738e-05
1760 1760 50.0 9921 831 0.000199999994948
1760 1760 500.0 9996 2226 9.99999974738e-05
1760 1840 1000.0 9998 1627 0.0
1760 1840 150.0 9990 1431 9.99999974738e-05
1760 1840 1500.0 9997 1448 0.0
1760 1840 50.0 7919 570 0.000199999994948
1760 1840 500.0 9990 1673 9.99999974738e-05
1760 1920 1000.0 9998 1261 0.0
1760 1920 150.0 9982 1236 9.99999974738e-05
1760 1920 1500.0 9995 1371 0.0
1760 1920 50.0 9891 687 9.99999974738e-05
1760 1920 500.0 9989 1457 0.0
1760 2000 1000.0 9999 1412 0.0
1760 2000 150.0 9979 1228 9.99999974738e-05
1760 2000 1500.0 9996 1393 0.0
1760 2000 50.0 7908 563 9.99999974738e-05
1760 2000 500.0 9983 1442 0.0
1760 400 150.0 9988 2196 3.00200009346
1760 400 50.0 9987 1386 3.07299995422
1760 480 150.0 9997 2358 1.28999996185
1760 480 50.0 9992 1608 1.31299996376
1760 560 150.0 9995 2434 0.621500015259
1760 560 50.0 9996 1623 0.638599991798
1760 560 500.0 9931 1769 0.601499974728
1760 640 150.0 9996 2560 0.322499990463
1760 640 50.0 9990 1587 0.330199986696
1760 640 500.0 9969 1990 0.314200013876
1760 720 150.0 9998 2541 0.173600003123
1760 720 50.0 9995 1645 0.177000001073
1760 800 150.0 9999 2626 0.0974999964237
1760 800 50.0 9993 1613 0.0993999987841
1760 800 500.0 9974 2187 0.0935000032187
1760 880 150.0 10000 2653 0.0549000017345
1760 880 50.0 9987 1534 0.0566999986768
1760 880 500.0 9981 2197 0.0531999990344
1760 960 150.0 9996 2611 0.0313000008464
1760 960 50.0 9988 1496 0.0324000008404
1760 960 500.0 9982 2240 0.0300999991596
1840 1040 1000.0 9951 1811 0.0163000002503
1840 1040 150.0 7999 2091 0.0173000004143
1840 1040 50.0 9988 1398 0.0179999992251
1840 1040 500.0 9991 2321 0.0164999999106
1840 1120 1000.0 9967 2133 0.00930000003427
1840 1120 150.0 5999 1536 0.00999999977648
1840 1120 50.0 9988 1307 0.0104999998584
1840 1120 500.0 9993 2253 0.00949999969453
1840 1200 1000.0 9965 2168 0.00529999984428
1840 1200 150.0 9999 2499 0.00579999992624
1840 1200 50.0 7995 1010 0.00620000017807
1840 1200 500.0 9996 2311 0.00540000014007
1840 1280 1000.0 9966 2225 0.00300000002608
1840 1280 150.0 9996 2403 0.00329999998212
1840 1280 50.0 9986 1213 0.00359999993816
1840 1280 500.0 9997 2381 0.00310000008903
1840 1360 1000.0 9975 2188 0.00170000002254
1840 1360 150.0 9996 2253 0.00190000003204
1840 1360 50.0 9986 1010 0.00209999992512
1840 1360 500.0 9994 2367 0.00170000002254
1840 1440 1000.0 9985 2190 0.00089999998454
1840 1440 150.0 9994 2373 0.00109999999404
1840 1440 50.0 9974 1009 0.00130000000354
1840 1440 500.0 9998 2318 0.0010000000475
1840 1520 1000.0 9991 2270 0.000500000023749
1840 1520 150.0 9988 2061 0.000699999975041
1840 1520 1500.0 9941 1038 0.000500000023749
1840 1520 50.0 9964 939 0.00079999997979
1840 1520 500.0 9997 2358 0.000500000023749
1840 1600 1000.0 9998 2214 0.000300000014249
1840 1600 150.0 9991 2068 0.000399999989895
1840 1600 1500.0 9978 2222 0.000300000014249
1840 1600 50.0 9945 859 0.000500000023749
1840 1600 500.0 9995 2322 0.000300000014249
1840 1680 1000.0 9995 2296 0.000199999994948
1840 1680 150.0 9985 1905 0.000199999994948
1840 1680 1500.0 9980 2186 0.000199999994948
1840 1680 50.0 9949 774 0.000300000014249
1840 1680 500.0 9995 2276 0.000199999994948
1840 1760 1000.0 9997 2271 9.99999974738e-05
1840 1760 150.0 9982 1694 0.000199999994948
1840 1760 1500.0 9988 2093 9.99999974738e-05
1840 1760 50.0 9921 764 0.000199999994948
1840 1760 500.0 9994 2330 9.99999974738e-05
1840 1840 1000.0 9997 2263 0.0
1840 1840 150.0 9986 1596 9.99999974738e-05
1840 1840 1500.0 9992 2205 0.0
1840 1840 50.0 9898 666 0.000199999994948
1840 1840 500.0 9991 2210 9.99999974738e-05
1840 1920 1000.0 9998 1557 0.0
1840 1920 150.0 9979 1317 9.99999974738e-05
1840 1920 1500.0 9995 1482 0.0
1840 1920 50.0 9905 650 9.99999974738e-05
1840 1920 500.0 9987 1684 0.0
1840 2000 1000.0 9997 1315 0.0
1840 2000 150.0 9975 1237 9.99999974738e-05
1840 2000 1500.0 9997 1420 0.0
1840 2000 50.0 9882 651 9.99999974738e-05
1840 2000 500.0 9979 1512 0.0
1840 400 150.0 9989 2153 2.91400003433
1840 400 50.0 9976 1517 2.96000003815
1840 480 150.0 9993 2368 1.21899998188
1840 480 50.0 9988 1640 1.26100003719
1840 560 150.0 9994 2463 0.592899978161
1840 560 50.0 9987 1644 0.609799981117
1840 560 500.0 9933 1801 0.565400004387
1840 640 150.0 9996 2600 0.308699995279
1840 640 50.0 9992 1631 0.315299987793
1840 640 500.0 9954 1938 0.295100003481
1840 720 150.0 6000 1569 0.165999993682
1840 720 50.0 9999 1614 0.169499993324
1840 720 500.0 9968 2099 0.158999994397
1840 800 150.0 5998 1585 0.0925000011921
1840 800 50.0 9987 1618 0.0948999971151
1840 800 500.0 9963 2113 0.0886000022292
1840 880 150.0 9999 2589 0.0526000000536
1840 880 50.0 9989 1502 0.0537000000477
1840 880 500.0 9977 2230 0.0505999997258
1840 960 150.0 9995 2587 0.0299999993294
1840 960 50.0 9990 1474 0.0307999998331
1840 960 500.0 9988 2236 0.0287999995053
1920 1040 1000.0 9940 1767 0.0156999994069
1920 1040 150.0 6000 1536 0.0165999997407
1920 1040 50.0 9994 1388 0.017100000754
1920 1040 500.0 9986 2321 0.0157999992371
1920 1120 1000.0 9962 2159 0.00889999978244
1920 1120 150.0 9998 2468 0.00949999969453
1920 1120 50.0 9985 1319 0.0100999996066
1920 1120 500.0 9992 2328 0.00910000037402
1920 1200 1000.0 9964 2188 0.00510000018403
1920 1200 150.0 7999 1986 0.0054999999702
1920 1200 50.0 9991 1227 0.00600000005215
1920 1200 500.0 9991 2325 0.00520000001416
1920 1280 1000.0 9976 2220 0.00289999996312
1920 1280 150.0 9996 2386 0.00319999991916
1920 1280 50.0 9986 1192 0.00350000010803
1920 1280 500.0 9998 2358 0.00289999996312
1920 1360 1000.0 9983 2211 0.00159999995958
1920 1360 150.0 9998 2233 0.00190000003204
1920 1360 50.0 9978 1035 0.00209999992512
1920 1360 500.0 9993 2403 0.00170000002254
1920 1440 1000.0 9990 2165 0.00089999998454
1920 1440 150.0 7996 1877 0.00109999999404
1920 1440 50.0 9979 1045 0.001200000057
1920 1440 500.0 9997 2279 0.00089999998454
1920 1520 1000.0 9993 2276 0.000500000023749
1920 1520 150.0 9993 2142 0.000600000028498
1920 1520 1500.0 9950 1049 0.000500000023749
1920 1520 50.0 9958 920 0.00079999997979
1920 1600 1000.0 9992 2234 0.000300000014249
1920 1600 150.0 9989 2044 0.000399999989895
1920 1600 1500.0 9972 2250 0.000300000014249
1920 1600 50.0 9952 900 0.000500000023749
1920 1600 500.0 9997 2337 0.000300000014249
1920 1680 1000.0 9998 2311 9.99999974738e-05
1920 1680 150.0 9986 1853 0.000199999994948
1920 1680 1500.0 9969 2232 9.99999974738e-05
1920 1680 50.0 9920 771 0.000300000014249
1920 1680 500.0 9994 2274 0.000199999994948
1920 1760 1000.0 9998 2231 9.99999974738e-05
1920 1760 150.0 9984 1668 0.000199999994948
1920 1760 1500.0 9978 2121 9.99999974738e-05
1920 1760 50.0 9924 723 0.000199999994948
1920 1760 500.0 9994 2325 9.99999974738e-05
1920 1840 1000.0 9999 2250 0.0
1920 1840 150.0 9988 1592 9.99999974738e-05
1920 1840 1500.0 9987 2201 0.0
1920 1840 50.0 9921 636 0.000199999994948
1920 1840 500.0 9995 2257 0.0
1920 1920 1000.0 10000 2244 0.0
1920 1920 150.0 9978 1475 9.99999974738e-05
1920 1920 1500.0 9991 2202 0.0
1920 1920 1900.0 9952 950 0.0
1920 1920 50.0 9882 645 9.99999974738e-05
1920 1920 500.0 9986 2155 0.0
1920 2000 1000.0 9999 1641 0.0
1920 2000 150.0 9975 1187 9.99999974738e-05
1920 2000 1500.0 9998 1528 0.0
1920 2000 1900.0 9982 1806 0.0
1920 2000 50.0 9875 635 9.99999974738e-05
1920 2000 500.0 9980 1683 0.0
1920 400 150.0 9991 2175 2.77500009537
1920 400 50.0 9981 1497 2.86999988556
1920 480 150.0 9994 2334 1.1740000248
1920 480 50.0 9990 1596 1.2159999609
1920 560 150.0 9996 2485 0.565199971199
1920 560 50.0 9991 1729 0.574100017548
1920 560 500.0 9940 1784 0.543099999428
1920 640 150.0 9999 2533 0.290399998426
1920 640 50.0 9993 1676 0.300799995661
1920 640 500.0 9955 1981 0.281500011683
1920 720 150.0 9998 2646 0.158800005913
1920 720 50.0 9993 1632 0.160500004888
1920 720 500.0 9963 2084 0.150600001216
1920 800 150.0 11999 3199 0.0883999988437
1920 800 50.0 9993 1546 0.089500002563
1920 800 500.0 9983 2135 0.0846000015736
1920 880 150.0 9998 2658 0.0504000000656
1920 880 50.0 9992 1498 0.0515000000596
1920 880 500.0 9981 2229 0.0483999997377
1920 960 150.0 9998 2587 0.0287999995053
1920 960 50.0 9987 1394 0.0296999998391
1920 960 500.0 9977 2222 0.0274000000209
2000 1040 1000.0 9961 1822 0.0148000000045
2000 1040 150.0 9997 2615 0.01600000076
2000 1040 50.0 9993 1403 0.0164000000805
2000 1040 500.0 9986 2342 0.0151000004262
2000 1120 1000.0 9969 2144 0.00850000046194
2000 1120 150.0 9995 2497 0.00920000020415
2000 1120 50.0 9987 1393 0.0097000002861
2000 1120 500.0 9994 2332 0.00870000012219
2000 1200 1000.0 9972 2192 0.00490000005811
2000 1200 150.0 9996 2428 0.00540000014007
2000 1200 50.0 9990 1258 0.00570000009611
2000 1200 500.0 9993 2411 0.00499999988824
2000 1280 1000.0 9984 2182 0.00279999990016
2000 1280 150.0 9997 2414 0.00310000008903
2000 1280 50.0 9986 1230 0.00340000004508
2000 1280 500.0 9995 2392 0.00279999990016
2000 1360 1000.0 9984 2217 0.00159999995958
2000 1360 150.0 9994 2244 0.00179999996908
2000 1360 50.0 9973 1080 0.00200000009499
2000 1360 500.0 9996 2395 0.00159999995958
2000 1440 1000.0 9992 2236 0.00089999998454
2000 1440 150.0 9993 2288 0.00109999999404
2000 1440 50.0 9981 968 0.001200000057
2000 1440 500.0 9996 2347 0.00089999998454
2000 1520 1000.0 9997 2305 0.000500000023749
2000 1520 150.0 9995 2144 0.000600000028498
2000 1520 1500.0 9947 1031 0.000500000023749
2000 1520 50.0 9962 911 0.000699999975041
2000 1520 500.0 9998 2399 0.000500000023749
2000 1600 1000.0 9994 2221 0.000300000014249
2000 1600 150.0 9991 2072 0.000399999989895
2000 1600 1500.0 9974 2197 0.000300000014249
2000 1600 50.0 9953 827 0.000500000023749
2000 1600 500.0 9999 2328 0.000300000014249
2000 1680 1000.0 9995 2321 9.99999974738e-05
2000 1680 150.0 9988 1881 0.000199999994948
2000 1680 1500.0 9977 2164 9.99999974738e-05
2000 1680 50.0 9927 737 0.000300000014249
2000 1680 500.0 9993 2303 0.000199999994948
2000 1760 1000.0 9997 2314 9.99999974738e-05
2000 1760 150.0 9987 1670 9.99999974738e-05
2000 1760 1500.0 9977 2244 9.99999974738e-05
2000 1760 50.0 9912 738 0.000199999994948
2000 1760 500.0 9993 2287 9.99999974738e-05
2000 1840 1000.0 9998 2279 0.0
2000 1840 150.0 9988 1480 9.99999974738e-05
2000 1840 1500.0 9986 2144 0.0
2000 1840 50.0 9899 640 0.000199999994948
2000 1840 500.0 9987 2240 0.0
2000 1920 1000.0 10000 2290 0.0
2000 1920 150.0 9972 1432 9.99999974738e-05
2000 1920 1500.0 9995 2276 0.0
2000 1920 1900.0 9949 990 0.0
2000 1920 50.0 9888 657 9.99999974738e-05
2000 1920 500.0 9987 2146 0.0
2000 2000 1000.0 10000 2321 0.0
2000 2000 150.0 9978 1253 9.99999974738e-05
2000 2000 1500.0 9997 2177 0.0
2000 2000 1900.0 9978 2134 0.0
2000 2000 50.0 9879 663 9.99999974738e-05
2000 2000 500.0 9973 2071 0.0
2000 400 150.0 9994 2199 2.70700001717
2000 400 50.0 9985 1448 2.76699995995
2000 480 150.0 9993 2401 1.12999999523
2000 480 50.0 9988 1555 1.15100002289
2000 560 150.0 9992 2486 0.540400028229
2000 560 50.0 9993 1662 0.55119997263
2000 560 500.0 9933 1789 0.516799986362
2000 640 150.0 9994 2480 0.277700006962
2000 640 50.0 9992 1675 0.286000013351
2000 640 500.0 9954 1931 0.266799986362
2000 720 150.0 9998 2561 0.149800002575
2000 720 50.0 9994 1670 0.153200000525
2000 720 500.0 9966 2016 0.144299998879
2000 800 150.0 9996 2722 0.0842000022531
2000 800 50.0 9990 1581 0.0864000022411
2000 800 500.0 9976 2150 0.0804999992251
2000 880 150.0 9996 2586 0.0480999983847
2000 880 50.0 9991 1465 0.0489999987185
2000 880 500.0 9982 2201 0.0456000007689
2000 960 150.0 9997 2615 0.0275999996811
2000 960 50.0 9992 1444 0.0283000003546
2000 960 500.0 9984 2268 0.0261000003666
400 1040 150.0 9998 1425 4.78100013733
400 1040 50.0 9987 579 4.75899982452
400 1120 150.0 9992 1405 4.59800004959
400 1120 50.0 9985 593 4.61999988556
400 1200 150.0 9998 1371 4.63100004196
400 1200 50.0 9990 600 4.59299993515
400 1280 150.0 9995 1365 4.51399993896
400 1280 50.0 9983 605 4.56799983978
400 1360 150.0 9997 1359 4.55200004578
400 1360 50.0 9977 579 4.49300003052
400 1440 150.0 9995 1379 4.58400011063
400 1440 50.0 9974 599 4.62300014496
400 1520 150.0 9997 1408 4.54600000381
400 1520 50.0 9976 576 4.60699987411
400 1600 150.0 10000 1367 4.58500003815
400 1600 50.0 9976 553 4.57399988174
400 1680 150.0 9992 1367 4.54600000381
400 1680 50.0 9963 496 4.65799999237
400 1760 150.0 9998 1362 4.63199996948
400 1760 50.0 9932 471 4.62200021744
400 1840 150.0 9995 1317 4.57899999619
400 1840 50.0 9945 456 4.64900016785
400 1920 150.0 9994 1444 4.66200017929
400 1920 50.0 9915 422 4.66800022125
400 2000 150.0 9995 1456 4.70399999619
400 2000 50.0 9919 446 4.68800020218
400 400 150.0 9985 1930 30.6599998474
400 400 50.0 9988 1194 30.7399997711
400 480 150.0 9998 1250 18.1399993896
400 480 50.0 9996 622 18.2700004578
400 560 150.0 9997 1270 11.9099998474
400 560 50.0 9998 623 11.9300003052
400 640 150.0 9994 1297 8.71500015259
400 640 50.0 9995 565 8.66800022125
400 720 150.0 9999 1251 6.875
400 720 50.0 9993 607 6.89099979401
400 800 150.0 9997 1319 5.83900022507
400 800 50.0 9995 590 5.84499979019
400 880 150.0 9998 1341 5.3060002327
400 880 50.0 9993 618 5.27799987793
400 960 150.0 9999 1371 4.94899988174
400 960 50.0 9994 608 4.95800018311
480 1040 150.0 9998 1414 1.43099999428
480 1040 50.0 9992 695 1.43599998951
480 1120 150.0 9997 1458 1.36000001431
480 1120 50.0 9992 700 1.36199998856
480 1200 150.0 9998 1472 1.30900001526
480 1200 50.0 9988 661 1.30700004101
480 1280 150.0 9997 1431 1.29400002956
480 1280 50.0 9989 713 1.27999997139
480 1360 150.0 9997 1446 1.26800000668
480 1360 50.0 9985 658 1.27499997616
480 1440 150.0 9994 1441 1.26600003242
480 1440 50.0 9977 665 1.26600003242
480 1520 150.0 9999 1399 1.26199996471
480 1520 50.0 9976 671 1.26699995995
480 1600 150.0 9998 1468 1.26900005341
480 1600 50.0 9974 648 1.27499997616
480 1680 150.0 9997 1450 1.27900004387
480 1680 50.0 9964 604 1.28900003433
480 1760 150.0 9995 1442 1.28299999237
480 1760 50.0 9960 554 1.27699995041
480 1840 150.0 10000 1455 1.27999997139
480 1840 50.0 9955 593 1.29100000858
480 1920 150.0 9999 1465 1.29600000381
480 1920 50.0 9940 510 1.29400002956
480 2000 150.0 9997 1487 1.30799996853
480 2000 50.0 9921 485 1.30400002003
480 400 150.0 9992 1912 18.4799995422
480 400 50.0 9984 1305 18.6299991608
480 480 150.0 9992 2068 10.3699998856
480 480 50.0 9986 1287 10.2100000381
480 560 150.0 9996 1307 6.14300012589
480 560 50.0 9997 757 6.21400022507
480 640 150.0 9999 1319 4.03599977493
480 640 50.0 9995 666 4.05999994278
480 720 150.0 9997 1312 2.87299990654
480 720 50.0 9996 706 2.89800000191
480 800 150.0 9998 1377 2.19499993324
480 800 50.0 9995 682 2.20399999619
480 880 150.0 9999 1334 1.82000005245
480 880 50.0 9991 723 1.82799994946
480 960 150.0 9993 1357 1.5759999752
480 960 50.0 9994 705 1.58500003815
560 1040 150.0 9998 1411 0.538399994373
560 1040 50.0 9998 749 0.537999987602
560 1040 500.0 9962 1400 0.5325999856
560 1120 150.0 9999 1416 0.475600004196
560 1120 50.0 9995 751 0.482600003481
560 1120 500.0 9949 1319 0.475899994373
560 1200 150.0 9996 1377 0.443599998951
560 1200 50.0 9989 719 0.449900001287
560 1200 500.0 9953 1327 0.441300004721
560 1280 150.0 9997 1391 0.425599992275
560 1280 50.0 9995 705 0.42689999938
560 1280 500.0 9945 1329 0.418999999762
560 1360 150.0 9997 1481 0.406500011683
560 1360 50.0 9989 733 0.412000000477
560 1360 500.0 9956 1356 0.40419998765
560 1440 150.0 9996 1424 0.399399995804
560 1440 50.0 9990 691 0.402900010347
560 1440 500.0 9928 1390 0.399800002575
560 1520 150.0 10000 1470 0.402500003576
560 1520 50.0 9980 715 0.404700011015
560 1520 500.0 9953 1351 0.396699994802
560 1600 150.0 9998 1555 0.4007999897
560 1600 50.0 9982 680 0.402999997139
560 1600 500.0 9933 1292 0.398099988699
560 1680 150.0 9997 1452 0.400299996138
560 1680 50.0 9972 670 0.40110000968
560 1680 500.0 9929 1354 0.400099992752
560 1760 150.0 10000 1439 0.401800006628
560 1760 50.0 9976 612 0.406199991703
560 1760 500.0 9924 1354 0.402300000191
560 1840 150.0 9999 1483 0.408199995756
560 1840 50.0 9965 586 0.405099987984
560 1840 500.0 9948 1282 0.410800009966
560 1920 150.0 9999 1485 0.404799997807
560 1920 50.0 9957 588 0.407099992037
560 1920 500.0 9940 1409 0.402799993753
560 2000 150.0 9999 1514 0.408399999142
560 2000 50.0 9954 557 0.411500006914
560 2000 500.0 9940 1365 0.412600010633
560 400 150.0 9993 2003 13.1099996567
560 400 50.0 9984 1413 13.1599998474
560 480 150.0 9997 2054 6.8109998703
560 480 50.0 9995 1445 6.91200017929
560 560 150.0 9996 2118 3.882999897
560 560 50.0 9992 1384 3.90300011635
560 560 500.0 9951 1732 3.89700007439
560 640 150.0 9997 1389 2.37800002098
560 640 50.0 9997 824 2.41400003433
560 640 500.0 9957 1198 2.34999990463
560 720 150.0 10000 1389 1.53600001335
560 720 50.0 9997 775 1.56700003147
560 720 500.0 9961 1316 1.5379999876
560 800 150.0 9998 1388 1.0720000267
560 800 50.0 9998 737 1.07400000095
560 800 500.0 9956 1308 1.06200003624
560 880 150.0 9999 1348 0.805400013924
560 880 50.0 9997 754 0.806400001049
560 880 500.0 9957 1397 0.794000029564
560 960 150.0 9997 1341 0.631699979305
560 960 50.0 9993 766 0.64209997654
560 960 500.0 9963 1298 0.628700017929
640 1040 150.0 9999 1381 0.247199997306
640 1040 50.0 9996 838 0.251399993896
640 1040 500.0 9984 1323 0.246800005436
640 1120 150.0 9997 1320 0.204099997878
640 1120 50.0 9995 813 0.206200003624
640 1120 500.0 9973 1354 0.20039999485
640 1200 150.0 9998 1328 0.177699998021
640 1200 50.0 9994 833 0.178299993277
640 1200 500.0 9980 1328 0.174700006843
640 1280 150.0 9999 1364 0.159400001168
640 1280 50.0 9994 789 0.161799997091
640 1280 500.0 9984 1358 0.15870000422
640 1360 150.0 9996 1403 0.15189999342
640 1360 50.0 9993 774 0.151399999857
640 1360 500.0 9968 1329 0.149000003934
640 1440 150.0 9999 1442 0.142499998212
640 1440 50.0 9992 762 0.145300000906
640 1440 500.0 9981 1357 0.143000006676
640 1520 150.0 10000 1496 0.138799995184
640 1520 50.0 9991 771 0.142399996519
640 1520 500.0 9967 1427 0.139899998903
640 1600 150.0 9997 1525 0.139200001955
640 1600 50.0 9988 726 0.140200003982
640 1600 500.0 9965 1363 0.138799995184
640 1680 150.0 9998 1520 0.137999996543
640 1680 50.0 9977 681 0.138400003314
640 1680 500.0 9970 1421 0.137700006366
640 1760 150.0 9998 1488 0.138199999928
640 1760 50.0 9986 689 0.139599993825
640 1760 500.0 9981 1442 0.138300001621
640 1840 150.0 7995 1194 0.139100000262
640 1840 50.0 9968 672 0.139699995518
640 1840 500.0 9971 1425 0.138699993491
640 1920 50.0 9969 645 0.140400007367
640 1920 500.0 9968 1460 0.139400005341
640 2000 150.0 9997 1479 0.141699999571
640 2000 50.0 9948 584 0.141599997878
640 2000 500.0 9979 1466 0.142000004649
640 400 150.0 9986 2021 10.0399999619
640 400 50.0 9986 1326 10.2399997711
640 480 150.0 9998 2080 5.05800008774
640 480 50.0 9991 1493 5.14900016785
640 560 150.0 9993 2237 2.73000001907
640 560 50.0 9989 1496 2.80399990082
640 560 500.0 9954 1690 2.68600010872
640 640 150.0 9996 2226 1.60000002384
640 640 50.0 9997 1367 1.63199996948
640 640 500.0 9955 1862 1.59200000763
640 720 150.0 9997 1444 0.98710000515
640 720 50.0 9994 838 0.991299986839
640 720 500.0 9989 1215 0.968400001526
640 800 150.0 9997 1332 0.645600020885
640 800 50.0 9995 807 0.643899977207
640 800 500.0 9977 1291 0.625800013542
640 880 150.0 10000 1404 0.438499987125
640 880 50.0 9996 801 0.441300004721
640 880 500.0 9980 1274 0.428099989891
640 960 150.0 9999 1365 0.319900006056
640 960 50.0 9998 754 0.320899993181
640 960 500.0 9980 1284 0.316100001335
720 1040 150.0 10000 1325 0.135499998927
720 1040 50.0 9998 874 0.137299999595
720 1040 500.0 9987 1298 0.132100000978
720 1120 150.0 9998 1294 0.10379999876
720 1120 50.0 9994 842 0.104800000787
720 1120 500.0 9990 1313 0.0997999981046
720 1200 150.0 10000 1457 0.0816999971867
720 1200 50.0 9996 856 0.0832000002265
720 1200 500.0 9990 1320 0.0807999968529
720 1280 150.0 9999 1388 0.0702000036836
720 1280 50.0 9998 815 0.0702999979258
720 1280 500.0 9986 1336 0.0678000003099
720 1360 150.0 10000 1455 0.0621000006795
720 1360 50.0 9996 802 0.0625
720 1360 500.0 9983 1291 0.0604000017047
720 1440 150.0 10000 1401 0.0575000010431
720 1440 50.0 9990 841 0.0577999986708
720 1440 500.0 9974 1414 0.0557000003755
720 1520 150.0 9999 1457 0.0546000003815
720 1520 50.0 9994 760 0.054699998349
720 1520 500.0 9976 1448 0.0533999986947
720 1600 50.0 9987 830 0.0526000000536
720 1600 500.0 9982 1410 0.0522000007331
720 1680 50.0 9992 779 0.0524000003934
720 1680 500.0 9980 1450 0.0509000010788
720 1760 150.0 9999 1457 0.0513000003994
720 1760 50.0 9982 735 0.0513999983668
720 1760 500.0 9982 1416 0.0509000010788
720 1840 150.0 9997 1559 0.0516999997199
720 1840 50.0 9985 711 0.0511000007391
720 1840 500.0 9987 1416 0.0509999990463
720 1920 150.0 10000 1528 0.0511000007391
720 1920 50.0 9976 671 0.0518999993801
720 1920 500.0 9978 1467 0.0515000000596
720 2000 150.0 9999 1604 0.0520999990404
720 2000 50.0 9976 641 0.0524000003934
720 2000 500.0 9976 1428 0.0520000010729
720 400 150.0 9998 2094 8.38399982452
720 400 50.0 9984 1371 8.44400024414
720 480 150.0 9993 2172 3.94499993324
720 480 50.0 9995 1495 4.02500009537
720 560 150.0 9996 2311 2.12400007248
720 560 50.0 9995 1542 2.15499997139
720 560 500.0 9958 1672 2.07299995422
720 640 150.0 9997 2297 1.19099998474
720 640 50.0 9999 1585 1.2159999609
720 640 500.0 9955 1830 1.16700005531
720 720 150.0 9993 2172 0.712400019169
720 720 50.0 9996 1414 0.717000007629
720 720 500.0 9964 1808 0.701200008392
720 800 150.0 10000 1502 0.4375
720 800 50.0 9996 911 0.442999988794
720 800 500.0 9984 1291 0.430999994278
720 880 150.0 9999 1440 0.2799000144
720 880 50.0 9995 833 0.281599998474
720 880 500.0 9990 1246 0.275999993086
720 960 150.0 10000 1322 0.190999999642
720 960 50.0 9997 835 0.192100003362
720 960 500.0 9988 1284 0.18449999392
800 1040 150.0 10000 1333 0.085199996829
800 1040 50.0 10000 885 0.0876000002027
800 1040 500.0 9990 1283 0.083599999547
800 1120 150.0 10000 1359 0.0601000003517
800 1120 50.0 9998 819 0.0615000016987
800 1120 500.0 9993 1305 0.0581000000238
800 1200 150.0 10000 1368 0.0452000014484
800 1200 50.0 10000 843 0.0458000004292
800 1200 500.0 9986 1317 0.0434999987483
800 1280 150.0 10000 1459 0.0355000011623
800 1280 50.0 9998 854 0.0361000001431
800 1280 500.0 9992 1255 0.0340999998152
800 1360 150.0 10000 1401 0.0294000003487
800 1360 50.0 9996 840 0.0299999993294
800 1360 500.0 9986 1305 0.0283000003546
800 1440 150.0 10000 1410 0.0255999993533
800 1440 50.0 9996 841 0.0258000008762
800 1440 500.0 9985 1333 0.0244999993593
800 1520 150.0 10000 1463 0.0230999998748
800 1520 50.0 9998 801 0.0234999991953
800 1520 500.0 9995 1421 0.0225000008941
800 1600 50.0 9993 809 0.0218000002205
800 1600 500.0 9985 1350 0.021099999547
800 1680 150.0 9999 1493 0.0207000002265
800 1680 50.0 9988 748 0.0209999997169
800 1680 500.0 9986 1377 0.0201999992132
800 1760 150.0 9998 1464 0.020300000906
800 1760 50.0 9984 741 0.0207000002265
800 1760 500.0 9986 1418 0.0197999998927
800 1840 150.0 10000 1544 0.0201999992132
800 1840 50.0 9987 714 0.020300000906
800 1840 500.0 9977 1422 0.0197999998927
800 1920 150.0 10000 1501 0.0200999993831
800 1920 50.0 9980 670 0.0201999992132
800 1920 500.0 9983 1497 0.0197000000626
800 2000 150.0 9996 1522 0.020300000906
800 2000 50.0 9975 664 0.0204000007361
800 2000 500.0 7988 1152 0.0197999998927
800 400 150.0 9995 2117 7.12900018692
800 400 50.0 9988 1395 7.26999998093
800 480 150.0 9992 2259 3.367000103
800 480 50.0 9992 1514 3.43499994278
800 560 150.0 9995 2384 1.72699999809
800 560 50.0 9992 1611 1.74699997902
800 560 500.0 9954 1710 1.69799995422
800 640 150.0 9998 2407 0.952600002289
800 640 50.0 9990 1514 0.96020001173
800 640 500.0 9967 1844 0.936500012875
800 720 150.0 9998 2383 0.547200024128
800 720 50.0 10000 1519 0.556299984455
800 720 500.0 9970 1888 0.534799993038
800 800 150.0 9999 2280 0.326400011778
800 800 50.0 9993 1310 0.330500006676
800 800 500.0 9976 1957 0.319299995899
800 880 50.0 9996 975 0.204799994826
800 880 500.0 9990 1311 0.194399997592
800 960 150.0 10000 1389 0.128700003028
800 960 50.0 9997 876 0.130500003695
800 960 500.0 9988 1307 0.126699998975
880 1040 150.0 10000 1429 0.0610000006855
880 1040 50.0 9998 836 0.0619999989867
880 1040 500.0 9995 1321 0.0601999983191
880 1120 150.0 9999 1435 0.0403999984264
880 1120 50.0 9996 800 0.0414999984205
880 1120 500.0 9995 1284 0.0390000008047
880 1200 150.0 10000 1333 0.0278999991715
880 1200 50.0 9999 859 0.0287999995053
880 1200 500.0 9988 1265 0.0271000005305
880 1280 150.0 9998 1372 0.0207000002265
880 1280 50.0 9998 832 0.0209999997169
880 1280 500.0 9995 1329 0.0195000004023
880 1360 150.0 9999 1426 0.0157999992371
880 1360 50.0 9994 784 0.0163000002503
880 1360 500.0 9993 1241 0.0149999996647
880 1440 150.0 10000 1377 0.0127999996766
880 1440 50.0 9996 829 0.0131000000983
880 1440 500.0 9996 1339 0.0120999999344
880 1520 150.0 10000 1424 0.0109000001103
880 1520 50.0 9996 874 0.0113000003621
880 1520 500.0 9991 1297 0.0104999998584
880 1600 150.0 10000 1421 0.00980000011623
880 1600 50.0 9988 789 0.00999999977648
880 1600 500.0 9988 1291 0.00920000020415
880 1680 150.0 9999 1488 0.00899999961257
880 1680 50.0 9991 835 0.00920000020415
880 1680 500.0 9992 1375 0.00860000029206
880 1760 150.0 10000 1468 0.00860000029206
880 1760 50.0 9994 771 0.00879999995232
880 1760 500.0 9987 1385 0.00829999987036
880 1840 150.0 10000 1517 0.00820000004023
880 1840 50.0 9987 746 0.00850000046194
880 1840 500.0 9984 1369 0.00800000037998
880 1920 150.0 9999 1499 0.00829999987036
880 1920 50.0 9990 773 0.00839999970049
880 1920 500.0 9987 1389 0.00800000037998
880 2000 150.0 10000 1462 0.00820000004023
880 2000 50.0 9982 679 0.00829999987036
880 2000 500.0 9986 1446 0.00800000037998
880 400 150.0 9995 2109 6.30000019073
880 400 50.0 9986 1475 6.40399980545
880 480 150.0 9995 2362 2.90300011635
880 480 50.0 9991 1542 2.96700000763
880 560 150.0 9995 2414 1.46800005436
880 560 50.0 9994 1539 1.49899995327
880 560 500.0 9949 1739 1.4470000267
880 640 150.0 9996 2388 0.784500002861
880 640 50.0 9995 1581 0.80680000782
880 640 500.0 9961 1830 0.775499999523
880 720 150.0 9997 2363 0.446000009775
880 720 50.0 9995 1552 0.455500006676
880 720 500.0 9969 1980 0.4375
880 800 150.0 9996 2411 0.259999990463
880 800 50.0 9996 1429 0.263300001621
880 800 500.0 9974 2036 0.252000004053
880 880 150.0 9998 2303 0.155000001192
880 880 50.0 9999 1318 0.157000005245
880 880 500.0 9975 1954 0.152700006962
880 960 50.0 9996 952 0.0970999971032
880 960 500.0 9996 1330 0.0935999974608
960 1040 150.0 10000 1641 0.0471000000834
960 1040 50.0 9999 985 0.0480999983847
960 1040 500.0 9992 1380 0.0456999987364
960 1120 150.0 10000 1428 0.0296999998391
960 1120 50.0 9996 951 0.0306000001729
960 1120 500.0 9992 1222 0.028599999845
960 1200 150.0 9995 1393 0.0196000002325
960 1200 50.0 9993 905 0.020300000906
960 1200 500.0 9993 1340 0.0187999997288
960 1280 150.0 10000 1310 0.0135000003502
960 1280 50.0 9993 822 0.0138999996707
960 1280 500.0 9993 1298 0.0126999998465
960 1360 150.0 9999 1376 0.0097000002861
960 1360 50.0 9992 856 0.00999999977648
960 1360 500.0 9996 1271 0.00899999961257
960 1440 150.0 9998 1394 0.00719999987632
960 1440 50.0 11995 996 0.00760000012815
960 1440 500.0 9995 1223 0.00680000009015
960 1520 150.0 9999 1424 0.00579999992624
960 1520 50.0 9994 826 0.00600000005215
960 1520 500.0 9993 1297 0.00540000014007
960 1600 150.0 9999 1428 0.00490000005811
960 1600 50.0 9985 858 0.00520000001416
960 1600 500.0 9991 1319 0.00449999980628
960 1680 150.0 9998 1488 0.00430000014603
960 1680 50.0 9993 824 0.00449999980628
960 1680 500.0 9996 1339 0.00400000018999
960 1760 150.0 9999 1516 0.0038999998942
960 1760 50.0 9992 805 0.00410000002012
960 1760 500.0 9990 1347 0.00370000000112
960 1840 150.0 10000 1540 0.00359999993816
960 1840 50.0 9993 789 0.00380000006407
960 1840 500.0 9988 1414 0.00350000010803
960 1920 150.0 10000 1568 0.00359999993816
960 1920 50.0 9990 763 0.00370000000112
960 1920 500.0 9993 1381 0.00340000004508
960 2000 150.0 9998 1499 0.00350000010803
960 2000 50.0 9983 699 0.00359999993816
960 2000 500.0 9992 1447 0.00340000004508
960 400 150.0 9992 2182 5.70200014114
960 400 50.0 9983 1397 5.73600006104
960 480 150.0 9993 2325 2.60700011253
960 480 50.0 9990 1553 2.63100004196
960 560 150.0 9992 2418 1.30599999428
960 560 50.0 9993 1610 1.31299996376
960 560 500.0 9957 1797 1.27300000191
960 640 150.0 9997 2393 0.694299995899
960 640 50.0 9995 1601 0.701099991798
960 640 500.0 9951 1869 0.67720001936
960 720 150.0 9997 2514 0.379299998283
960 720 50.0 9997 1617 0.386799991131
960 720 500.0 9969 1999 0.37160000205
960 800 150.0 9999 2456 0.218799993396
960 800 50.0 9995 1574 0.221499994397
960 800 500.0 9971 2070 0.211300000548
960 880 150.0 9996 2453 0.127700001001
960 880 50.0 9993 1436 0.130799993873
960 880 500.0 9981 2134 0.124499998987
960 960 150.0 10000 2231 0.0772000029683
960 960 50.0 9997 1353 0.077699996531
960 960 500.0 9984 2016 0.0746000036597

