400 1040 375 2.715E-09
400 1120 375 2.482E-09
400 1200 375 2.314E-09
400 1280 375 2.160E-09
400 1360 375 2.034E-09
400 1440 375 1.927E-09
400 1520 375 1.835E-09
400 1600 375 1.739E-09
400 1680 375 1.661E-09
400 1760 375 1.602E-09
400 1840 375 1.551E-09
400 1920 375 1.476E-09
400 2000 375 1.437E-09
400 400 375 2.040E-08
400 480 375 1.127E-08
400 560 375 7.467E-09
400 640 375 5.614E-09
400 720 375 4.522E-09
400 800 375 3.833E-09
400 840 375 3.356E-09
400 880 375 3.372E-09
400 960 375 3.022E-09
400 960 375 3.034E-09
480 1040 375 1.217E-09
480 1040 375 1.251E-09
480 1120 375 1.105E-09
480 1120 375 1.106E-09
480 1200 375 1.022E-09
480 1200 375 1.024E-09
480 1280 375 9.483E-10
480 1360 375 8.881E-10
480 1360 375 8.929E-10
480 1440 375 8.287E-10
480 1440 375 8.302E-10
480 1520 375 7.821E-10
480 1520 375 7.884E-10
480 1600 375 7.393E-10
480 1600 375 7.414E-10
480 1680 375 7.004E-10
480 1760 375 6.598E-10
480 1760 375 6.700E-10
480 1840 375 6.398E-10
480 1840 375 6.444E-10
480 1920 375 6.078E-10
480 1920 375 6.130E-10
480 2000 375 5.941E-10
480 2000 375 6.055E-10
480 400 375 1.274E-08
480 400 375 1.296E-08
480 480 375 6.653E-09
480 560 375 4.032E-09
480 560 375 4.041E-09
480 640 375 2.822E-09
480 640 375 2.854E-09
480 720 375 2.144E-09
480 720 375 2.172E-09
480 800 375 1.785E-09
480 800 375 1.793E-09
480 880 375 1.557E-09
480 960 375 1.355E-09
480 960 375 1.384E-09
560 1040 375 6.044E-10
560 1040 375 6.057E-10
560 1120 375 5.414E-10
560 1120 375 5.501E-10
560 1200 375 4.989E-10
560 1200 375 5.035E-10
560 1280 375 4.598E-10
560 1280 375 4.664E-10
560 1360 375 4.303E-10
560 1440 375 4.030E-10
560 1440 375 4.067E-10
560 1520 375 3.775E-10
560 1520 375 3.909E-10
560 1600 375 3.568E-10
560 1600 375 3.573E-10
560 1680 375 3.356E-10
560 1680 375 3.385E-10
560 1760 375 3.224E-10
560 1840 375 3.045E-10
560 1840 375 3.062E-10
560 1920 375 2.899E-10
560 1920 375 2.900E-10
560 2000 375 2.768E-10
560 2000 375 2.769E-10
560 400 375 8.966E-09
560 400 375 9.029E-09
560 480 375 4.139E-09
560 480 375 4.154E-09
560 560 375 2.434E-09
560 640 375 1.565E-09
560 640 375 1.574E-09
560 720 375 1.155E-09
560 720 375 1.168E-09
560 800 375 9.230E-10
560 800 375 9.271E-10
560 880 375 7.748E-10
560 880 375 7.787E-10
560 960 375 6.784E-10
640 1040 375 3.156E-10
640 1120 375 2.856E-10
640 1120 375 2.857E-10
640 1200 375 2.590E-10
640 1200 375 2.611E-10
640 1280 375 2.383E-10
640 1280 375 2.399E-10
640 1360 375 2.222E-10
640 1360 375 2.240E-10
640 1440 375 2.102E-10
640 1520 375 1.955E-10
640 1520 375 1.958E-10
640 1600 375 1.844E-10
640 1600 375 1.847E-10
640 1680 375 1.734E-10
640 1680 375 1.737E-10
640 1760 375 1.654E-10
640 1760 375 1.698E-10
640 1840 375 1.579E-10
640 1920 375 1.482E-10
640 1920 375 1.488E-10
640 2000 375 1.421E-10
640 2000 375 1.426E-10
640 400 375 6.947E-09
640 400 375 6.953E-09
640 480 375 2.919E-09
640 480 375 2.920E-09
640 560 375 1.544E-09
640 560 375 1.551E-09
640 640 375 1.027E-09
640 720 375 6.690E-10
640 720 375 6.766E-10
640 800 375 5.159E-10
640 800 375 5.166E-10
640 880 375 4.217E-10
640 880 375 4.249E-10
640 960 375 3.588E-10
640 960 375 3.612E-10
720 1040 375 1.736E-10
720 1040 375 1.737E-10
720 1120 375 1.557E-10
720 1200 375 1.408E-10
720 1200 375 1.413E-10
720 1280 375 1.294E-10
720 1280 375 1.317E-10
720 1360 375 1.208E-10
720 1360 375 1.217E-10
720 1440 375 1.122E-10
720 1440 375 1.131E-10
720 1520 375 1.065E-10
720 1600 375 1.013E-10
720 1600 375 9.913E-11
720 1680 375 9.427E-11
720 1680 375 9.590E-11
720 1760 375 9.032E-11
720 1760 375 9.040E-11
720 1840 375 8.432E-11
720 1840 375 8.677E-11
720 1920 375 8.088E-11
720 2000 375 7.771E-11
720 2000 375 7.813E-11
720 400 375 5.911E-09
720 400 375 5.954E-09
720 480 375 2.183E-09
720 480 375 2.214E-09
720 560 375 1.047E-09
720 560 375 1.064E-09
720 640 375 6.158E-10
720 640 375 6.191E-10
720 720 375 4.641E-10
720 800 375 3.008E-10
720 800 375 3.043E-10
720 880 375 2.372E-10
720 880 375 2.394E-10
720 960 375 1.987E-10
720 960 375 1.996E-10
800 1040 375 9.880E-11
800 1040 375 9.902E-11
800 1120 375 8.741E-11
800 1120 375 8.815E-11
800 1200 375 7.959E-11
800 1280 375 7.169E-11
800 1280 375 7.258E-11
800 1360 375 6.771E-11
800 1360 375 6.788E-11
800 1440 375 6.240E-11
800 1440 375 6.270E-11
800 1520 375 5.891E-11
800 1520 375 5.894E-11
800 1600 375 5.637E-11
800 1680 375 5.248E-11
800 1680 375 5.282E-11
800 1760 375 4.975E-11
800 1760 375 5.015E-11
800 1840 375 4.707E-11
800 1840 375 4.795E-11
800 1920 375 4.475E-11
800 1920 375 4.501E-11
800 2000 375 4.385E-11
800 400 375 5.304E-09
800 480 375 1.806E-09
800 480 375 1.818E-09
800 560 375 7.947E-10
800 560 375 7.951E-10
800 640 375 4.193E-10
800 640 375 4.206E-10
800 720 375 2.639E-10
800 720 375 2.684E-10
800 800 375 2.142E-10
800 880 375 1.420E-10
800 880 375 1.432E-10
800 960 375 1.147E-10
800 960 375 1.155E-10
880 1040 375 5.821E-11
880 1120 375 5.033E-11
880 1200 375 4.490E-11
880 1280 375 4.102E-11
880 1360 375 3.834E-11
880 1360 375 3.846E-11
880 1440 375 3.567E-11
880 1440 375 3.569E-11
880 1520 375 3.354E-11
880 1520 375 3.361E-11
880 1600 375 3.157E-11
880 1600 375 3.174E-11
880 1680 375 3.039E-11
880 1760 375 2.853E-11
880 1760 375 2.865E-11
880 1840 375 2.726E-11
880 1840 375 2.755E-11
880 1920 375 2.581E-11
880 1920 375 2.616E-11
880 2000 375 2.457E-11
880 2000 375 2.476E-11
880 400 375 4.954E-09
880 400 375 4.971E-09
880 480 375 1.576E-09
880 560 375 6.256E-10
880 640 375 3.093E-10
880 720 375 1.777E-10
880 800 375 1.217E-10
880 960 375 6.944E-11
960 1040 375 3.480E-11
960 1040 375 3.545E-11
960 1120 375 3.010E-11
960 1120 375 3.019E-11
960 1200 375 2.632E-11
960 1200 375 2.661E-11
960 1280 375 2.414E-11
960 1360 375 2.209E-11
960 1440 375 2.046E-11
960 1440 375 2.052E-11
960 1520 375 1.907E-11
960 1520 375 1.933E-11
960 1600 375 1.825E-11
960 1600 375 1.841E-11
960 1680 375 1.732E-11
960 1680 375 1.749E-11
960 1760 375 1.648E-11
960 1840 375 1.574E-11
960 1840 375 1.575E-11
960 1920 375 1.509E-11
960 1920 375 1.516E-11
960 2000 375 1.442E-11
960 2000 375 1.445E-11
960 400 375 4.716E-09
960 400 375 4.763E-09
960 480 375 1.432E-09
960 480 375 1.440E-09
960 560 375 5.323E-10
960 640 375 2.394E-10
960 640 375 2.395E-10
960 720 375 1.282E-10
960 720 375 1.297E-10
960 800 375 8.102E-11
960 800 375 8.123E-11
960 880 375 5.676E-11
960 960 375 5.128E-11
1040 1040 375 2.578E-11
1040 1120 375 1.826E-11
1040 1120 375 1.832E-11
1040 1200 375 1.574E-11
1040 1200 375 1.588E-11
1040 1280 375 1.422E-11
1040 1280 375 1.426E-11
1040 1360 375 1.296E-11
1040 1360 375 1.297E-11
1040 1440 375 1.215E-11
1040 1520 375 1.138E-11
1040 1520 375 1.149E-11
1040 1600 375 1.062E-11
1040 1600 375 1.072E-11
1040 1680 375 1.016E-11
1040 1680 375 1.023E-11
1040 1760 375 9.693E-12
1040 1760 375 9.746E-12
1040 1840 375 9.392E-12
1040 1920 375 8.890E-12
1040 1920 375 8.901E-12
1040 2000 375 8.387E-12
1040 2000 375 8.419E-12
1040 400 375 4.662E-09
1040 400 375 4.664E-09
1040 480 375 1.356E-09
1040 480 375 1.358E-09
1040 560 375 4.724E-10
1040 560 375 4.735E-10
1040 640 375 2.006E-10
1040 720 375 9.820E-11
1040 720 375 9.887E-11
1040 800 375 5.708E-11
1040 800 375 5.794E-11
1040 880 375 3.805E-11
1040 880 375 3.815E-11
1040 960 375 2.779E-11
1040 960 375 2.818E-11
1120 1040 375 1.404E-11
1120 1040 375 1.417E-11
1120 1120 375 1.340E-11
1120 1200 375 9.737E-12
1120 1200 375 9.765E-12
1120 1280 375 8.572E-12
1120 1280 375 8.605E-12
1120 1360 375 7.701E-12
1120 1360 375 7.790E-12
1120 1440 375 7.160E-12
1120 1440 375 7.281E-12
1120 1520 375 6.704E-12
1120 1600 375 6.311E-12
1120 1600 375 6.413E-12
1120 1680 375 6.038E-12
1120 1680 375 6.086E-12
1120 1760 375 5.733E-12
1120 1760 375 5.748E-12
1120 1840 375 5.505E-12
1120 1840 375 5.514E-12
1120 1920 375 5.237E-12
1120 2000 375 5.073E-12
1120 2000 375 5.095E-12
1120 400 375 4.547E-09
1120 400 375 4.610E-09
1120 480 375 1.316E-09
1120 480 375 1.317E-09
1120 560 375 4.418E-10
1120 560 375 4.428E-10
1120 640 375 1.742E-10
1120 640 375 1.743E-10
1120 720 375 8.026E-11
1120 800 375 4.355E-11
1120 800 375 4.366E-11
1120 880 375 2.661E-11
1120 960 375 1.860E-11
1120 960 375 1.884E-11
1200 1040 375 9.456E-12
1200 1040 375 9.545E-12
1200 1120 375 7.413E-12
1200 1120 375 7.459E-12
1200 1200 375 7.136E-12
1200 1280 375 5.328E-12
1200 1360 375 4.801E-12
1200 1360 375 4.864E-12
1200 1440 375 4.370E-12
1200 1440 375 4.395E-12
1200 1520 375 4.072E-12
1200 1520 375 4.074E-12
1200 1600 375 3.847E-12
1200 1680 375 3.649E-12
1200 1680 375 3.663E-12
1200 1760 375 3.455E-12
1200 1760 375 3.517E-12
1200 1840 375 3.328E-12
1200 1840 375 3.331E-12
1200 1920 375 3.194E-12
1200 1920 375 3.225E-12
1200 2000 375 3.070E-12
1200 400 375 4.602E-09
1200 480 375 1.265E-09
1200 480 375 1.271E-09
1200 560 375 4.191E-10
1200 560 375 4.206E-10
1200 640 375 1.592E-10
1200 640 375 1.592E-10
1200 720 375 6.899E-11
1200 720 375 6.953E-11
1200 800 375 3.456E-11
1200 880 375 1.998E-11
1200 960 375 1.311E-11
1200 960 375 1.317E-11
1280 1040 375 6.641E-12
1280 1120 375 5.022E-12
1280 1200 375 4.060E-12
1280 1360 375 3.025E-12
1280 1440 375 2.756E-12
1280 1520 375 2.531E-12
1280 1600 375 2.359E-12
1280 1680 375 2.236E-12
1280 1760 375 2.132E-12
1280 1760 375 2.143E-12
1280 1840 375 2.053E-12
1280 1840 375 2.061E-12
1280 1920 375 1.971E-12
1280 1920 375 1.979E-12
1280 2000 375 1.900E-12
1280 400 375 4.539E-09
1280 400 375 4.554E-09
1280 480 375 1.272E-09
1280 560 375 4.096E-10
1280 560 375 4.110E-10
1280 640 375 1.493E-10
1280 720 375 6.188E-11
1280 800 375 2.899E-11
1280 960 375 9.657E-12
1360 1040 375 4.872E-12
1360 1040 375 4.894E-12
1360 1120 375 3.546E-12
1360 1120 375 3.558E-12
1360 1200 375 2.769E-12
1360 1200 375 2.773E-12
1360 1280 375 2.285E-12
1360 1360 375 2.245E-12
1360 1440 375 1.765E-12
1360 1440 375 1.776E-12
1360 1520 375 1.630E-12
1360 1520 375 1.630E-12
1360 1600 375 1.506E-12
1360 1600 375 1.507E-12
1360 1680 375 1.437E-12
1360 1760 375 1.353E-12
1360 1840 375 1.303E-12
1360 1840 375 1.315E-12
1360 1920 375 1.255E-12
1360 1920 375 1.257E-12
1360 2000 375 1.204E-12
1360 2000 375 1.211E-12
1360 400 375 4.555E-09
1360 400 375 4.571E-09
1360 480 375 1.258E-09
1360 480 375 1.261E-09
1360 560 375 4.001E-10
1360 640 375 1.424E-10
1360 640 375 1.439E-10
1360 720 375 5.692E-11
1360 720 375 5.716E-11
1360 800 375 2.558E-11
1360 800 375 2.595E-11
1360 880 375 1.303E-11
1360 960 375 7.532E-12
1440 1040 375 3.862E-12
1440 1120 375 2.641E-12
1440 1120 375 2.668E-12
1440 1200 375 1.996E-12
1440 1200 375 2.004E-12
1440 1280 375 1.608E-12
1440 1360 375 1.379E-12
1440 1360 375 1.380E-12
1440 1440 375 1.348E-12
1440 1520 375 1.091E-12
1440 1520 375 1.093E-12
1440 1600 375 1.013E-12
1440 1600 375 1.014E-12
1440 1680 375 9.539E-13
1440 1760 375 9.044E-13
1440 1760 375 9.082E-13
1440 1840 375 8.688E-13
1440 1920 375 8.281E-13
1440 1920 375 8.326E-13
1440 2000 375 8.015E-13
1440 2000 375 8.093E-13
1440 400 375 4.516E-09
1440 400 375 4.587E-09
1440 480 375 1.255E-09
1440 480 375 1.274E-09
1440 560 375 3.995E-10
1440 560 375 4.009E-10
1440 640 375 1.400E-10
1440 720 375 5.394E-11
1440 720 375 5.430E-11
1440 800 375 2.346E-11
1440 800 375 2.355E-11
1440 880 375 1.137E-11
1440 960 375 6.211E-12
1440 960 375 6.252E-12
1520 1040 375 3.165E-12
1520 1040 375 3.182E-12
1520 1120 375 2.090E-12
1520 1200 375 1.521E-12
1520 1200 375 1.531E-12
1520 1280 375 1.193E-12
1520 1360 375 9.914E-13
1520 1360 375 9.917E-13
1520 1440 375 8.611E-13
1520 1440 375 8.712E-13
1520 1520 375 8.498E-13
1520 1600 375 7.033E-13
1520 1600 375 7.076E-13
1520 1680 375 6.594E-13
1520 1760 375 6.258E-13
1520 1760 375 6.296E-13
1520 1840 375 6.000E-13
1520 1840 375 6.057E-13
1520 1920 375 5.791E-13
1520 2000 375 5.535E-13
1520 2000 375 5.545E-13
1520 400 375 4.575E-09
1520 400 375 4.608E-09
1520 480 375 1.270E-09
1520 480 375 1.276E-09
1520 560 375 3.959E-10
1520 560 375 3.964E-10
1520 640 375 1.381E-10
1520 640 375 1.392E-10
1520 720 375 5.312E-11
1520 800 375 2.214E-11
1520 800 375 2.230E-11
1520 880 375 1.035E-11
1520 960 375 5.364E-12
1520 960 375 5.428E-12
1600 1040 375 2.751E-12
1600 1040 375 2.752E-12
1600 1120 375 1.740E-12
1600 1120 375 1.743E-12
1600 1200 375 1.210E-12
1600 1280 375 9.397E-13
1600 1360 375 7.605E-13
1600 1360 375 7.618E-13
1600 1440 375 6.512E-13
1600 1440 375 6.534E-13
1600 1520 375 5.820E-13
1600 1520 375 5.848E-13
1600 1600 375 5.736E-13
1600 1680 375 4.898E-13
1600 1760 375 4.639E-13
1600 1760 375 4.690E-13
1600 1840 375 4.407E-13
1600 1840 375 4.458E-13
1600 1920 375 4.225E-13
1600 1920 375 4.259E-13
1600 2000 375 4.134E-13
1600 400 375 4.594E-09
1600 480 375 1.273E-09
1600 480 375 1.275E-09
1600 560 375 3.979E-10
1600 560 375 3.989E-10
1600 640 375 1.379E-10
1600 640 375 1.406E-10
1600 720 375 5.188E-11
1600 720 375 5.245E-11
1600 800 375 2.131E-11
1600 880 375 9.707E-12
1600 960 375 4.818E-12
1600 960 375 4.865E-12
1680 1040 375 2.477E-12
1680 1120 375 1.528E-12
1680 1200 375 1.039E-12
1680 1360 375 6.201E-13
1680 1440 375 5.295E-13
1680 1520 375 4.637E-13
1680 1600 375 4.295E-13
1680 1760 375 3.692E-13
1680 1840 375 3.553E-13
1680 1920 375 3.364E-13
1680 2000 375 3.281E-13
1680 400 375 4.578E-09
1680 400 375 4.667E-09
1680 480 375 1.282E-09
1680 560 375 3.990E-10
1680 560 375 4.017E-10
1680 640 375 1.394E-10
1680 720 375 5.174E-11
1680 800 375 2.104E-11
1680 960 375 4.549E-12
1760 1040 375 2.290E-12
1760 1040 375 2.325E-12
1760 1120 375 1.381E-12
1760 1120 375 1.382E-12
1760 1200 375 9.140E-13
1760 1200 375 9.252E-13
1760 1280 375 6.748E-13
1760 1360 375 5.328E-13
1760 1440 375 4.466E-13
1760 1440 375 4.472E-13
1760 1520 375 3.877E-13
1760 1520 375 3.938E-13
1760 1600 375 3.534E-13
1760 1600 375 3.547E-13
1760 1680 375 3.279E-13
1760 1760 375 3.244E-13
1760 1840 375 2.945E-13
1760 1840 375 2.952E-13
1760 1920 375 2.807E-13
1760 1920 375 2.812E-13
1760 2000 375 2.705E-13
1760 2000 375 2.715E-13
1760 400 375 4.577E-09
1760 400 375 4.584E-09
1760 480 375 1.274E-09
1760 480 375 1.277E-09
1760 560 375 4.000E-10
1760 640 375 1.393E-10
1760 640 375 1.397E-10
1760 720 375 5.130E-11
1760 720 375 5.158E-11
1760 800 375 2.093E-11
1760 800 375 2.100E-11
1760 880 375 9.053E-12
1760 960 375 4.346E-12
1840 1040 375 2.192E-12
1840 1120 375 1.282E-12
1840 1120 375 1.288E-12
1840 1200 375 8.359E-13
1840 1200 375 8.423E-13
1840 1280 375 6.076E-13
1840 1360 375 4.727E-13
1840 1360 375 4.801E-13
1840 1440 375 3.981E-13
1840 1520 375 3.447E-13
1840 1520 375 3.450E-13
1840 1600 375 3.122E-13
1840 1600 375 3.161E-13
1840 1680 375 2.856E-13
1840 1760 375 2.698E-13
1840 1760 375 2.717E-13
1840 1840 375 2.698E-13
1840 1920 375 2.458E-13
1840 1920 375 2.466E-13
1840 2000 375 2.384E-13
1840 2000 375 2.404E-13
1840 400 375 4.588E-09
1840 400 375 4.668E-09
1840 480 375 1.282E-09
1840 480 375 1.285E-09
1840 560 375 4.032E-10
1840 560 375 4.081E-10
1840 640 375 1.400E-10
1840 720 375 5.148E-11
1840 720 375 5.210E-11
1840 800 375 2.064E-11
1840 800 375 2.086E-11
1840 880 375 9.010E-12
1840 960 375 4.243E-12
1840 960 375 4.264E-12
1920 1040 375 2.136E-12
1920 1040 375 2.139E-12
1920 1120 375 1.218E-12
1920 1200 375 7.902E-13
1920 1200 375 7.979E-13
1920 1280 375 5.593E-13
1920 1360 375 4.346E-13
1920 1360 375 4.347E-13
1920 1440 375 3.658E-13
1920 1440 375 3.669E-13
1920 1520 375 3.138E-13
1920 1600 375 2.860E-13
1920 1600 375 2.879E-13
1920 1680 375 2.630E-13
1920 1760 375 2.480E-13
1920 1760 375 2.493E-13
1920 1840 375 2.356E-13
1920 1840 375 2.374E-13
1920 1920 375 2.322E-13
1920 2000 375 2.177E-13
1920 2000 375 2.193E-13
1920 400 375 4.591E-09
1920 400 375 4.671E-09
1920 480 375 1.277E-09
1920 480 375 1.289E-09
1920 560 375 4.005E-10
1920 560 375 4.071E-10
1920 640 375 1.399E-10
1920 640 375 1.409E-10
1920 720 375 5.220E-11
1920 800 375 2.081E-11
1920 800 375 2.091E-11
1920 880 375 8.900E-12
1920 960 375 4.155E-12
1920 960 375 4.156E-12
2000 1040 375 2.088E-12
2000 1040 375 2.109E-12
2000 1120 375 1.181E-12
2000 1120 375 1.190E-12
2000 1200 375 7.599E-13
2000 1280 375 5.293E-13
2000 1360 375 4.129E-13
2000 1360 375 4.170E-13
2000 1440 375 3.425E-13
2000 1440 375 3.456E-13
2000 1520 375 2.967E-13
2000 1520 375 2.967E-13
2000 1600 375 2.674E-13
2000 1680 375 2.478E-13
2000 1760 375 2.314E-13
2000 1760 375 2.351E-13
2000 1840 375 2.225E-13
2000 1840 375 2.235E-13
2000 1920 375 2.150E-13
2000 1920 375 2.157E-13
2000 2000 375 2.115E-13
2000 400 375 4.639E-09
2000 480 375 1.294E-09
2000 480 375 1.294E-09
2000 560 375 4.065E-10
2000 560 375 4.091E-10
2000 640 375 1.402E-10
2000 640 375 1.422E-10
2000 720 375 5.285E-11
2000 720 375 5.286E-11
2000 800 375 2.072E-11
2000 880 375 8.887E-12
2000 960 375 4.072E-12
2000 960 375 4.099E-12