400 1040 375 2.374E-09
400 1120 375 2.214E-09
400 1200 375 2.445E-09
400 1280 375 2.304E-09
400 1360 375 1.850E-09
400 1440 375 1.793E-09
400 1520 375 2.009E-09
400 1600 375 1.658E-09
400 1680 375 1.856E-09
400 1760 375 1.776E-09
400 1840 375 1.538E-09
400 1920 375 1.690E-09
400 2000 375 1.642E-09
400 400 375 1.966E-08
400 480 375 1.143E-08
400 560 375 6.132E-09
400 640 375 4.599E-09
400 720 375 3.985E-09
400 800 375 3.209E-09
400 880 375 2.841E-09
400 960 375 2.566E-09
480 1040 375 1.258E-09
480 1120 375 9.880E-10
480 1200 375 1.098E-09
480 1280 375 1.017E-09
480 1360 375 9.616E-10
480 1440 375 9.108E-10
480 1520 375 8.700E-10
480 1600 375 7.216E-10
480 1680 375 7.994E-10
480 1760 375 7.665E-10
480 1840 375 7.345E-10
480 1920 375 6.259E-10
480 2000 375 6.079E-10
480 400 375 1.075E-08
480 480 375 5.543E-09
480 560 375 3.363E-09
480 640 375 2.365E-09
480 720 375 1.843E-09
480 800 375 1.517E-09
480 880 375 1.323E-09
480 960 375 1.189E-09
560 1040 375 5.580E-10
560 1120 375 5.736E-10
560 1200 375 4.596E-10
560 1280 375 4.994E-10
560 1360 375 4.704E-10
560 1440 375 4.454E-10
560 1520 375 4.257E-10
560 1600 375 4.041E-10
560 1680 375 3.895E-10
560 1760 375 3.721E-10
560 1840 375 3.563E-10
560 1920 375 3.041E-10
560 2000 375 3.332E-10
560 400 375 8.918E-09
560 480 375 4.166E-09
560 560 375 2.173E-09
560 640 375 1.355E-09
560 720 375 1.106E-09
560 800 375 9.039E-10
560 880 375 7.755E-10
560 960 375 6.865E-10
640 1040 375 3.422E-10
640 1120 375 3.043E-10
640 1200 375 2.828E-10
640 1280 375 2.650E-10
640 1360 375 2.206E-10
640 1440 375 2.376E-10
640 1520 375 2.244E-10
640 1600 375 2.147E-10
640 1680 375 2.071E-10
640 1760 375 1.972E-10
640 1840 375 1.902E-10
640 1920 375 1.834E-10
640 2000 375 1.768E-10
640 400 375 6.488E-09
640 480 375 2.949E-09
640 560 375 1.545E-09
640 640 375 8.443E-10
640 720 375 6.586E-10
640 800 375 4.966E-10
640 880 375 4.452E-10
640 960 375 3.838E-10
720 1040 375 1.948E-10
720 1120 375 1.718E-10
720 1200 375 1.604E-10
720 1280 375 1.359E-10
720 1360 375 1.419E-10
720 1440 375 1.352E-10
720 1520 375 1.284E-10
720 1600 375 1.231E-10
720 1680 375 1.176E-10
720 1760 375 1.034E-10
720 1840 375 9.970E-11
720 1920 375 1.060E-10
720 2000 375 1.023E-10
720 400 375 5.660E-09
720 480 375 2.261E-09
720 560 375 1.062E-09
720 640 375 6.522E-10
720 720 375 4.181E-10
720 800 375 3.071E-10
720 880 375 2.421E-10
720 960 375 1.939E-10
800 1040 375 1.182E-10
800 1120 375 9.985E-11
800 1200 375 9.015E-11
800 1280 375 8.460E-11
800 1360 375 8.786E-11
800 1440 375 7.635E-11
800 1520 375 7.947E-11
800 1600 375 7.651E-11
800 1680 375 7.401E-11
800 1760 375 6.637E-11
800 1840 375 6.927E-11
800 1920 375 6.719E-11
800 2000 375 6.533E-11
800 400 375 5.192E-09
800 480 375 1.852E-09
800 560 375 8.252E-10
800 640 375 4.469E-10
800 720 375 2.833E-10
800 800 375 2.017E-10
800 880 375 1.553E-10
800 960 375 1.356E-10
880 1040 375 7.820E-11
880 1120 375 6.714E-11
880 1200 375 6.093E-11
880 1280 375 6.148E-11
880 1360 375 5.806E-11
880 1440 375 5.284E-11
880 1520 375 5.394E-11
880 1600 375 4.967E-11
880 1680 375 4.824E-11
880 1760 375 4.706E-11
880 1840 375 4.848E-11
880 1920 375 4.491E-11
880 2000 375 4.394E-11
880 400 375 5.071E-09
880 480 375 1.546E-09
880 560 375 6.708E-10
880 640 375 3.370E-10
880 720 375 2.018E-10
880 800 375 1.396E-10
880 880 375 1.064E-10
880 960 375 9.030E-11
960 1040 375 5.689E-11
960 1120 375 4.992E-11
960 1200 375 4.609E-11
960 1280 375 4.483E-11
960 1360 375 4.182E-11
960 1440 375 4.060E-11
960 1520 375 4.087E-11
960 1600 375 3.851E-11
960 1680 375 3.903E-11
960 1760 375 3.836E-11
960 1840 375 3.757E-11
960 1920 375 3.718E-11
960 2000 375 3.551E-11
960 400 375 4.803E-09
960 480 375 1.504E-09
960 560 375 5.714E-10
960 640 375 2.703E-10
960 720 375 1.544E-10
960 800 375 1.047E-10
960 880 375 7.810E-11
960 960 375 6.066E-11
1040 1040 375 4.427E-11
1040 1120 375 4.119E-11
1040 1200 375 3.833E-11
1040 1280 375 3.599E-11
1040 1360 375 3.562E-11
1040 1440 375 3.413E-11
1040 1520 375 3.347E-11
1040 1600 375 3.372E-11
1040 1680 375 3.316E-11
1040 1760 375 3.223E-11
1040 1840 375 3.232E-11
1040 1920 375 3.147E-11
1040 2000 375 3.127E-11
1040 400 375 4.709E-09
1040 480 375 1.388E-09
1040 560 375 4.952E-10
1040 640 375 2.315E-10
1040 720 375 1.264E-10
1040 800 375 8.209E-11
1040 880 375 6.147E-11
1040 960 375 5.054E-11
1120 1040 375 3.861E-11
1120 1120 375 3.603E-11
1120 1200 375 3.402E-11
1120 1280 375 3.238E-11
1120 1360 375 3.169E-11
1120 1440 375 3.114E-11
1120 1520 375 3.081E-11
1120 1600 375 3.082E-11
1120 1680 375 3.035E-11
1120 1760 375 3.001E-11
1120 1840 375 3.012E-11
1120 1920 375 2.969E-11
1120 2000 375 2.955E-11
1120 400 375 4.675E-09
1120 480 375 1.354E-09
1120 560 375 4.834E-10
1120 640 375 2.073E-10
1120 720 375 1.093E-10
1120 800 375 6.937E-11
1120 880 375 5.236E-11
1120 960 375 4.346E-11
1200 1040 375 3.557E-11
1200 1120 375 3.337E-11
1200 1200 375 3.199E-11
1200 1280 375 3.117E-11
1200 1360 375 3.050E-11
1200 1440 375 3.033E-11
1200 1520 375 2.988E-11
1200 1600 375 2.967E-11
1200 1680 375 2.944E-11
1200 1760 375 2.938E-11
1200 1840 375 2.924E-11
1200 1920 375 2.919E-11
1200 2000 375 2.891E-11
1200 400 375 4.661E-09
1200 480 375 1.353E-09
1200 560 375 4.583E-10
1200 640 375 1.933E-10
1200 720 375 9.875E-11
1200 800 375 6.262E-11
1200 880 375 4.676E-11
1200 960 375 3.943E-11
1280 1040 375 3.409E-11
1280 1120 375 3.232E-11
1280 1200 375 3.150E-11
1280 1280 375 3.090E-11
1280 1360 375 3.032E-11
1280 1440 375 3.004E-11
1280 1520 375 2.975E-11
1280 1600 375 2.965E-11
1280 1680 375 2.957E-11
1280 1760 375 2.959E-11
1280 1840 375 2.936E-11
1280 1920 375 2.952E-11
1280 2000 375 2.937E-11
1280 400 375 4.676E-09
1280 480 375 1.337E-09
1280 560 375 4.558E-10
1280 640 375 1.855E-10
1280 720 375 9.312E-11
1280 800 375 5.844E-11
1280 880 375 4.408E-11
1280 960 375 3.734E-11
1360 1040 375 3.369E-11
1360 1120 375 3.210E-11
1360 1200 375 3.136E-11
1360 1280 375 3.079E-11
1360 1360 375 3.046E-11
1360 1440 375 3.045E-11
1360 1520 375 3.032E-11
1360 1600 375 3.027E-11
1360 1680 375 3.030E-11
1360 1760 375 3.003E-11
1360 1840 375 3.008E-11
1360 1920 375 2.996E-11
1360 2000 375 3.013E-11
1360 400 375 4.682E-09
1360 480 375 1.328E-09
1360 560 375 4.516E-10
1360 640 375 1.807E-10
1360 720 375 8.988E-11
1360 800 375 5.603E-11
1360 880 375 4.247E-11
1360 960 375 3.665E-11
1440 1040 375 3.416E-11
1440 1120 375 3.252E-11
1440 1200 375 3.179E-11
1440 1280 375 3.152E-11
1440 1360 375 3.137E-11
1440 1440 375 3.108E-11
1440 1520 375 3.117E-11
1440 1600 375 3.104E-11
1440 1680 375 3.097E-11
1440 1760 375 3.103E-11
1440 1840 375 3.088E-11
1440 1920 375 3.081E-11
1440 2000 375 3.091E-11
1440 400 375 4.680E-09
1440 480 375 1.339E-09
1440 560 375 4.458E-10
1440 640 375 1.788E-10
1440 720 375 8.870E-11
1440 800 375 5.528E-11
1440 880 375 4.201E-11
1440 960 375 3.649E-11
1520 1040 375 3.434E-11
1520 1120 375 3.310E-11
1520 1200 375 3.261E-11
1520 1280 375 3.224E-11
1520 1360 375 3.199E-11
1520 1440 375 3.193E-11
1520 1520 375 3.186E-11
1520 1600 375 3.177E-11
1520 1680 375 3.161E-11
1520 1760 375 3.165E-11
1520 1840 375 3.167E-11
1520 1920 375 3.175E-11
1520 2000 375 3.171E-11
1520 400 375 4.682E-09
1520 480 375 1.339E-09
1520 560 375 4.482E-10
1520 640 375 1.781E-10
1520 720 375 8.783E-11
1520 800 375 5.497E-11
1520 880 375 4.193E-11
1520 960 375 3.660E-11
1600 1040 375 3.489E-11
1600 1120 375 3.374E-11
1600 1200 375 3.333E-11
1600 1280 375 3.307E-11
1600 1360 375 3.286E-11
1600 1440 375 3.267E-11
1600 1520 375 3.276E-11
1600 1600 375 3.258E-11
1600 1680 375 3.275E-11
1600 1760 375 3.256E-11
1600 1840 375 3.246E-11
1600 1920 375 3.240E-11
1600 2000 375 3.253E-11
1600 400 375 4.700E-09
1600 480 375 1.340E-09
1600 560 375 4.494E-10
1600 640 375 1.786E-10
1600 720 375 8.782E-11
1600 800 375 5.499E-11
1600 880 375 4.248E-11
1600 960 375 3.708E-11
1680 1040 375 3.547E-11
1680 1120 375 3.447E-11
1680 1200 375 3.386E-11
1680 1280 375 3.372E-11
1680 1360 375 3.363E-11
1680 1440 375 3.344E-11
1680 1520 375 3.342E-11
1680 1600 375 3.338E-11
1680 1680 375 3.343E-11
1680 1760 375 3.345E-11
1680 1840 375 3.337E-11
1680 1920 375 3.344E-11
1680 2000 375 3.339E-11
1680 400 375 4.725E-09
1680 480 375 1.344E-09
1680 560 375 4.513E-10
1680 640 375 1.791E-10
1680 720 375 8.834E-11
1680 800 375 5.546E-11
1680 880 375 4.295E-11
1680 960 375 3.762E-11
1760 1040 375 3.615E-11
1760 1120 375 3.520E-11
1760 1200 375 3.481E-11
1760 1280 375 3.453E-11
1760 1360 375 3.443E-11
1760 1440 375 3.447E-11
1760 1520 375 3.417E-11
1760 1600 375 3.416E-11
1760 1680 375 3.416E-11
1760 1760 375 3.419E-11
1760 1840 375 3.431E-11
1760 1920 375 3.415E-11
1760 2000 375 3.421E-11
1760 400 375 4.740E-09
1760 480 375 1.351E-09
1760 560 375 4.549E-10
1760 640 375 1.810E-10
1760 720 375 8.872E-11
1760 800 375 5.587E-11
1760 880 375 4.340E-11
1760 960 375 3.814E-11
1840 1040 375 3.671E-11
1840 1120 375 3.578E-11
1840 1200 375 3.541E-11
1840 1280 375 3.526E-11
1840 1360 375 3.521E-11
1840 1440 375 3.496E-11
1840 1520 375 3.500E-11
1840 1600 375 3.505E-11
1840 1680 375 3.486E-11
1840 1760 375 3.504E-11
1840 1840 375 3.487E-11
1840 1920 375 3.489E-11
1840 2000 375 3.492E-11
1840 400 375 4.763E-09
1840 480 375 1.363E-09
1840 560 375 4.571E-10
1840 640 375 1.815E-10
1840 720 375 8.941E-11
1840 800 375 5.670E-11
1840 880 375 4.399E-11
1840 960 375 3.874E-11
1920 1040 375 3.731E-11
1920 1120 375 3.641E-11
1920 1200 375 3.599E-11
1920 1280 375 3.575E-11
1920 1360 375 3.573E-11
1920 1440 375 3.554E-11
1920 1520 375 3.565E-11
1920 1600 375 3.560E-11
1920 1680 375 3.562E-11
1920 1760 375 3.561E-11
1920 1840 375 3.561E-11
1920 1920 375 3.557E-11
1920 2000 375 3.560E-11
1920 400 375 4.763E-09
1920 480 375 1.366E-09
1920 560 375 4.575E-10
1920 640 375 1.834E-10
1920 720 375 9.075E-11
1920 800 375 5.756E-11
1920 880 375 4.463E-11
1920 960 375 3.946E-11
2000 1040 375 3.786E-11
2000 1120 375 3.688E-11
2000 1200 375 3.654E-11
2000 1280 375 3.656E-11
2000 1360 375 3.623E-11
2000 1440 375 3.628E-11
2000 1520 375 3.626E-11
2000 1600 375 3.623E-11
2000 1680 375 3.627E-11
2000 1760 375 3.626E-11
2000 1840 375 3.612E-11
2000 1920 375 3.622E-11
2000 2000 375 3.617E-11
2000 400 375 4.797E-09
2000 480 375 1.368E-09
2000 560 375 4.609E-10
2000 640 375 1.846E-10
2000 720 375 9.161E-11
2000 800 375 5.774E-11
2000 880 375 4.523E-11
2000 960 375 4.002E-11