400  400  9.827950
400  480  3.254545
400  560  3.286060
400  640  3.597775
400  720  2.534845
400  800  3.703030
400  880  5.531210
400  960  3.519090
400  1040  3.177875
400  1120  2.401210
400  1200  2.833330
400  1280  3.626895
400  1360  2.912120
400  1440  3.482125
400  1520  3.049695
400  1600  2.386365
400  1680  2.900605
400  1760  3.111820
400  1840  4.220000
400  1920  1.937880
400  2000  2.667575
480  400  0.549697
480  480  1.617880
480  560  1.904240
480  640  2.674850
480  720  3.254030
480  800  2.026670
480  880  2.174545
480  960  2.134545
480  1040  2.545450
480  1120  2.100000
480  1200  2.080305
480  1280  2.255755
480  1360  1.288790
480  1440  3.561815
480  1520  1.556360
480  1600  1.438180
480  1680  0.000000
480  1760  1.905455
480  1840  2.487600
480  1920  1.775455
480  2000  1.886060
560  400  0.664700
560  480  0.624969
560  560  1.058483
560  640  1.614545
560  720  1.628790
560  800  1.873935
560  880  0.506667
560  960  1.845455
560  1040  1.834850
560  1120  1.898180
560  1200  1.650000
560  1280  1.635760
560  1360  1.873030
560  1440  1.623635
560  1520  1.354850
560  1600  1.390300
560  1680  1.428180
560  1760  1.546365
560  1840  1.685755
560  1920  1.449395
560  2000  1.519090
640  400  1.026000
640  480  0.685360
640  560  0.507000
640  640  0.931430
640  720  1.811210
640  800  1.656060
640  880  1.753935
640  960  1.880000
640  1040  1.439395
640  1120  1.485150
640  1200  1.628985
640  1280  1.468180
640  1360  1.077880
640  1440  1.466970
640  1520  1.594240
640  1600  1.355450
640  1680  1.644850
640  1760  1.556740
640  1840  1.342195
640  1920  1.547275
640  2000  1.641209
720  400  1.102275
720  480  0.831362
720  560  0.406300
720  640  0.963660
720  720  0.763333
720  800  1.384545
720  880  1.342730
720  960  1.644240
720  1040  1.389395
720  1120  1.535760
720  1200  1.690305
720  1280  1.613640
720  1360  1.318485
720  1440  1.318180
720  1520  1.078483
720  1600  1.271820
720  1680  0.992121
720  1760  1.221820
720  1840  1.219089
720  1920  1.274605
720  2000  1.192423
800  400  1.216270
800  480  0.680200
800  560  0.419918
800  640  0.117900
800  720  0.088280
800  800  0.371061
800  880  1.277875
800  960  1.612425
800  1040  1.701515
800  1120  1.360605
800  1200  1.605150
800  1280  1.447575
800  1360  1.368225
800  1440  1.229695
800  1520  1.185454
800  1600  1.107274
800  1680  1.074243
800  1760  0.961211
800  1840  0.994960
800  1920  0.981015
800  2000  0.962585
880  400  1.008540
880  480  0.657500
880  560  0.428961
880  640  0.199300
880  720  0.131394
880  800  0.258700
880  880  1.095030
880  960  1.245455
880  1040  1.759700
880  1120  1.709395
880  1200  1.756970
880  1280  1.540610
880  1360  1.327880
880  1440  1.370910
880  1520  1.054546
880  1600  1.127576
880  1680  1.256300
880  1760  0.954849
880  1840  1.261214
880  1920  0.990005
880  2000  1.156667
960  400  1.141515
960  480  0.709872
960  560  0.494727
960  640  0.253480
960  720  0.095040
960  800  0.089576
960  880  0.147800
960  960  1.103637
960  1040  1.693030
960  1120  1.716665
960  1200  2.006970
960  1280  1.709530
960  1360  1.563335
960  1440  1.642730
960  1520  1.128483
960  1600  1.236366
960  1680  1.134848
960  1760  1.133031
960  1840  0.839527
960  1920  1.194005
960  2000  0.904800
1040  400  1.803635
1040  480  1.065758
1040  560  0.831737
1040  640  0.282818
1040  720  0.367788
1040  800  0.149000
1040  880  0.182800
1040  960  0.138100
1040  1040  1.429090
1040  1120  2.060910
1040  1200  1.971815
1040  1280  1.944850
1040  1360  1.591815
1040  1440  1.379395
1040  1520  1.286062
1040  1600  1.055756
1040  1680  1.136668
1040  1760  1.184240
1040  1840  0.958184
1040  1920  1.041515
1040  2000  0.758970
1120  400  2.057880
1120  480  1.607575
1120  560  1.204850
1120  640  0.379031
1120  720  0.187606
1120  800  0.122758
1120  880  0.186991
1120  960  0.248106
1120  1040  0.317700
1120  1120  1.246668
1120  1200  1.983635
1120  1280  2.178785
1120  1360  1.876365
1120  1440  1.724245
1120  1520  1.590300
1120  1600  1.513332
1120  1680  0.929392
1120  1760  1.336645
1120  1840  1.055910
1120  1920  1.351514
1120  2000  0.036412
1200  400  2.424240
1200  480  1.595155
1200  560  1.046669
1200  640  0.377424
1200  720  0.210546
1200  800  0.451370
1200  880  0.206697
1200  960  0.155546
1200  1040  0.180264
1200  1120  0.215043
1200  1200  1.386670
1200  1280  2.073940
1200  1360  2.295150
1200  1440  1.925155
1200  1520  1.670305
1200  1600  1.930305
1200  1680  1.405153
1200  1760  1.290304
1200  1840  0.955124
1200  1920  0.997040
1200  2000  0.690206
1280  400  2.068485
1280  480  1.517875
1280  560  1.950000
1280  640  0.630262
1280  720  0.198756
1280  800  0.182300
1280  880  0.505200
1280  960  0.272819
1280  1040  0.180545
1280  1120  0.305100
1280  1200  0.212013
1280  1280  1.881210
1280  1360  2.536065
1280  1440  2.146360
1280  1520  1.540000
1280  1600  2.036665
1280  1680  1.801210
1280  1760  1.257573
1280  1840  1.079819
1280  1920  1.238050
1280  2000  0.841002
1360  400  2.348785
1360  480  1.713030
1360  560  1.400610
1360  640  0.656546
1360  720  0.345243
1360  800  0.139212
1360  880  0.598300
1360  960  0.179053
1360  1040  0.275400
1360  1120  0.314364
1360  1200  0.956200
1360  1280  0.258200
1360  1360  2.305015
1360  1440  3.240605
1360  1520  2.612420
1360  1600  2.238180
1360  1680  1.978485
1360  1760  1.570610
1360  1840  1.414940
1360  1920  2.159696
1360  2000  0.999350
1440  400  2.292120
1440  480  2.328185
1440  560  2.027880
1440  640  0.714333
1440  720  0.260273
1440  800  0.202788
1440  880  0.217030
1440  960  0.149003
1440  1040  0.397727
1440  1120  0.310273
1440  1200  0.334606
1440  1280  0.384273
1440  1360  0.491098
1440  1440  1.965455
1440  1520  3.176670
1440  1600  2.711665
1440  1680  2.316365
1440  1760  2.618485
1440  1840  2.067575
1440  1920  2.116240
1440  2000  1.125154
1520  400  2.900000
1520  480  2.665455
1520  560  1.974545
1520  640  0.674848
1520  720  0.241212
1520  800  0.177455
1520  880  0.347485
1520  960  0.228727
1520  1040  0.446200
1520  1120  0.633600
1520  1200  1.103000
1520  1280  0.600394
1520  1360  1.116885
1520  1440  0.792727
1520  1520  2.244550
1520  1600  3.238790
1520  1680  3.049090
1520  1760  2.759695
1520  1840  1.813635
1520  1920  4.715755
1520  2000  1.802729
1600  400  3.985155
1600  480  1.780000
1600  560  1.600300
1600  640  0.543606
1600  720  0.372300
1600  800  0.145182
1600  880  0.252909
1600  960  0.280200
1600  1040  0.357783
1600  1120  0.482900
1600  1200  0.769980
1600  1280  0.537800
1600  1360  0.558500
1600  1440  0.660556
1600  1520  0.896483
1600  1600  3.336665
1600  1680  3.881815
1600  1760  3.335455
1600  1840  3.259365
1600  1920  2.125455
1600  2000  2.163635
1680  400  2.283335
1680  480  2.304245
1680  560  1.641210
1680  640  0.598909
1680  720  0.356394
1680  800  0.188100
1680  880  0.263788
1680  960  0.319454
1680  1040  0.256181
1680  1120  0.601575
1680  1200  0.726969
1680  1280  0.841818
1680  1360  0.962425
1680  1440  1.511000
1680  1520  1.002145
1680  1600  0.993938
1680  1680  4.118185
1680  1760  4.005455
1680  1840  4.083030
1680  1920  3.209695
1680  2000  3.041135
1760  400  2.492425
1760  480  3.080305
1760  560  1.503030
1760  640  0.638182
1760  720  0.418818
1760  800  0.234575
1760  880  0.240909
1760  960  0.354030
1760  1040  0.476000
1760  1120  0.641900
1760  1200  0.592788
1760  1280  1.090304
1760  1360  1.157575
1760  1440  1.581665
1760  1520  1.845515
1760  1600  1.659395
1760  1680  2.647865
1760  1760  4.495755
1760  1840  4.893335
1760  1920  3.989090
1760  2000  5.646350
1840  400  4.489090
1840  480  2.084545
1840  560  1.454545
1840  640  0.531576
1840  720  0.275900
1840  800  0.213666
1840  880  0.257121
1840  960  0.340523
1840  1040  0.571600
1840  1120  1.248485
1840  1200  0.743940
1840  1280  1.131517
1840  1360  1.296970
1840  1440  1.586665
1840  1520  2.070305
1840  1600  2.366970
1840  1680  2.621210
1840  1760  2.410605
1840  1840  4.690305
1840  1920  5.247880
1840  2000  3.938485
1920  400  2.966665
1920  480  1.757275
1920  560  1.645155
1920  640  0.901214
1920  720  0.362182
1920  800  0.308909
1920  880  0.209100
1920  960  0.214455
1920  1040  0.628636
1920  1120  0.655728
1920  1200  0.692727
1920  1280  1.200305
1920  1360  1.800910
1920  1440  2.209395
1920  1520  2.980910
1920  1600  3.548485
1920  1680  3.961820
1920  1760  3.586060
1920  1840  4.123165
1920  1920  7.225755
1920  2000  7.870650
2000  400  2.271515
2000  480  2.318485
2000  560  1.444545
2000  640  0.837878
2000  720  0.324364
2000  800  0.209545
2000  880  0.313727
2000  960  0.271636
2000  1040  0.356848
2000  1120  0.391728
2000  1200  0.750910
2000  1280  1.213030
2000  1360  1.682120
2000  1440  2.526665
2000  1520  3.461515
2000  1600  4.213030
2000  1680  5.061820
2000  1760  5.591820
2000  1840  5.678195
2000  1920  6.551590
2000  2000  11.818170
