400 400 1.31891
400 480 1.52401
400 560 1.66166
400 640 1.78421
400 720 1.89266
400 800 1.97428
400 880 2.01483
400 960 2.0432
400 1040 2.04902
400 1120 2.05008
400 1200 2.04125
400 1280 2.03322
400 1360 2.02509
400 1440 2.0162
400 1520 2.00075
400 1600 1.98511
400 1680 1.993
400 1760 1.9812
400 1840 1.9695
400 1920 1.96173
400 2000 1.96953
480 400 1.3299
480 480 1.41624
480 560 1.53437
480 640 1.66807
480 720 1.80178
480 800 1.92704
480 880 2.02987
480 960 2.11029
480 1040 2.1518
480 1120 2.18125
480 1200 2.17503
480 1280 2.17249
480 1360 2.16393
480 1440 2.15175
480 1520 2.15342
480 1600 2.13124
480 1680 2.12354
480 1760 2.10082
480 1840 2.09302
480 1920 2.08524
480 2000 2.07742
560 400 1.28705
560 480 1.34436
560 560 1.43161
560 640 1.54436
560 720 1.67493
560 800 1.81947
560 880 1.95958
560 960 2.08728
560 1040 2.18306
560 1120 2.24861
560 1200 2.29522
560 1280 2.303
560 1360 2.30794
560 1440 2.29894
560 1520 2.28606
560 1600 2.27064
560 1680 2.25985
560 1760 2.23982
560 1840 2.22849
560 1920 2.21259
560 2000 2.19679
640 400 1.28545
640 480 1.29166
640 560 1.35244
640 640 1.44368
640 720 1.55306
640 800 1.68701
640 880 1.83745
640 960 1.98491
640 1040 2.13766
640 1120 2.25619
640 1200 2.3563
640 1280 2.40234
640 1360 2.44227
640 1440 2.45104
640 1520 2.45126
640 1600 2.43567
640 1680 2.40811
640 1760 2.38478
640 1840 2.37509
640 1920 2.34279
640 2000 2.32567
720 400 1.27506
720 480 1.28048
720 560 1.30513
720 640 1.36604
720 720 1.45371
720 800 1.56358
720 880 1.69908
720 960 1.85429
720 1040 2.0098
720 1120 2.17688
720 1200 2.3269
720 1280 2.44001
720 1360 2.5173
720 1440 2.56525
720 1520 2.58635
720 1600 2.57741
720 1680 2.57716
720 1760 2.55089
720 1840 2.52505
720 1920 2.49702
720 2000 2.47235
800 400 1.26729
800 480 1.26372
800 560 1.28049
800 640 1.3063
800 720 1.37507
800 800 1.46153
800 880 1.57655
800 960 1.70297
800 1040 1.86465
800 1120 2.03942
800 1200 2.22115
800 1280 2.3905
800 1360 2.52114
800 1440 2.62575
800 1520 2.69262
800 1600 2.71018
800 1680 2.72621
800 1760 2.70589
800 1840 2.68667
800 1920 2.65766
800 2000 2.63
880 400 1.25914
880 480 1.24747
880 560 1.25597
880 640 1.28093
880 720 1.31234
880 800 1.38458
880 880 1.4732
880 960 1.5825
880 1040 1.71963
880 1120 1.88291
880 1200 2.06021
880 1280 2.24913
880 1360 2.42803
880 1440 2.59214
880 1520 2.70726
880 1600 2.78815
880 1680 2.82221
880 1760 2.833
880 1840 2.82486
880 1920 2.80676
880 2000 2.77192
960 400 1.25976
960 480 1.23686
960 560 1.23741
960 640 1.25388
960 720 1.28273
960 800 1.32053
960 880 1.39188
960 960 1.47897
960 1040 1.59095
960 1120 1.72757
960 1200 1.89426
960 1280 2.07813
960 1360 2.27118
960 1440 2.45638
960 1520 2.62647
960 1600 2.75106
960 1680 2.82775
960 1760 2.87107
960 1840 2.88843
960 1920 2.88264
960 2000 2.85685
1040 400 1.25863
1040 480 1.23187
1040 560 1.2203
1040 640 1.23045
1040 720 1.25039
1040 800 1.28442
1040 880 1.32494
1040 960 1.39939
1040 1040 1.48358
1040 1120 1.59989
1040 1200 1.73217
1040 1280 1.8937
1040 1360 2.0739
1040 1440 2.25906
1040 1520 2.43733
1040 1600 2.59014
1040 1680 2.69979
1040 1760 2.78318
1040 1840 2.81566
1040 1920 2.82623
1040 2000 2.81101
1120 400 1.25885
1120 480 1.22592
1120 560 1.20981
1120 640 1.2103
1120 720 1.22532
1120 800 1.24943
1120 880 1.28726
1120 960 1.3291
1120 1040 1.40123
1120 1120 1.49129
1120 1200 1.60082
1120 1280 1.7318
1120 1360 1.88
1120 1440 2.05248
1120 1520 2.20344
1120 1600 2.35147
1120 1680 2.46267
1120 1760 2.54775
1120 1840 2.58563
1120 1920 2.59925
1120 2000 2.59514
1200 400 1.25955
1200 480 1.21858
1200 560 1.1989
1200 640 1.19593
1200 720 1.20391
1200 800 1.22425
1200 880 1.25061
1200 960 1.28737
1200 1040 1.33305
1200 1120 1.40753
1200 1200 1.49204
1200 1280 1.59697
1200 1360 1.71895
1200 1440 1.849
1200 1520 1.98114
1200 1600 2.08776
1200 1680 2.17633
1200 1760 2.23442
1200 1840 2.26199
1200 1920 2.26311
1200 2000 2.2557
1280 400 1.26853
1280 480 1.21875
1280 560 1.19506
1280 640 1.18195
1280 720 1.1872
1280 800 1.19968
1280 880 1.22206
1280 960 1.2491
1280 1040 1.29046
1280 1120 1.33732
1280 1200 1.40715
1280 1280 1.48959
1280 1360 1.58101
1280 1440 1.68858
1280 1520 1.77999
1280 1600 1.85908
1280 1680 1.91495
1280 1760 1.94153
1280 1840 1.94819
1280 1920 1.9345
1280 2000 1.91441
1360 400 1.27209
1360 480 1.217
1360 560 1.18967
1360 640 1.17283
1360 720 1.17543
1360 800 1.17997
1360 880 1.1959
1360 960 1.21787
1360 1040 1.25099
1360 1120 1.29471
1360 1200 1.3371
1360 1280 1.40185
1360 1360 1.47707
1360 1440 1.55156
1360 1520 1.62556
1360 1600 1.67613
1360 1680 1.70358
1360 1760 1.71091
1360 1840 1.69884
1360 1920 1.6781
1360 2000 1.65399
1440 400 1.28278
1440 480 1.21958
1440 560 1.18668
1440 640 1.16936
1440 720 1.16011
1440 800 1.16486
1440 880 1.17591
1440 960 1.19368
1440 1040 1.22049
1440 1120 1.25534
1440 1200 1.29101
1440 1280 1.335
1440 1360 1.39018
1440 1440 1.45904
1440 1520 1.50578
1440 1600 1.53707
1440 1680 1.5499
1440 1760 1.54762
1440 1840 1.53135
1440 1920 1.50766
1440 2000 1.48387
1520 400 1.29347
1520 480 1.22233
1520 560 1.18579
1520 640 1.16403
1520 720 1.15473
1520 800 1.1526
1520 880 1.15989
1520 960 1.17478
1520 1040 1.19349
1520 1120 1.22141
1520 1200 1.25194
1520 1280 1.29085
1520 1360 1.32981
1520 1440 1.38034
1520 1520 1.41788
1520 1600 1.43902
1520 1680 1.44675
1520 1760 1.43842
1520 1840 1.42239
1520 1920 1.40268
1520 2000 1.38303
1600 400 1.30054
1600 480 1.23118
1600 560 1.18475
1600 640 1.15849
1600 720 1.14936
1600 800 1.14261
1600 880 1.14689
1600 960 1.15485
1600 1040 1.17025
1600 1120 1.19324
1600 1200 1.22024
1600 1280 1.25266
1600 1360 1.28823
1600 1440 1.32335
1600 1520 1.35336
1600 1600 1.3686
1600 1680 1.37459
1600 1760 1.36878
1600 1840 1.35725
1600 1920 1.34158
1600 2000 1.3266
1680 400 1.31058
1680 480 1.23623
1680 560 1.18807
1680 640 1.15557
1680 720 1.14556
1680 800 1.13388
1680 880 1.13566
1680 960 1.14168
1680 1040 1.15342
1680 1120 1.17404
1680 1200 1.19421
1680 1280 1.22139
1680 1360 1.25026
1680 1440 1.28321
1680 1520 1.30334
1680 1600 1.31668
1680 1680 1.32327
1680 1760 1.31898
1680 1840 1.31065
1680 1920 1.30012
1680 2000 1.28892
1760 400 1.32273
1760 480 1.24383
1760 560 1.19022
1760 640 1.15736
1760 720 1.14176
1760 800 1.12842
1760 880 1.12685
1760 960 1.12953
1760 1040 1.14381
1760 1120 1.15468
1760 1200 1.17364
1760 1280 1.19705
1760 1360 1.22319
1760 1440 1.25007
1760 1520 1.26991
1760 1600 1.27884
1760 1680 1.28567
1760 1760 1.28517
1760 1840 1.28107
1760 1920 1.27396
1760 2000 1.26686
1840 400 1.32828
1840 480 1.25046
1840 560 1.19545
1840 640 1.1554
1840 720 1.13263
1840 800 1.1233
1840 880 1.12024
1840 960 1.12413
1840 1040 1.12999
1840 1120 1.14065
1840 1200 1.15697
1840 1280 1.17952
1840 1360 1.20158
1840 1440 1.22504
1840 1520 1.24483
1840 1600 1.25445
1840 1680 1.25812
1840 1760 1.26216
1840 1840 1.26118
1840 1920 1.25748
1840 2000 1.25301
1920 400 1.34006
1920 480 1.25858
1920 560 1.1989
1920 640 1.15863
1920 720 1.1353
1920 800 1.12013
1920 880 1.1152
1920 960 1.1138
1920 1040 1.11638
1920 1120 1.12789
1920 1200 1.1436
1920 1280 1.16138
1920 1360 1.18426
1920 1440 1.20564
1920 1520 1.2243
1920 1600 1.23617
1920 1680 1.24184
1920 1760 1.2464
1920 1840 1.2479
1920 1920 1.24642
1920 2000 1.24443
2000 400 1.35199
2000 480 1.26735
2000 560 1.20351
2000 640 1.16182
2000 720 1.13136
2000 800 1.11813
2000 880 1.10991
2000 960 1.11017
2000 1040 1.10902
2000 1120 1.11905
2000 1200 1.13179
2000 1280 1.14828
2000 1360 1.1685
2000 1440 1.19127
2000 1520 1.21037
2000 1600 1.22232
2000 1680 1.23085
2000 1760 1.23653
2000 1840 1.23898
2000 1920 1.23949
2000 2000 1.23883
