160 160 0.0 0.41287 69 0.0 0.41287 0.0 0.0 0.0 0.028 0 0 0 0 0 0 0 0
160 240 1.0 0.0 33 1.0 0.0 0.0 0.0 0.0 0.0 0 0 0 0 0 0 0 0
160 320 1.0 0.0 47 1.0 0.0 0.0 0.0 1.0 0.0 0 0 0 0 0 0 0 0
160 400 1.0 0.0 63 1.0 0.0 0.0 0.0 2.0 0.0 0 0 0 0 0 0 0 0
160 480 3.0 0.180725 75 3.0 0.180725 0.0 0.0 4.0 0.0 0 0 0 0 0 0 0 0
160 560 2.0 0.0 64 2.0 0.0 0.0 0.0 3.0 0.0 0 0 0 0 0 0 0 0
160 640 1.0 0.0 69 1.0 0.0 0.0 0.0 2.0 0.179628 0 0 0 0 0 0 0 0
160 720 1.0 0.0 74 1.0 0.0 0.0 0.0 1.0 0.0 0 0 0 0 0 0 0 0
160 800 1.0 0.014 76 1.0 0.014 0.0 0.0 2.0 0.0 0 0 0 0 0 0 0 0
160 880 4.0 0.204272 81 4.0 0.204272 2.0 0.0 5.0 0.0 0 0 0 0 0 0 0 0
160 960 1.0 0.0 73 1.0 0.0 1.0 0.0 5.0 0.170448 0 0 0 0 0 0 0 0
160 1040 3.0 1.08826 75 3.0 1.08826 1.0 0.0 4.0 0.0 0 0 0 0 0 0 0 0
160 1120 3.0 0.172507 88 3.0 0.172507 0.0 0.0 1.0 0.0 0 0 0 0 0 0 0 0
160 1200 1.0 0.0 95 1.0 0.0 1.0 0.0 1.0 0.0 0 0 0 0 0 0 0 0
160 1280 3.0 0.0 79 3.0 0.0 1.0 0.0 3.0 0.0 0 0 0 0 0 0 0 0
160 1360 0.0 0.0 66 0.0 0.0 0.0 0.0 0.0 0.0 0 0 0 0 0 0 0 0
160 1440 1.0 0.0 78 1.0 0.0 0.0 0.0 2.0 0.0 0 0 0 0 0 0 0 0
160 1520 4.0 0.0 88 4.0 0.0 0.0 0.0 6.0 0.014 0 0 0 0 0 0 0 0
160 1600 0.0 0.41287 63 0.0 0.41287 0.0 0.0 0.0 0.028 0 0 0 0 0 0 0 0
160 1680 1.0 0.0 88 1.0 0.0 0.0 0.0 1.0 0.19179 0 0 0 0 0 0 0 0
160 1760 3.0 0.0 77 3.0 0.0 3.0 0.0 3.0 0.0 0 0 0 0 0 0 0 0
160 1840 1.0 0.0 77 1.0 0.0 0.0 0.0 1.0 0.0 0 0 0 0 0 0 0 0
160 1920 1.0 0.0 73 1.0 0.0 0.0 0.0 1.0 0.0 0 0 0 0 0 0 0 0
160 2000 1.0 0.0 65 1.0 0.0 1.0 0.0 3.0 0.0 0 0 0 0 0 0 0 0
240 160 12.0 0.249109 360 12.0 0.249109 3.0 0.0 11.0 0.250289 0 0 0 0 0 0 0 0
240 240 0.0 0.0 23 0.0 0.0 0.0 0.0 2.0 0.0 0 0 0 0 0 0 0 0
240 320 2.0 0.76134 85 2.0 0.76134 0.0 0.76134 0.0 0.5359 0 0 0 0 0 0 0 0
240 400 3.0 0.0 129 3.0 0.0 1.0 0.0 3.0 1.04123 0 0 0 0 0 0 0 0
240 480 8.0 0.423654 171 8.0 0.423654 5.0 0.0 4.0 0.425663 0 0 0 0 0 0 0 0
240 560 12.0 1.3985 220 12.0 1.3985 4.0 0.837232 5.0 0.85097 0 0 0 0 0 0 0 0
240 640 6.0 0.0 198 6.0 0.0 2.0 0.0 8.0 0.230018 0 0 0 0 0 0 0 0
240 720 8.0 0.014 259 8.0 0.014 2.0 0.0 7.0 1.8134 0 0 0 0 0 0 0 0
240 800 11.0 0.890514 298 11.0 0.890514 4.0 0.717334 14.0 0.0 0 0 0 0 0 0 0 0
240 880 15.0 0.56347 303 15.0 0.56347 1.0 0.173387 7.0 1.24722 0 0 0 0 0 0 0 0
240 960 14.0 0.185415 296 14.0 0.185415 2.0 0.0 14.0 0.0 0 0 0 0 0 0 0 0
240 1040 11.0 1.06352 310 11.0 1.06352 3.0 0.0 18.0 0.81357 0 0 0 0 0 0 0 0
240 1120 11.0 1.33879 309 11.0 1.33879 3.0 0.950699 13.0 0.23848 0 0 0 0 0 0 0 0
240 1200 18.0 2.07578 329 18.0 2.07578 1.0 0.0 11.0 0.2241 0 0 0 0 0 0 0 0
240 1280 12.0 0.466464 321 12.0 0.466464 1.0 0.170311 12.0 0.656296 0 0 0 0 0 0 0 0
240 1360 4.0 0.562771 319 4.0 0.562771 1.0 0.33352 14.0 0.894279 0 0 0 0 0 0 0 0
240 1440 14.0 0.404018 319 14.0 0.404018 1.0 0.0 16.0 0.014 0 0 0 0 0 0 0 0
240 1520 10.0 1.42402 351 10.0 1.42402 4.0 0.0 9.0 2.96172 0 0 0 0 0 0 0 0
240 1600 12.0 0.249109 360 12.0 0.249109 3.0 0.0 11.0 0.250289 0 0 0 0 0 0 0 0
240 1680 16.0 0.654849 347 16.0 0.654849 4.0 0.0 10.0 0.379871 0 0 0 0 0 0 0 0
240 1760 18.0 0.568776 350 18.0 0.568776 3.0 0.186315 11.0 0.386578 0 0 0 0 0 0 0 0
240 1840 12.0 0.220372 319 12.0 0.220372 3.0 0.0 13.0 0.014 0 0 0 0 0 0 0 0
240 1920 9.0 0.367364 360 9.0 0.367364 0.0 0.169825 8.0 1.354166 0 0 0 0 0 0 0 0
240 2000 18.0 0.299636 385 18.0 0.299636 4.0 0.0 15.0 0.369928 0 0 0 0 0 0 0 0
320 160 29.0 3.54793 636 29.0 3.54793 6.0 1.12697 17.0 1.37706 0 0 0 0 0 0 0 0
320 240 0 0 0 0 0 0 0 0 0 0 0 0 0 0 0 0 0
320 320 3.0 0.0 52 3.0 0.0 1.0 0.0 3.0 0.969983 0 0 0 0 0 0 0 0
320 400 7.0 0.706424 120 7.0 0.706424 3.0 0.0 4.0 0.23222 0 0 0 0 0 0 0 0
320 480 12.0 0.846312 216 12.0 0.846312 3.0 0.0 12.0 1.209158 0 0 0 0 0 0 0 0
320 560 17.0 1.25381 259 17.0 1.25381 4.0 1.25381 10.0 0.0 0 0 0 0 0 0 0 0
320 640 18.0 0.579248 325 18.0 0.579248 5.0 0.0 22.0 1.329152 0 0 0 0 0 0 0 0
320 720 22.0 1.98733 375 22.0 1.98733 2.0 0.0 12.0 0.0 0 0 0 0 0 0 0 0
320 800 23.0 1.08003 460 23.0 1.08003 3.0 0.857803 19.0 2.08234 0 0 0 0 0 0 0 0
320 880 22.0 2.05321 416 22.0 2.05321 4.0 0.215368 16.0 0.71621 0 0 0 0 0 0 0 0
320 960 20.0 0.982846 476 20.0 0.982846 5.0 0.255533 23.0 1.703684 0 0 0 0 0 0 0 0
320 1040 25.0 1.42829 546 25.0 1.42829 11.0 0.174273 19.0 0.0 0 0 0 0 0 0 0 0
320 1120 18.0 1.85041 513 18.0 1.85041 7.0 0.498341 23.0 1.63632 0 0 0 0 0 0 0 0
320 1200 23.0 1.50528 519 23.0 1.50528 7.0 0.0 24.0 3.35022 0 0 0 0 0 0 0 0
320 1280 30.0 3.12733 533 30.0 3.12733 9.0 2.56991 25.0 2.32724 0 0 0 0 0 0 0 0
320 1360 38.0 5.73938 581 38.0 5.73938 10.0 2.79413 23.0 4.80812 0 0 0 0 0 0 0 0
320 1440 32.0 2.60412 610 32.0 2.60412 6.0 0.0 33.0 0.89612 0 0 0 0 0 0 0 0
320 1520 34.0 1.62918 577 34.0 1.62918 13.0 0.998026 29.0 1.11633 0 0 0 0 0 0 0 0
320 1600 29.0 3.54793 636 29.0 3.54793 6.0 1.12697 17.0 1.37706 0 0 0 0 0 0 0 0
320 1680 33.0 0.824847 657 33.0 0.824847 10.0 0.459231 37.0 2.478323 0 0 0 0 0 0 0 0
320 1760 29.0 0.014 643 29.0 0.014 6.0 0.0 30.0 2.41139 0 0 0 0 0 0 0 0
320 1840 37.0 3.57664 670 37.0 3.57664 9.0 1.5258 31.0 1.55921 0 0 0 0 0 0 0 0
320 1920 32.0 1.46126 673 32.0 1.46126 6.0 0.570752 22.0 2.34635 0 0 0 0 0 0 0 0
320 2000 36.0 2.53559 680 36.0 2.53559 9.0 0.210529 25.0 5.2413 0 0 0 0 0 0 0 0
400 160 865.0 233.1019 12233 865.0 233.1019 221.0 95.0012 599.0 125.0063 0 0 0 0 0 0 0 0
400 240 0 0 0 0 0 0 0 0 0 0 0 0 0 0 0 0 0
400 320 0 0 0 0 0 0 0 0 0 0 0 0 0 0 0 0 0
400 400 968.0 338.7544 15000 968.0 338.7544 286.0 118.76019 658.0 190.4847 0 0 0 0 0 0 0 0
400 480 1335.0 319.3753 13639 1335.0 319.3753 346.0 132.6234 1077.0 192.4633 0 0 0 0 0 0 0 0
400 560 1262.0 312.322 12739 1262.0 312.322 340.0 114.01003 1031.0 172.8514 0 0 0 0 0 0 0 0
400 640 1172.0 314.9842 12038 1172.0 314.9842 342.0 118.4577 884.0 181.7631 0 0 0 0 0 0 0 0
400 720 1260.0 339.65969 12640 1260.0 339.65969 377.0 137.651924 874.0 177.26945 0 0 0 0 0 0 0 0
400 800 1021.0 291.5734 11905 1021.0 291.5734 302.0 133.5452 682.0 152.14 0 0 0 0 0 0 0 0
400 880 964.0 248.3971 11655 964.0 248.3971 294.0 143.0714 627.0 153.7404 0 0 0 0 0 0 0 0
400 960 941.0 233.5624 11876 941.0 233.5624 298.0 84.8908 560.0 133.6967 0 0 0 0 0 0 0 0
400 1040 912.0 264.1572 11975 912.0 264.1572 261.0 131.816 629.0 134.6938 0 0 0 0 0 0 0 0
400 1120 824.0 243.1323 11946 824.0 243.1323 262.0 108.23377 584.0 133.5396 0 0 0 0 0 0 0 0
400 1200 839.0 245.67 12141 839.0 245.67 265.0 73.61079 608.0 114.499 0 0 0 0 0 0 0 0
400 1280 804.0 253.779 12305 804.0 253.779 236.0 131.0705 599.0 119.3325 0 0 0 0 0 0 0 0
400 1360 813.0 242.719 12016 813.0 242.719 263.0 107.7025 679.0 114.9993 0 0 0 0 0 0 0 0
400 1440 888.0 206.1925 12223 888.0 206.1925 247.0 83.984 612.0 131.2987 0 0 0 0 0 0 0 0
400 1520 838.0 222.9986 12328 838.0 222.9986 259.0 91.0543 585.0 112.3838 0 0 0 0 0 0 0 0
400 1600 865.0 233.1019 12233 865.0 233.1019 221.0 95.0012 599.0 125.0063 0 0 0 0 0 0 0 0
400 1680 839.0 189.64445 12556 839.0 189.64445 222.0 65.15244 612.0 116.82602 0 0 0 0 0 0 0 0
400 1760 844.0 212.9145 12473 844.0 212.9145 233.0 90.61864 567.0 123.7625 0 0 0 0 0 0 0 0
400 1840 843.0 236.5331 12316 843.0 236.5331 253.0 100.5037 669.0 97.2023 0 0 0 0 0 0 0 0
400 1920 867.0 221.95202 12728 867.0 221.95202 213.0 103.821497 623.0 105.00135 0 0 0 0 0 0 0 0
400 2000 870.0 231.14808 12615 870.0 231.14808 230.0 99.77079 595.0 115.94417 0 0 0 0 0 0 0 0
480 160 1775.0 333.9721 11686 1775.0 333.9721 467.0 154.5083 1458.0 144.8091 0 0 0 0 0 0 0 0
480 240 0 0 0 0 0 0 0 0 0 0 0 0 0 0 0 0 0
480 320 0 0 0 0 0 0 0 0 0 0 0 0 0 0 0 0 0
480 400 1019.0 340.0801 10976 1019.0 340.0801 254.0 125.24183 799.0 192.4821 0 0 0 0 0 0 0 0
480 480 2184.0 512.7034 15000 2184.0 512.7034 502.0 166.2802 1830.0 319.8206 0 0 0 0 0 0 0 0
480 560 2279.0 455.7157 13050 2279.0 455.7157 537.0 168.2931 1944.0 248.7309 0 0 0 0 0 0 0 0
480 640 2247.0 402.75523 12581 2247.0 402.75523 548.0 159.752933 1895.0 220.05638 0 0 0 0 0 0 0 0
480 720 2150.0 369.1186 12060 2150.0 369.1186 536.0 137.9263 1720.0 167.2875 0 0 0 0 0 0 0 0
480 800 2083.0 351.0265 11649 2083.0 351.0265 570.0 137.6024 1562.0 194.8832 0 0 0 0 0 0 0 0
480 880 2015.0 354.2965 11755 2015.0 354.2965 517.0 156.2041 1532.0 164.6534 0 0 0 0 0 0 0 0
480 960 1929.0 399.7204 11609 1929.0 399.7204 505.0 218.9995 1562.0 168.2955 0 0 0 0 0 0 0 0
480 1040 1942.0 323.5474 12256 1942.0 323.5474 483.0 140.6444 1498.0 169.8113 0 0 0 0 0 0 0 0
480 1120 1824.0 300.064 11527 1824.0 300.064 489.0 135.4652 1424.0 167.7631 0 0 0 0 0 0 0 0
480 1200 1820.0 335.211 11490 1820.0 335.211 465.0 141.547 1425.0 152.0601 0 0 0 0 0 0 0 0
480 1280 1841.0 338.3065 11975 1841.0 338.3065 446.0 141.7307 1464.0 164.1719 0 0 0 0 0 0 0 0
480 1360 1892.0 316.6109 12282 1892.0 316.6109 477.0 99.4852 1500.0 180.6307 0 0 0 0 0 0 0 0
480 1440 1882.0 326.7325 12181 1882.0 326.7325 452.0 105.8045 1432.0 167.6185 0 0 0 0 0 0 0 0
480 1520 1815.0 347.4903 11859 1815.0 347.4903 457.0 176.3354 1518.0 133.7298 0 0 0 0 0 0 0 0
480 1600 1775.0 333.9721 11686 1775.0 333.9721 467.0 154.5083 1458.0 144.8091 0 0 0 0 0 0 0 0
480 1680 1881.0 304.023 12175 1881.0 304.023 482.0 110.8624 1464.0 168.4686 0 0 0 0 0 0 0 0
480 1760 1875.0 316.7645 12159 1875.0 316.7645 496.0 148.0426 1495.0 170.6932 0 0 0 0 0 0 0 0
480 1840 1778.0 356.0984 11627 1778.0 356.0984 459.0 170.4815 1372.0 164.5996 0 0 0 0 0 0 0 0
480 1920 1759.0 353.2808 11632 1759.0 353.2808 468.0 135.7089 1439.0 142.644 0 0 0 0 0 0 0 0
480 2000 1802.0 320.753 11762 1802.0 320.753 466.0 121.7399 1447.0 152.899 0 0 0 0 0 0 0 0
560 160 2318.0 307.5702 11529 2318.0 307.5702 662.0 119.8949 1702.0 158.3761 0 0 0 0 0 0 0 0
560 240 0 0 0 0 0 0 0 0 0 0 0 0 0 0 0 0 0
560 320 0 0 0 0 0 0 0 0 0 0 0 0 0 0 0 0 0
560 400 1012.0 322.6596 11135 1012.0 322.6596 264.0 127.5783 845.0 230.4109 0 0 0 0 0 0 0 0
560 480 1820.0 517.2426 11356 1820.0 517.2426 402.0 150.4615 1548.0 296.0122 0 0 0 0 0 0 0 0
560 560 2922.0 653.8798 15000 2922.0 653.8798 765.0 252.4264 2369.0 332.2042 0 0 0 0 0 0 0 0
560 640 2645.0 438.696 12387 2645.0 438.696 718.0 164.4105 2215.0 225.205 0 0 0 0 0 0 0 0
560 720 2680.0 360.3124 12434 2680.0 360.3124 725.0 158.6797 2097.0 210.6496 0 0 0 0 0 0 0 0
560 800 2675.0 396.4812 12115 2675.0 396.4812 759.0 165.6719 2010.0 208.9394 0 0 0 0 0 0 0 0
560 880 2658.0 399.6072 12038 2658.0 399.6072 752.0 197.0674 1903.0 217.8028 0 0 0 0 0 0 0 0
560 960 2409.0 386.2558 11673 2409.0 386.2558 685.0 147.3341 1832.0 194.2243 0 0 0 0 0 0 0 0
560 1040 2458.0 377.5224 11541 2458.0 377.5224 714.0 177.9554 1682.0 218.4895 0 0 0 0 0 0 0 0
560 1120 2426.0 334.2536 11735 2426.0 334.2536 699.0 134.7816 1794.0 193.308 0 0 0 0 0 0 0 0
560 1200 2195.0 386.4687 11038 2195.0 386.4687 637.0 172.1014 1653.0 169.1627 0 0 0 0 0 0 0 0
560 1280 2302.0 338.0604 11290 2302.0 338.0604 691.0 131.8566 1668.0 171.2812 0 0 0 0 0 0 0 0
560 1360 2311.0 376.6656 11440 2311.0 376.6656 629.0 130.2158 1664.0 154.8972 0 0 0 0 0 0 0 0
560 1440 2357.0 361.9059 11538 2357.0 361.9059 663.0 136.0059 1741.0 166.7611 0 0 0 0 0 0 0 0
560 1520 2274.0 401.7897 11555 2274.0 401.7897 657.0 178.9391 1786.0 190.4405 0 0 0 0 0 0 0 0
560 1600 2318.0 307.5702 11529 2318.0 307.5702 662.0 119.8949 1702.0 158.3761 0 0 0 0 0 0 0 0
560 1680 2127.0 345.5103 11084 2127.0 345.5103 625.0 153.3754 1707.0 161.7177 0 0 0 0 0 0 0 0
560 1760 2269.0 349.848 11734 2269.0 349.848 658.0 136.7938 1809.0 189.6594 0 0 0 0 0 0 0 0
560 1840 2220.0 350.8739 11381 2220.0 350.8739 650.0 162.935 1682.0 185.3562 0 0 0 0 0 0 0 0
560 1920 2152.0 319.5126 11038 2152.0 319.5126 632.0 137.2237 1536.0 141.1326 0 0 0 0 0 0 0 0
560 2000 2199.0 352.7472 11339 2199.0 352.7472 645.0 150.9475 1636.0 173.5172 0 0 0 0 0 0 0 0
640 160 2518.0 315.8937 11046 2518.0 315.8937 828.0 122.19 1610.0 189.5965 0 0 0 0 0 0 0 0
640 240 0 0 0 0 0 0 0 0 0 0 0 0 0 0 0 0 0
640 320 0 0 0 0 0 0 0 0 0 0 0 0 0 0 0 0 0
640 400 1098.0 347.6774 11104 1098.0 347.6774 293.0 124.91423 766.0 230.1614 0 0 0 0 0 0 0 0
640 480 1952.0 519.7622 11350 1952.0 519.7622 470.0 173.6871 1721.0 342.1368 0 0 0 0 0 0 0 0
640 560 2298.0 548.8119 11153 2298.0 548.8119 558.0 220.81084 1935.0 284.304 0 0 0 0 0 0 0 0
640 640 2742.0 487.7054 11775 2742.0 487.7054 796.0 188.6892 1971.0 234.3723 0 0 0 0 0 0 0 0
640 720 2880.0 494.744 11429 2880.0 494.744 950.0 228.9391 1878.0 229.1548 0 0 0 0 0 0 0 0
640 800 2918.0 502.361 11699 2918.0 502.361 1010.0 228.8071 1894.0 255.735 0 0 0 0 0 0 0 0
640 880 2833.0 432.6365 11479 2833.0 432.6365 990.0 188.5301 1827.0 231.9633 0 0 0 0 0 0 0 0
640 960 2688.0 422.2623 11008 2688.0 422.2623 949.0 159.23052 1761.0 189.6693 0 0 0 0 0 0 0 0
640 1040 2714.0 391.7727 11041 2714.0 391.7727 932.0 182.2265 1657.0 150.2823 0 0 0 0 0 0 0 0
640 1120 2541.0 392.7952 10953 2541.0 392.7952 869.0 164.5098 1739.0 216.2846 0 0 0 0 0 0 0 0
640 1200 2492.0 380.2246 10919 2492.0 380.2246 811.0 188.5556 1671.0 208.7346 0 0 0 0 0 0 0 0
640 1280 2519.0 323.5241 10826 2519.0 323.5241 897.0 106.8158 1629.0 200.4253 0 0 0 0 0 0 0 0
640 1360 2361.0 335.3557 10545 2361.0 335.3557 818.0 131.24351 1569.0 198.7722 0 0 0 0 0 0 0 0
640 1440 2428.0 321.5612 10656 2428.0 321.5612 826.0 136.7662 1574.0 202.7723 0 0 0 0 0 0 0 0
640 1520 2534.0 368.7721 11109 2534.0 368.7721 881.0 169.9432 1669.0 169.8325 0 0 0 0 0 0 0 0
640 1600 2518.0 315.8937 11046 2518.0 315.8937 828.0 122.19 1610.0 189.5965 0 0 0 0 0 0 0 0
640 1680 2342.0 306.9726 10635 2342.0 306.9726 763.0 121.91477 1642.0 184.0053 0 0 0 0 0 0 0 0
640 1760 2315.0 354.69741 10492 2315.0 354.69741 766.0 152.96386 1523.0 164.13889 0 0 0 0 0 0 0 0
640 1840 2418.0 402.3687 10749 2418.0 402.3687 839.0 181.8684 1489.0 158.9221 0 0 0 0 0 0 0 0
640 1920 2508.0 326.7 11038 2508.0 326.7 856.0 131.67094 1588.0 212.6115 0 0 0 0 0 0 0 0
640 2000 2361.0 388.4311 10980 2361.0 388.4311 830.0 188.0439 1650.0 191.392 0 0 0 0 0 0 0 0
720 160 2445.0 411.161 10598 2445.0 411.161 947.0 179.50984 1405.0 173.4536 0 0 0 0 0 0 0 0
720 240 0 0 0 0 0 0 0 0 0 0 0 0 0 0 0 0 0
720 320 0 0 0 0 0 0 0 0 0 0 0 0 0 0 0 0 0
720 400 1007.0 348.151 11153 1007.0 348.151 272.0 122.968 773.0 222.5322 0 0 0 0 0 0 0 0
720 480 1924.0 547.0844 11169 1924.0 547.0844 487.0 174.7494 1579.0 344.8485 0 0 0 0 0 0 0 0
720 560 2435.0 588.2498 11385 2435.0 588.2498 642.0 218.283 1982.0 349.9162 0 0 0 0 0 0 0 0
720 640 2617.0 500.6169 10831 2617.0 500.6169 751.0 154.13332 1903.0 314.6077 0 0 0 0 0 0 0 0
720 720 2993.0 519.2489 11574 2993.0 519.2489 1086.0 193.2461 1816.0 261.4311 0 0 0 0 0 0 0 0
720 800 3052.0 539.0953 11422 3052.0 539.0953 1197.0 239.8143 1744.0 257.4598 0 0 0 0 0 0 0 0
720 880 3020.0 518.4594 11311 3020.0 518.4594 1164.0 224.7811 1698.0 234.9304 0 0 0 0 0 0 0 0
720 960 2806.0 445.1787 10962 2806.0 445.1787 1115.0 211.2846 1590.0 214.5434 0 0 0 0 0 0 0 0
720 1040 2870.0 432.5404 11173 2870.0 432.5404 1160.0 201.6931 1627.0 246.2806 0 0 0 0 0 0 0 0
720 1120 2765.0 379.6939 10934 2765.0 379.6939 1120.0 157.2864 1499.0 238.484 0 0 0 0 0 0 0 0
720 1200 2652.0 447.6489 10892 2652.0 447.6489 1022.0 200.4321 1546.0 171.2582 0 0 0 0 0 0 0 0
720 1280 2511.0 364.7754 10508 2511.0 364.7754 995.0 173.3794 1445.0 185.1174 0 0 0 0 0 0 0 0
720 1360 2665.0 420.8107 10967 2665.0 420.8107 1046.0 168.9701 1545.0 202.0688 0 0 0 0 0 0 0 0
720 1440 2659.0 350.6048 11052 2659.0 350.6048 1025.0 159.8275 1567.0 151.3463 0 0 0 0 0 0 0 0
720 1520 2541.0 348.7984 10828 2541.0 348.7984 983.0 192.1808 1480.0 218.4582 0 0 0 0 0 0 0 0
720 1600 2445.0 411.161 10598 2445.0 411.161 947.0 179.50984 1405.0 173.4536 0 0 0 0 0 0 0 0
720 1680 2459.0 419.2132 10546 2459.0 419.2132 979.0 210.90835 1433.0 198.9074 0 0 0 0 0 0 0 0
720 1760 2452.0 397.1156 10616 2452.0 397.1156 974.0 220.86039 1410.0 183.9247 0 0 0 0 0 0 0 0
720 1840 2365.0 356.4884 10633 2365.0 356.4884 917.0 182.0226 1416.0 172.4869 0 0 0 0 0 0 0 0
720 1920 2547.0 348.793 10674 2547.0 348.793 951.0 143.4516 1472.0 134.803 0 0 0 0 0 0 0 0
720 2000 2592.0 363.6355 10901 2592.0 363.6355 994.0 179.3912 1473.0 167.713 0 0 0 0 0 0 0 0
800 160 2428.0 331.3274 10705 2428.0 331.3274 1087.0 151.5432 1245.0 194.6161 0 0 0 0 0 0 0 0
800 240 0 0 0 0 0 0 0 0 0 0 0 0 0 0 0 0 0
800 320 0 0 0 0 0 0 0 0 0 0 0 0 0 0 0 0 0
800 400 937.0 319.0368 11181 937.0 319.0368 275.0 110.5534 722.0 176.1876 0 0 0 0 0 0 0 0
800 480 1985.0 562.4153 11569 1985.0 562.4153 483.0 194.1409 1585.0 352.3777 0 0 0 0 0 0 0 0
800 560 2401.0 573.2734 11296 2401.0 573.2734 618.0 191.3148 1931.0 364.9016 0 0 0 0 0 0 0 0
800 640 2623.0 637.9517 11048 2623.0 637.9517 764.0 247.9545 1858.0 344.4333 0 0 0 0 0 0 0 0
800 720 2687.0 547.108 10461 2687.0 547.108 925.0 226.2245 1699.0 243.1487 0 0 0 0 0 0 0 0
800 800 3112.0 558.7609 11421 3112.0 558.7609 1322.0 266.4129 1596.0 298.4021 0 0 0 0 0 0 0 0
800 880 3127.0 525.2097 11401 3127.0 525.2097 1411.0 256.2963 1576.0 263.9096 0 0 0 0 0 0 0 0
800 960 3144.0 474.0231 11433 3144.0 474.0231 1369.0 214.1563 1574.0 239.7769 0 0 0 0 0 0 0 0
800 1040 2806.0 399.5709 10884 2806.0 399.5709 1291.0 183.1864 1381.0 227.5056 0 0 0 0 0 0 0 0
800 1120 2704.0 376.7552 10717 2704.0 376.7552 1237.0 175.6489 1288.0 184.9649 0 0 0 0 0 0 0 0
800 1200 2590.0 368.2305 10708 2590.0 368.2305 1164.0 190.98166 1291.0 185.2598 0 0 0 0 0 0 0 0
800 1280 2559.0 445.507 10622 2559.0 445.507 1164.0 175.3826 1304.0 230.1001 0 0 0 0 0 0 0 0
800 1360 2630.0 358.2292 10824 2630.0 358.2292 1182.0 172.5238 1280.0 143.6611 0 0 0 0 0 0 0 0
800 1440 2450.0 372.2379 10613 2450.0 372.2379 1121.0 189.8365 1283.0 195.9791 0 0 0 0 0 0 0 0
800 1520 2485.0 382.91008 10624 2485.0 382.91008 1062.0 171.19396 1242.0 152.76302 0 0 0 0 0 0 0 0
800 1600 2428.0 331.3274 10705 2428.0 331.3274 1087.0 151.5432 1245.0 194.6161 0 0 0 0 0 0 0 0
800 1680 2451.0 333.0983 10674 2451.0 333.0983 1067.0 163.9184 1278.0 172.5883 0 0 0 0 0 0 0 0
800 1760 2284.0 348.41334 10271 2284.0 348.41334 1029.0 182.23164 1135.0 220.20456 0 0 0 0 0 0 0 0
800 1840 2198.0 370.5786 10532 2198.0 370.5786 1004.0 184.186 1141.0 162.2851 0 0 0 0 0 0 0 0
800 1920 2288.0 361.3072 10709 2288.0 361.3072 980.0 182.01094 1193.0 181.3701 0 0 0 0 0 0 0 0
800 2000 2274.0 338.18392 10549 2274.0 338.18392 1023.0 175.55702 1135.0 184.72948 0 0 0 0 0 0 0 0
880 160 2112.0 367.48281 10380 2112.0 367.48281 1014.0 169.45654 893.0 127.59449 0 0 0 0 0 0 0 0
880 240 0 0 0 0 0 0 0 0 0 0 0 0 0 0 0 0 0
880 320 0 0 0 0 0 0 0 0 0 0 0 0 0 0 0 0 0
880 400 945.0 324.0114 11087 945.0 324.0114 298.0 109.27014 609.0 204.8982 0 0 0 0 0 0 0 0
880 480 1907.0 548.5421 11582 1907.0 548.5421 477.0 192.9224 1462.0 313.8509 0 0 0 0 0 0 0 0
880 560 2331.0 536.8739 11370 2331.0 536.8739 575.0 167.9752 1916.0 369.3281 0 0 0 0 0 0 0 0
880 640 2495.0 610.9738 11046 2495.0 610.9738 759.0 237.2861 1843.0 339.4618 0 0 0 0 0 0 0 0
880 720 2466.0 540.4043 10532 2466.0 540.4043 891.0 218.4187 1605.0 308.9747 0 0 0 0 0 0 0 0
880 800 2552.0 556.9142 10221 2552.0 556.9142 1020.0 277.14391 1371.0 284.5275 0 0 0 0 0 0 0 0
880 880 2824.0 533.2281 10931 2824.0 533.2281 1344.0 238.9046 1315.0 303.3761 0 0 0 0 0 0 0 0
880 960 2904.0 535.6605 11263 2904.0 535.6605 1477.0 275.1851 1305.0 288.7958 0 0 0 0 0 0 0 0
880 1040 2742.0 428.3717 11138 2742.0 428.3717 1400.0 206.9188 1205.0 210.7193 0 0 0 0 0 0 0 0
880 1120 2469.0 412.5544 10798 2469.0 412.5544 1143.0 196.9125 1133.0 186.4291 0 0 0 0 0 0 0 0
880 1200 2396.0 409.1229 10587 2396.0 409.1229 1182.0 205.09696 1075.0 159.9544 0 0 0 0 0 0 0 0
880 1280 2403.0 392.483 10946 2403.0 392.483 1150.0 193.1077 1026.0 151.7637 0 0 0 0 0 0 0 0
880 1360 2457.0 365.4172 10744 2457.0 365.4172 1204.0 202.26705 1075.0 153.8985 0 0 0 0 0 0 0 0
880 1440 2179.0 334.1526 10506 2179.0 334.1526 1044.0 163.60946 991.0 172.4265 0 0 0 0 0 0 0 0
880 1520 2228.0 349.1179 10794 2228.0 349.1179 1143.0 166.2565 993.0 167.8245 0 0 0 0 0 0 0 0
880 1600 2112.0 367.48281 10380 2112.0 367.48281 1014.0 169.45654 893.0 127.59449 0 0 0 0 0 0 0 0
880 1680 2060.0 351.32091 10392 2060.0 351.32091 1034.0 164.12427 917.0 151.17802 0 0 0 0 0 0 0 0
880 1760 2075.0 312.8998 10631 2075.0 312.8998 1022.0 162.46969 949.0 126.0123 0 0 0 0 0 0 0 0
880 1840 2115.0 370.1512 10733 2115.0 370.1512 1036.0 188.7017 966.0 153.2677 0 0 0 0 0 0 0 0
880 1920 1909.0 300.8315 10657 1909.0 300.8315 920.0 164.92693 942.0 128.3477 0 0 0 0 0 0 0 0
880 2000 1902.0 278.72623 10489 1902.0 278.72623 902.0 130.24193 848.0 137.15487 0 0 0 0 0 0 0 0
960 160 1632.0 283.1632 10454 1632.0 283.1632 838.0 151.63419 697.0 113.9014 0 0 0 0 0 0 0 0
960 240 0 0 0 0 0 0 0 0 0 0 0 0 0 0 0 0 0
960 320 0 0 0 0 0 0 0 0 0 0 0 0 0 0 0 0 0
960 400 860.0 260.6569 11035 860.0 260.6569 256.0 96.25304 553.0 180.2465 0 0 0 0 0 0 0 0
960 480 1847.0 542.1233 11316 1847.0 542.1233 470.0 211.6667 1429.0 320.0691 0 0 0 0 0 0 0 0
960 560 2294.0 569.7869 11338 2294.0 569.7869 610.0 192.5686 1889.0 352.0191 0 0 0 0 0 0 0 0
960 640 2469.0 522.1331 10898 2469.0 522.1331 746.0 183.4903 1841.0 341.8729 0 0 0 0 0 0 0 0
960 720 2380.0 539.8855 10499 2380.0 539.8855 828.0 237.1851 1502.0 280.1905 0 0 0 0 0 0 0 0
960 800 2305.0 494.6793 10293 2305.0 494.6793 900.0 224.0499 1347.0 270.6822 0 0 0 0 0 0 0 0
960 880 2351.0 450.1966 10320 2351.0 450.1966 1089.0 226.06859 1135.0 284.8087 0 0 0 0 0 0 0 0
960 960 2315.0 486.6211 10607 2315.0 486.6211 1205.0 241.3082 882.0 171.9732 0 0 0 0 0 0 0 0
960 1040 2486.0 469.6886 10996 2486.0 469.6886 1320.0 275.2529 941.0 151.0837 0 0 0 0 0 0 0 0
960 1120 2258.0 419.4511 10863 2258.0 419.4511 1224.0 248.8482 846.0 142.5805 0 0 0 0 0 0 0 0
960 1200 2087.0 332.0098 10911 2087.0 332.0098 1096.0 187.8788 823.0 142.769 0 0 0 0 0 0 0 0
960 1280 1976.0 400.406 10726 1976.0 400.406 1035.0 185.6826 844.0 159.1319 0 0 0 0 0 0 0 0
960 1360 1806.0 273.55623 10586 1806.0 273.55623 936.0 159.28517 760.0 107.46767 0 0 0 0 0 0 0 0
960 1440 1809.0 302.2487 10602 1809.0 302.2487 932.0 172.86721 728.0 147.5808 0 0 0 0 0 0 0 0
960 1520 1733.0 309.01261 10594 1733.0 309.01261 894.0 165.22863 716.0 131.13849 0 0 0 0 0 0 0 0
960 1600 1632.0 283.1632 10454 1632.0 283.1632 838.0 151.63419 697.0 113.9014 0 0 0 0 0 0 0 0
960 1680 1761.0 310.8103 10737 1761.0 310.8103 896.0 168.57782 746.0 145.8012 0 0 0 0 0 0 0 0
960 1760 1632.0 275.0869 10586 1632.0 275.0869 850.0 116.41931 667.0 101.0054 0 0 0 0 0 0 0 0
960 1840 1665.0 281.2872 10857 1665.0 281.2872 865.0 149.32712 670.0 128.6334 0 0 0 0 0 0 0 0
960 1920 1666.0 243.3606 10798 1666.0 243.3606 871.0 132.72837 651.0 160.9682 0 0 0 0 0 0 0 0
960 2000 1462.0 247.5706 10569 1462.0 247.5706 739.0 100.11942 651.0 127.3069 0 0 0 0 0 0 0 0
1040 160 1288.0 222.59541 10842 1288.0 222.59541 697.0 139.27197 526.0 76.55609 0 0 0 0 0 0 0 0
1040 240 0 0 0 0 0 0 0 0 0 0 0 0 0 0 0 0 0
1040 320 0 0 0 0 0 0 0 0 0 0 0 0 0 0 0 0 0
1040 400 890.0 282.0892 11335 890.0 282.0892 255.0 109.85973 621.0 171.4054 0 0 0 0 0 0 0 0
1040 480 1722.0 527.4188 11533 1722.0 527.4188 429.0 188.0221 1424.0 334.4172 0 0 0 0 0 0 0 0
1040 560 2272.0 597.1555 11560 2272.0 597.1555 589.0 192.076 1832.0 345.3825 0 0 0 0 0 0 0 0
1040 640 2359.0 618.2342 11031 2359.0 618.2342 704.0 250.8378 1829.0 310.9603 0 0 0 0 0 0 0 0
1040 720 2165.0 552.5455 10489 2165.0 552.5455 774.0 228.02364 1508.0 280.2595 0 0 0 0 0 0 0 0
1040 800 2131.0 543.6146 10338 2131.0 543.6146 879.0 245.2507 1215.0 288.6609 0 0 0 0 0 0 0 0
1040 880 1885.0 459.6428 10198 1885.0 459.6428 862.0 238.52013 988.0 248.6779 0 0 0 0 0 0 0 0
1040 960 1850.0 466.9724 10521 1850.0 466.9724 909.0 213.15996 809.0 193.7257 0 0 0 0 0 0 0 0
1040 1040 1925.0 400.9659 10925 1925.0 400.9659 1064.0 213.9852 731.0 187.5584 0 0 0 0 0 0 0 0
1040 1120 1778.0 344.828 10782 1778.0 344.828 954.0 211.26723 621.0 146.0269 0 0 0 0 0 0 0 0
1040 1200 1507.0 278.956 10701 1507.0 278.956 816.0 151.5183 606.0 142.5956 0 0 0 0 0 0 0 0
1040 1280 1464.0 319.168 10682 1464.0 319.168 802.0 144.98396 573.0 149.3877 0 0 0 0 0 0 0 0
1040 1360 1555.0 269.04983 10933 1555.0 269.04983 834.0 135.23013 556.0 123.36097 0 0 0 0 0 0 0 0
1040 1440 1404.0 267.989 10701 1404.0 267.989 730.0 167.03696 536.0 97.863 0 0 0 0 0 0 0 0
1040 1520 1264.0 233.0355 10673 1264.0 233.0355 676.0 148.25899 557.0 80.2728 0 0 0 0 0 0 0 0
1040 1600 1288.0 222.59541 10842 1288.0 222.59541 697.0 139.27197 526.0 76.55609 0 0 0 0 0 0 0 0
1040 1680 1235.0 188.8495 10621 1235.0 188.8495 657.0 94.85749 507.0 72.4242 0 0 0 0 0 0 0 0
1040 1760 1209.0 195.879 10879 1209.0 195.879 647.0 95.75344 477.0 91.4746 0 0 0 0 0 0 0 0
1040 1840 1305.0 211.36734 10759 1305.0 211.36734 694.0 123.04316 484.0 88.89596 0 0 0 0 0 0 0 0
1040 1920 1120.0 204.87092 10697 1120.0 204.87092 580.0 98.28909 462.0 99.83118 0 0 0 0 0 0 0 0
1040 2000 1199.0 150.90207 10683 1199.0 150.90207 618.0 77.94891 473.0 75.63532 0 0 0 0 0 0 0 0
1120 160 885.0 210.9135 10734 885.0 210.9135 452.0 115.09146 383.0 52.4861 0 0 0 0 0 0 0 0
1120 240 0 0 0 0 0 0 0 0 0 0 0 0 0 0 0 0 0
1120 320 0 0 0 0 0 0 0 0 0 0 0 0 0 0 0 0 0
1120 400 814.0 276.248 11096 814.0 276.248 212.0 109.8042 564.0 151.3199 0 0 0 0 0 0 0 0
1120 480 1736.0 490.8787 11486 1736.0 490.8787 394.0 148.6658 1429.0 313.0043 0 0 0 0 0 0 0 0
1120 560 2205.0 563.9858 11394 2205.0 563.9858 552.0 194.5027 1813.0 318.0032 0 0 0 0 0 0 0 0
1120 640 2349.0 521.239 11110 2349.0 521.239 728.0 165.9294 1718.0 347.102 0 0 0 0 0 0 0 0
1120 720 2172.0 492.6417 10612 2172.0 492.6417 770.0 192.53155 1452.0 284.8593 0 0 0 0 0 0 0 0
1120 800 1922.0 436.25586 10372 1922.0 436.25586 699.0 180.71843 1097.0 217.25324 0 0 0 0 0 0 0 0
1120 880 1701.0 357.5436 10424 1701.0 357.5436 749.0 154.84886 866.0 208.3279 0 0 0 0 0 0 0 0
1120 960 1520.0 295.213 10376 1520.0 295.213 739.0 156.6533 648.0 181.4553 0 0 0 0 0 0 0 0
1120 1040 1319.0 286.9249 10513 1319.0 286.9249 677.0 137.80164 568.0 132.227 0 0 0 0 0 0 0 0
1120 1120 1375.0 286.5551 10742 1375.0 286.5551 754.0 162.7863 493.0 90.1968 0 0 0 0 0 0 0 0
1120 1200 1217.0 240.83888 10657 1217.0 240.83888 678.0 135.87904 441.0 99.49272 0 0 0 0 0 0 0 0
1120 1280 1058.0 224.0103 10747 1058.0 224.0103 559.0 102.8884 403.0 79.6989 0 0 0 0 0 0 0 0
1120 1360 1037.0 179.0656 10664 1037.0 179.0656 565.0 93.4213 394.0 110.9575 0 0 0 0 0 0 0 0
1120 1440 1043.0 191.55279 10679 1043.0 191.55279 556.0 103.96282 413.0 61.30199 0 0 0 0 0 0 0 0
1120 1520 973.0 194.45478 10709 973.0 194.45478 535.0 129.09914 378.0 67.94325 0 0 0 0 0 0 0 0
1120 1600 885.0 210.9135 10734 885.0 210.9135 452.0 115.09146 383.0 52.4861 0 0 0 0 0 0 0 0
1120 1680 874.0 109.12642 10521 874.0 109.12642 435.0 56.01077 373.0 80.51508 0 0 0 0 0 0 0 0
1120 1760 859.0 145.4482 10690 859.0 145.4482 444.0 70.1144 336.0 79.6752 0 0 0 0 0 0 0 0
1120 1840 868.0 176.4731 10825 868.0 176.4731 445.0 90.04584 391.0 54.6725 0 0 0 0 0 0 0 0
1120 1920 832.0 109.21759 10747 832.0 109.21759 416.0 66.77111 350.0 58.38908 0 0 0 0 0 0 0 0
1120 2000 752.0 129.81527 10475 752.0 129.81527 398.0 74.80197 338.0 50.78334 0 0 0 0 0 0 0 0
1200 160 616.0 98.6677 10705 616.0 98.6677 309.0 57.72276 298.0 37.4544 0 0 0 0 0 0 0 0
1200 240 0 0 0 0 0 0 0 0 0 0 0 0 0 0 0 0 0
1200 320 0 0 0 0 0 0 0 0 0 0 0 0 0 0 0 0 0
1200 400 797.0 251.9194 11163 797.0 251.9194 210.0 115.3383 568.0 211.0615 0 0 0 0 0 0 0 0
1200 480 1700.0 509.0893 11638 1700.0 509.0893 378.0 175.5866 1414.0 298.3247 0 0 0 0 0 0 0 0
1200 560 2245.0 561.3568 11647 2245.0 561.3568 542.0 162.6795 1858.0 312.9592 0 0 0 0 0 0 0 0
1200 640 2265.0 545.1962 11177 2265.0 545.1962 673.0 184.8327 1824.0 335.2428 0 0 0 0 0 0 0 0
1200 720 2060.0 436.0469 10543 2060.0 436.0469 645.0 161.73927 1346.0 286.3941 0 0 0 0 0 0 0 0
1200 800 1697.0 449.8964 10529 1697.0 449.8964 654.0 168.63236 1050.0 221.6945 0 0 0 0 0 0 0 0
1200 880 1457.0 328.9019 10571 1457.0 328.9019 616.0 129.7671 743.0 157.2013 0 0 0 0 0 0 0 0
1200 960 1184.0 272.7392 10545 1184.0 272.7392 578.0 137.75923 549.0 146.7935 0 0 0 0 0 0 0 0
1200 1040 973.0 263.70532 10606 973.0 263.70532 477.0 155.907025 467.0 105.39088 0 0 0 0 0 0 0 0
1200 1120 893.0 271.5475 10561 893.0 271.5475 466.0 129.48002 393.0 95.032 0 0 0 0 0 0 0 0
1200 1200 877.0 198.3872 10725 877.0 198.3872 494.0 121.05472 372.0 79.4012 0 0 0 0 0 0 0 0
1200 1280 785.0 184.1612 10884 785.0 184.1612 430.0 119.38443 334.0 61.7098 0 0 0 0 0 0 0 0
1200 1360 740.0 166.90101 10896 740.0 166.90101 374.0 123.54896 308.0 72.55839 0 0 0 0 0 0 0 0
1200 1440 703.0 134.34345 10875 703.0 134.34345 348.0 86.16563 303.0 17.1551 0 0 0 0 0 0 0 0
1200 1520 673.0 106.30079 10710 673.0 106.30079 331.0 31.78306 317.0 39.99026 0 0 0 0 0 0 0 0
1200 1600 616.0 98.6677 10705 616.0 98.6677 309.0 57.72276 298.0 37.4544 0 0 0 0 0 0 0 0
1200 1680 648.0 75.74206 10835 648.0 75.74206 326.0 38.43523 284.0 33.9101 0 0 0 0 0 0 0 0
1200 1760 607.0 140.2431 10790 607.0 140.2431 280.0 59.47466 267.0 38.9589 0 0 0 0 0 0 0 0
1200 1840 609.0 71.72175 10790 609.0 71.72175 262.0 27.60685 265.0 38.23732 0 0 0 0 0 0 0 0
1200 1920 626.0 114.47073 10847 626.0 114.47073 284.0 82.12269 277.0 52.86671 0 0 0 0 0 0 0 0
1200 2000 558.0 103.0231 10656 558.0 103.0231 265.0 50.92103 281.0 22.303 0 0 0 0 0 0 0 0
1280 160 505.0 76.86053 10756 505.0 76.86053 213.0 48.934 272.0 22.05918 0 0 0 0 0 0 0 0
1280 240 0 0 0 0 0 0 0 0 0 0 0 0 0 0 0 0 0
1280 320 0 0 0 0 0 0 0 0 0 0 0 0 0 0 0 0 0
1280 400 832.0 261.7332 11118 832.0 261.7332 243.0 90.49267 547.0 150.0065 0 0 0 0 0 0 0 0
1280 480 1636.0 458.1684 11485 1636.0 458.1684 387.0 141.5672 1393.0 309.4552 0 0 0 0 0 0 0 0
1280 560 2085.0 560.5794 11487 2085.0 560.5794 505.0 181.65 1855.0 300.6336 0 0 0 0 0 0 0 0
1280 640 2195.0 518.509 10914 2195.0 518.509 624.0 189.7667 1718.0 290.1129 0 0 0 0 0 0 0 0
1280 720 1892.0 428.7312 10561 1892.0 428.7312 587.0 164.42957 1318.0 260.926 0 0 0 0 0 0 0 0
1280 800 1618.0 354.7945 10510 1618.0 354.7945 598.0 153.365 961.0 190.1352 0 0 0 0 0 0 0 0
1280 880 1226.0 304.4989 10601 1226.0 304.4989 490.0 143.55244 681.0 166.998 0 0 0 0 0 0 0 0
1280 960 983.0 204.55677 10502 983.0 204.55677 435.0 80.273821 503.0 113.21083 0 0 0 0 0 0 0 0
1280 1040 811.0 180.60372 10592 811.0 180.60372 363.0 84.36388 379.0 93.13858 0 0 0 0 0 0 0 0
1280 1120 642.0 142.18811 10568 642.0 142.18811 320.0 69.07953 332.0 83.33992 0 0 0 0 0 0 0 0
1280 1200 589.0 126.9527 10554 589.0 126.9527 262.0 80.02375 298.0 34.5176 0 0 0 0 0 0 0 0
1280 1280 535.0 63.82529 10642 535.0 63.82529 250.0 40.06004 250.0 47.85281 0 0 0 0 0 0 0 0
1280 1360 560.0 98.31885 10707 560.0 98.31885 262.0 57.25813 252.0 24.23922 0 0 0 0 0 0 0 0
1280 1440 557.0 118.930354 10858 557.0 118.930354 262.0 62.360346 247.0 29.283586 0 0 0 0 0 0 0 0
1280 1520 503.0 61.41156 10530 503.0 61.41156 239.0 28.25902 233.0 19.37631 0 0 0 0 0 0 0 0
1280 1600 505.0 76.86053 10756 505.0 76.86053 213.0 48.934 272.0 22.05918 0 0 0 0 0 0 0 0
1280 1680 485.0 80.21029 10842 485.0 80.21029 236.0 66.50085 230.0 31.08671 0 0 0 0 0 0 0 0
1280 1760 479.0 68.6208 10901 479.0 68.6208 213.0 34.605391 204.0 32.9208 0 0 0 0 0 0 0 0
1280 1840 463.0 76.88193 10852 463.0 76.88193 207.0 42.75391 261.0 15.1701 0 0 0 0 0 0 0 0
1280 1920 478.0 87.70678 10891 478.0 87.70678 203.0 67.63651 241.0 26.55672 0 0 0 0 0 0 0 0
1280 2000 422.0 58.54416 10810 422.0 58.54416 197.0 40.01994 240.0 19.6745 0 0 0 0 0 0 0 0
1360 160 396.0 49.347 10793 396.0 49.347 162.0 32.1343 197.0 17.41699 0 0 0 0 0 0 0 0
1360 240 0 0 0 0 0 0 0 0 0 0 0 0 0 0 0 0 0
1360 320 0 0 0 0 0 0 0 0 0 0 0 0 0 0 0 0 0
1360 400 765.0 259.502 11248 765.0 259.502 212.0 82.69446 565.0 145.0281 0 0 0 0 0 0 0 0
1360 480 1620.0 482.5275 11407 1620.0 482.5275 360.0 166.0193 1360.0 310.0425 0 0 0 0 0 0 0 0
1360 560 2176.0 542.8221 11481 2176.0 542.8221 504.0 179.4374 1890.0 297.1099 0 0 0 0 0 0 0 0
1360 640 2193.0 522.0088 11132 2193.0 522.0088 633.0 182.1604 1744.0 311.5181 0 0 0 0 0 0 0 0
1360 720 1795.0 461.1555 10657 1795.0 461.1555 600.0 183.5479 1330.0 242.3482 0 0 0 0 0 0 0 0
1360 800 1452.0 391.9313 10565 1452.0 391.9313 517.0 182.8442 910.0 214.2611 0 0 0 0 0 0 0 0
1360 880 1034.0 247.82468 10572 1034.0 247.82468 388.0 90.74205 625.0 143.29172 0 0 0 0 0 0 0 0
1360 960 791.0 161.1984 10684 791.0 161.1984 338.0 91.9933 460.0 101.9269 0 0 0 0 0 0 0 0
1360 1040 657.0 101.5177 10751 657.0 101.5177 290.0 51.41224 351.0 59.9032 0 0 0 0 0 0 0 0
1360 1120 547.0 91.82045 10623 547.0 91.82045 227.0 50.89032 248.0 23.80556 0 0 0 0 0 0 0 0
1360 1200 506.0 99.0364 10903 506.0 99.0364 224.0 43.66396 247.0 42.47742 0 0 0 0 0 0 0 0
1360 1280 478.0 58.35013 10747 478.0 58.35013 224.0 30.65772 246.0 41.53166 0 0 0 0 0 0 0 0
1360 1360 413.0 109.01047 10577 413.0 109.01047 179.0 67.558079 224.0 14.03323 0 0 0 0 0 0 0 0
1360 1440 433.0 99.7245 10706 433.0 99.7245 197.0 38.346332 219.0 18.1174 0 0 0 0 0 0 0 0
1360 1520 376.0 75.42763 10673 376.0 75.42763 149.0 44.773864 226.0 19.01468 0 0 0 0 0 0 0 0
1360 1600 396.0 49.347 10793 396.0 49.347 162.0 32.1343 197.0 17.41699 0 0 0 0 0 0 0 0
1360 1680 374.0 54.52417 10826 374.0 54.52417 120.0 39.6081 229.0 12.57133 0 0 0 0 0 0 0 0
1360 1760 351.0 46.95864 10805 351.0 46.95864 152.0 19.40951 225.0 17.40744 0 0 0 0 0 0 0 0
1360 1840 368.0 45.60836 10801 368.0 45.60836 144.0 22.876151 240.0 21.0896 0 0 0 0 0 0 0 0
1360 1920 360.0 44.18478 10926 360.0 44.18478 126.0 27.55312 226.0 14.15726 0 0 0 0 0 0 0 0
1360 2000 386.0 46.39309 10768 386.0 46.39309 161.0 24.056551 225.0 10.2108 0 0 0 0 0 0 0 0
1440 160 356.0 42.93936 11037 356.0 42.93936 139.0 25.86388 201.0 11.89752 0 0 0 0 0 0 0 0
1440 240 0 0 0 0 0 0 0 0 0 0 0 0 0 0 0 0 0
1440 320 0 0 0 0 0 0 0 0 0 0 0 0 0 0 0 0 0
1440 400 716.0 218.5079 11060 716.0 218.5079 203.0 75.13493 559.0 145.7478 0 0 0 0 0 0 0 0
1440 480 1630.0 435.8353 11549 1630.0 435.8353 343.0 126.4077 1427.0 262.9571 0 0 0 0 0 0 0 0
1440 560 2108.0 536.3677 11461 2108.0 536.3677 524.0 185.5255 1893.0 323.4763 0 0 0 0 0 0 0 0
1440 640 2161.0 498.5738 11095 2161.0 498.5738 565.0 173.1112 1778.0 326.4305 0 0 0 0 0 0 0 0
1440 720 1849.0 424.9117 10659 1849.0 424.9117 555.0 162.46593 1325.0 240.0055 0 0 0 0 0 0 0 0
1440 800 1395.0 323.2738 10578 1395.0 323.2738 491.0 121.60381 842.0 177.4252 0 0 0 0 0 0 0 0
1440 880 917.0 223.4623 10635 917.0 223.4623 335.0 91.98499 568.0 109.4859 0 0 0 0 0 0 0 0
1440 960 630.0 146.23936 10493 630.0 146.23936 257.0 66.734431 409.0 79.19785 0 0 0 0 0 0 0 0
1440 1040 499.0 94.30012 10592 499.0 94.30012 196.0 45.08333 312.0 63.81358 0 0 0 0 0 0 0 0
1440 1120 401.0 131.08988 10747 401.0 131.08988 167.0 59.60933 288.0 21.03641 0 0 0 0 0 0 0 0
1440 1200 387.0 48.68436 10682 387.0 48.68436 147.0 25.96662 259.0 26.23505 0 0 0 0 0 0 0 0
1440 1280 394.0 54.66343 10630 394.0 54.66343 154.0 31.548941 251.0 26.6011 0 0 0 0 0 0 0 0
1440 1360 343.0 72.78934 10884 343.0 72.78934 140.0 36.64802 234.0 19.8153 0 0 0 0 0 0 0 0
1440 1440 344.0 49.02392 10681 344.0 49.02392 119.0 20.917202 187.0 33.79959 0 0 0 0 0 0 0 0
1440 1520 333.0 55.82824 10839 333.0 55.82824 115.0 26.089568 217.0 23.41399 0 0 0 0 0 0 0 0
1440 1600 356.0 42.93936 11037 356.0 42.93936 139.0 25.86388 201.0 11.89752 0 0 0 0 0 0 0 0
1440 1680 307.0 47.67206 10902 307.0 47.67206 100.0 26.21093 217.0 27.66809 0 0 0 0 0 0 0 0
1440 1760 340.0 20.645733 10805 340.0 20.645733 127.0 12.307601 203.0 10.803307 0 0 0 0 0 0 0 0
1440 1840 328.0 39.157066 10833 328.0 39.157066 125.0 24.166161 208.0 6.734157 0 0 0 0 0 0 0 0
1440 1920 336.0 32.33608 10864 336.0 32.33608 116.0 18.080368 202.0 19.56732 0 0 0 0 0 0 0 0
1440 2000 301.0 29.11499 10821 301.0 29.11499 95.0 19.712356 217.0 8.53713 0 0 0 0 0 0 0 0
1520 160 290.0 30.70018 10701 290.0 30.70018 93.0 20.830703 234.0 8.60453 0 0 0 0 0 0 0 0
1520 240 0 0 0 0 0 0 0 0 0 0 0 0 0 0 0 0 0
1520 320 0 0 0 0 0 0 0 0 0 0 0 0 0 0 0 0 0
1520 400 756.0 208.6399 11210 756.0 208.6399 235.0 67.4692 514.0 158.6462 0 0 0 0 0 0 0 0
1520 480 1642.0 475.601 11468 1642.0 475.601 351.0 148.8954 1361.0 272.753 0 0 0 0 0 0 0 0
1520 560 2170.0 539.7946 11609 2170.0 539.7946 488.0 177.3768 1827.0 298.8284 0 0 0 0 0 0 0 0
1520 640 2088.0 508.0691 11188 2088.0 508.0691 516.0 166.0406 1741.0 277.3049 0 0 0 0 0 0 0 0
1520 720 1823.0 407.8727 10897 1823.0 407.8727 510.0 135.6021 1308.0 253.2873 0 0 0 0 0 0 0 0
1520 800 1289.0 247.4453 10546 1289.0 247.4453 441.0 111.36528 864.0 173.2643 0 0 0 0 0 0 0 0
1520 880 932.0 211.3652 10726 932.0 211.3652 341.0 71.6748 545.0 105.7572 0 0 0 0 0 0 0 0
1520 960 646.0 123.35518 10697 646.0 123.35518 255.0 55.199506 384.0 114.23652 0 0 0 0 0 0 0 0
1520 1040 472.0 95.45242 10654 472.0 95.45242 182.0 39.3412 283.0 44.77894 0 0 0 0 0 0 0 0
1520 1120 419.0 68.31556 10849 419.0 68.31556 151.0 34.968883 272.0 17.2863 0 0 0 0 0 0 0 0
1520 1200 346.0 69.33053 10861 346.0 69.33053 124.0 33.875445 232.0 17.55652 0 0 0 0 0 0 0 0
1520 1280 335.0 46.828376 10879 335.0 46.828376 126.0 16.849043 221.0 21.489694 0 0 0 0 0 0 0 0
1520 1360 294.0 33.52559 10790 294.0 33.52559 117.0 12.818632 237.0 12.22003 0 0 0 0 0 0 0 0
1520 1440 315.0 41.87228 10796 315.0 41.87228 119.0 24.47718 212.0 7.8633 0 0 0 0 0 0 0 0
1520 1520 303.0 53.40778 10942 303.0 53.40778 103.0 32.086222 194.0 9.90241 0 0 0 0 0 0 0 0
1520 1600 290.0 30.70018 10701 290.0 30.70018 93.0 20.830703 234.0 8.60453 0 0 0 0 0 0 0 0
1520 1680 257.0 30.83043 10930 257.0 30.83043 87.0 14.943744 230.0 11.43729 0 0 0 0 0 0 0 0
1520 1760 301.0 42.789618 10904 301.0 42.789618 94.0 28.191258 229.0 9.460242 0 0 0 0 0 0 0 0
1520 1840 279.0 27.420425 10866 279.0 27.420425 85.0 15.65131 197.0 6.603913 0 0 0 0 0 0 0 0
1520 1920 319.0 33.29183 10811 319.0 33.29183 97.0 23.95572 196.0 10.1138 0 0 0 0 0 0 0 0
1520 2000 285.0 28.253963 10735 285.0 28.253963 91.0 11.953576 193.0 7.809487 0 0 0 0 0 0 0 0
1600 160 270.0 43.77106 10838 270.0 43.77106 75.0 19.571878 215.0 8.00913 0 0 0 0 0 0 0 0
1600 240 0 0 0 0 0 0 0 0 0 0 0 0 0 0 0 0 0
1600 320 0 0 0 0 0 0 0 0 0 0 0 0 0 0 0 0 0
1600 400 733.0 253.6857 11032 733.0 253.6857 219.0 111.0395 487.0 138.0836 0 0 0 0 0 0 0 0
1600 480 1688.0 457.7646 11670 1688.0 457.7646 398.0 141.8347 1391.0 292.1738 0 0 0 0 0 0 0 0
1600 560 2120.0 557.5549 11438 2120.0 557.5549 469.0 194.2973 1824.0 305.3306 0 0 0 0 0 0 0 0
1600 640 2194.0 453.2639 11203 2194.0 453.2639 556.0 136.0752 1764.0 286.4691 0 0 0 0 0 0 0 0
1600 720 1792.0 401.0152 10777 1792.0 401.0152 528.0 158.9899 1355.0 209.4098 0 0 0 0 0 0 0 0
1600 800 1273.0 234.45635 10548 1273.0 234.45635 444.0 93.14179 893.0 144.51705 0 0 0 0 0 0 0 0
1600 880 778.0 142.70036 10446 778.0 142.70036 276.0 58.35979 549.0 78.25125 0 0 0 0 0 0 0 0
1600 960 603.0 123.64354 10817 603.0 123.64354 205.0 50.71807 342.0 42.54686 0 0 0 0 0 0 0 0
1600 1040 407.0 74.99545 10666 407.0 74.99545 141.0 33.58599 261.0 21.62339 0 0 0 0 0 0 0 0
1600 1120 348.0 44.72526 10739 348.0 44.72526 116.0 26.28045 222.0 21.05337 0 0 0 0 0 0 0 0
1600 1200 342.0 31.49365 10875 342.0 31.49365 86.0 22.882265 197.0 17.67372 0 0 0 0 0 0 0 0
1600 1280 307.0 36.729972 11034 307.0 36.729972 96.0 14.573756 236.0 25.439216 0 0 0 0 0 0 0 0
1600 1360 281.0 36.4441 10700 281.0 36.4441 81.0 14.50804 235.0 9.86241 0 0 0 0 0 0 0 0
1600 1440 262.0 14.50495 10851 262.0 14.50495 79.0 2.912398 211.0 12.593219 0 0 0 0 0 0 0 0
1600 1520 260.0 22.02964 10927 260.0 22.02964 68.0 9.285992 196.0 9.65345 0 0 0 0 0 0 0 0
1600 1600 270.0 43.77106 10838 270.0 43.77106 75.0 19.571878 215.0 8.00913 0 0 0 0 0 0 0 0
1600 1680 259.0 45.47824 10713 259.0 45.47824 74.0 20.467904 189.0 8.80752 0 0 0 0 0 0 0 0
1600 1760 253.0 25.67531 10845 253.0 25.67531 62.0 5.229913 216.0 5.13869 0 0 0 0 0 0 0 0
1600 1840 248.0 38.26139 10834 248.0 38.26139 69.0 19.401533 181.0 14.11587 0 0 0 0 0 0 0 0
1600 1920 250.0 15.83137 10977 250.0 15.83137 68.0 5.45992 209.0 12.39963 0 0 0 0 0 0 0 0
1600 2000 262.0 11.694379 10807 262.0 11.694379 60.0 1.828405 181.0 10.654444 0 0 0 0 0 0 0 0
1680 160 203.0 20.578552 10914 203.0 20.578552 56.0 5.564957 153.0 10.23884 0 0 0 0 0 0 0 0
1680 240 0 0 0 0 0 0 0 0 0 0 0 0 0 0 0 0 0
1680 320 0 0 0 0 0 0 0 0 0 0 0 0 0 0 0 0 0
1680 400 678.0 252.5351 11226 678.0 252.5351 207.0 90.05537 440.0 134.4384 0 0 0 0 0 0 0 0
1680 480 1436.0 463.8912 11563 1436.0 463.8912 351.0 158.455 1203.0 255.2338 0 0 0 0 0 0 0 0
1680 560 1919.0 473.6888 11489 1919.0 473.6888 398.0 156.2803 1691.0 287.4082 0 0 0 0 0 0 0 0
1680 640 2007.0 518.9936 11188 2007.0 518.9936 515.0 145.6673 1732.0 267.0606 0 0 0 0 0 0 0 0
1680 720 1646.0 301.9549 10578 1646.0 301.9549 472.0 124.81964 1295.0 221.4871 0 0 0 0 0 0 0 0
1680 800 1211.0 267.41205 10612 1211.0 267.41205 422.0 107.3492 790.0 135.54435 0 0 0 0 0 0 0 0
1680 880 758.0 157.6705 10709 758.0 157.6705 280.0 59.95432 475.0 91.623 0 0 0 0 0 0 0 0
1680 960 489.0 77.40779 10450 489.0 77.40779 180.0 33.11841 332.0 46.75001 0 0 0 0 0 0 0 0
1680 1040 368.0 76.51493 10770 368.0 76.51493 141.0 43.500475 226.0 33.11591 0 0 0 0 0 0 0 0
1680 1120 292.0 69.63134 10770 292.0 69.63134 94.0 28.68919 168.0 17.69946 0 0 0 0 0 0 0 0
1680 1200 254.0 37.14135 10757 254.0 37.14135 72.0 19.82874 182.0 9.01452 0 0 0 0 0 0 0 0
1680 1280 228.0 26.261429 10868 228.0 26.261429 72.0 4.063919 160.0 12.255221 0 0 0 0 0 0 0 0
1680 1360 242.0 21.79124 10981 242.0 21.79124 84.0 8.862726 170.0 5.24026 0 0 0 0 0 0 0 0
1680 1440 231.0 18.72955 10904 231.0 18.72955 56.0 6.879589 154.0 14.62186 0 0 0 0 0 0 0 0
1680 1520 221.0 32.89511 10880 221.0 32.89511 64.0 18.095917 172.0 8.77035 0 0 0 0 0 0 0 0
1680 1600 203.0 20.578552 10914 203.0 20.578552 56.0 5.564957 153.0 10.23884 0 0 0 0 0 0 0 0
1680 1680 239.0 10.664791 10917 239.0 10.664791 53.0 5.554986 145.0 6.661394 0 0 0 0 0 0 0 0
1680 1760 225.0 19.789475 10948 225.0 19.789475 72.0 5.295953 156.0 20.764457 0 0 0 0 0 0 0 0
1680 1840 218.0 11.560579 11058 218.0 11.560579 54.0 3.44193 155.0 19.30483 0 0 0 0 0 0 0 0
1680 1920 220.0 16.07375 10737 220.0 16.07375 71.0 10.468853 154.0 4.037244 0 0 0 0 0 0 0 0
1680 2000 213.0 17.969444 10773 213.0 17.969444 61.0 9.661691 165.0 5.5856 0 0 0 0 0 0 0 0
1760 160 202.0 28.314601 10858 202.0 28.314601 59.0 12.499711 152.0 9.089759 0 0 0 0 0 0 0 0
1760 240 0 0 0 0 0 0 0 0 0 0 0 0 0 0 0 0 0
1760 320 0 0 0 0 0 0 0 0 0 0 0 0 0 0 0 0 0
1760 400 628.0 203.0661 11329 628.0 203.0661 198.0 75.3812 424.0 148.4265 0 0 0 0 0 0 0 0
1760 480 1415.0 466.7787 11536 1415.0 466.7787 284.0 136.7164 1201.0 283.7353 0 0 0 0 0 0 0 0
1760 560 1899.0 492.2217 11625 1899.0 492.2217 440.0 165.6119 1761.0 277.5783 0 0 0 0 0 0 0 0
1760 640 2004.0 467.5748 11141 2004.0 467.5748 496.0 170.0322 1688.0 265.4251 0 0 0 0 0 0 0 0
1760 720 1678.0 379.8005 10870 1678.0 379.8005 479.0 143.35886 1327.0 238.9212 0 0 0 0 0 0 0 0
1760 800 1158.0 276.4118 10605 1158.0 276.4118 388.0 104.15683 803.0 134.927 0 0 0 0 0 0 0 0
1760 880 735.0 145.07207 10721 735.0 145.07207 260.0 58.33598 477.0 78.47283 0 0 0 0 0 0 0 0
1760 960 494.0 97.31265 10823 494.0 97.31265 180.0 49.07253 289.0 48.4066 0 0 0 0 0 0 0 0
1760 1040 357.0 71.97781 10707 357.0 71.97781 124.0 35.42989 215.0 20.682 0 0 0 0 0 0 0 0
1760 1120 275.0 33.78848 10838 275.0 33.78848 81.0 15.416483 192.0 14.11613 0 0 0 0 0 0 0 0
1760 1200 256.0 25.5327 10837 256.0 25.5327 59.0 18.294596 183.0 22.14643 0 0 0 0 0 0 0 0
1760 1280 231.0 23.63253 10952 231.0 23.63253 69.0 11.294181 168.0 13.95373 0 0 0 0 0 0 0 0
1760 1360 196.0 23.412476 10733 196.0 23.412476 52.0 10.160054 154.0 6.627017 0 0 0 0 0 0 0 0
1760 1440 209.0 30.332719 11011 209.0 30.332719 60.0 19.171961 172.0 9.036101 0 0 0 0 0 0 0 0
1760 1520 217.0 30.20445 10720 217.0 30.20445 63.0 19.89713 141.0 4.35388 0 0 0 0 0 0 0 0
1760 1600 202.0 28.314601 10858 202.0 28.314601 59.0 12.499711 152.0 9.089759 0 0 0 0 0 0 0 0
1760 1680 201.0 19.88588 10918 201.0 19.88588 47.0 5.673769 161.0 7.60883 0 0 0 0 0 0 0 0
1760 1760 178.0 15.1308 10855 178.0 15.1308 60.0 6.398408 158.0 6.57438 0 0 0 0 0 0 0 0
1760 1840 210.0 16.31681 10831 210.0 16.31681 52.0 7.962145 160.0 8.36189 0 0 0 0 0 0 0 0
1760 1920 203.0 19.08462 10943 203.0 19.08462 53.0 6.871161 138.0 6.152134 0 0 0 0 0 0 0 0
1760 2000 240.0 10.900448 10832 240.0 10.900448 68.0 5.495437 145.0 7.027353 0 0 0 0 0 0 0 0
1840 160 202.0 22.237718 10907 202.0 22.237718 49.0 11.82653 160.0 6.659877 0 0 0 0 0 0 0 0
1840 240 0 0 0 0 0 0 0 0 0 0 0 0 0 0 0 0 0
1840 320 0 0 0 0 0 0 0 0 0 0 0 0 0 0 0 0 0
1840 400 587.0 221.3888 11326 587.0 221.3888 168.0 76.85054 480.0 138.1271 0 0 0 0 0 0 0 0
1840 480 1403.0 459.6566 11540 1403.0 459.6566 328.0 169.2672 1192.0 243.8514 0 0 0 0 0 0 0 0
1840 560 1926.0 492.9708 11486 1926.0 492.9708 452.0 177.1112 1783.0 279.8012 0 0 0 0 0 0 0 0
1840 640 2067.0 482.8628 11269 2067.0 482.8628 523.0 179.9876 1637.0 285.4341 0 0 0 0 0 0 0 0
1840 720 1668.0 416.3424 10717 1668.0 416.3424 464.0 160.13079 1282.0 243.8136 0 0 0 0 0 0 0 0
1840 800 1184.0 260.2794 10651 1184.0 260.2794 363.0 76.52702 753.0 128.9791 0 0 0 0 0 0 0 0
1840 880 741.0 137.6908 10711 741.0 137.6908 274.0 50.67875 467.0 79.9831 0 0 0 0 0 0 0 0
1840 960 448.0 113.94999 10751 448.0 113.94999 172.0 42.89037 299.0 42.56721 0 0 0 0 0 0 0 0
1840 1040 357.0 59.14212 10710 357.0 59.14212 131.0 14.734687 226.0 41.71087 0 0 0 0 0 0 0 0
1840 1120 265.0 29.66335 10887 265.0 29.66335 87.0 16.8731 169.0 17.26014 0 0 0 0 0 0 0 0
1840 1200 258.0 33.736838 10666 258.0 33.736838 75.0 11.044424 183.0 10.417078 0 0 0 0 0 0 0 0
1840 1280 243.0 17.37157 10855 243.0 17.37157 57.0 3.442774 150.0 23.78679 0 0 0 0 0 0 0 0
1840 1360 202.0 28.266058 10771 202.0 28.266058 52.0 11.982167 139.0 4.58801 0 0 0 0 0 0 0 0
1840 1440 219.0 10.137194 10984 219.0 10.137194 63.0 3.271541 146.0 7.1004 0 0 0 0 0 0 0 0
1840 1520 213.0 22.977756 10823 213.0 22.977756 56.0 8.083673 157.0 6.891794 0 0 0 0 0 0 0 0
1840 1600 202.0 22.237718 10907 202.0 22.237718 49.0 11.82653 160.0 6.659877 0 0 0 0 0 0 0 0
1840 1680 195.0 14.45248 10856 195.0 14.45248 67.0 9.184131 174.0 5.19283 0 0 0 0 0 0 0 0
1840 1760 173.0 15.58782 10781 173.0 15.58782 51.0 5.239159 154.0 8.11944 0 0 0 0 0 0 0 0
1840 1840 217.0 8.51528 10773 217.0 8.51528 49.0 1.643888 157.0 7.86882 0 0 0 0 0 0 0 0
1840 1920 213.0 25.15535 10952 213.0 25.15535 55.0 8.016667 152.0 11.5285 0 0 0 0 0 0 0 0
1840 2000 203.0 13.844038 10774 203.0 13.844038 34.0 8.779734 160.0 6.265917 0 0 0 0 0 0 0 0
1920 160 207.0 18.715818 10862 207.0 18.715818 54.0 4.704726 134.0 10.13557 0 0 0 0 0 0 0 0
1920 240 0 0 0 0 0 0 0 0 0 0 0 0 0 0 0 0 0
1920 320 0 0 0 0 0 0 0 0 0 0 0 0 0 0 0 0 0
1920 400 665.0 225.2916 11359 665.0 225.2916 188.0 67.66883 448.0 152.4871 0 0 0 0 0 0 0 0
1920 480 1442.0 470.5754 11703 1442.0 470.5754 313.0 167.0046 1180.0 263.6816 0 0 0 0 0 0 0 0
1920 560 2020.0 483.4907 11548 2020.0 483.4907 444.0 154.6367 1617.0 305.0713 0 0 0 0 0 0 0 0
1920 640 2006.0 489.7012 11278 2006.0 489.7012 504.0 175.6022 1682.0 290.7198 0 0 0 0 0 0 0 0
1920 720 1609.0 373.027 10754 1609.0 373.027 460.0 135.9943 1244.0 205.1595 0 0 0 0 0 0 0 0
1920 800 1205.0 262.5346 10759 1205.0 262.5346 370.0 87.25334 780.0 150.6387 0 0 0 0 0 0 0 0
1920 880 709.0 139.08765 10735 709.0 139.08765 266.0 54.79748 468.0 77.17835 0 0 0 0 0 0 0 0
1920 960 467.0 88.07299 10730 467.0 88.07299 172.0 31.7673 268.0 59.43061 0 0 0 0 0 0 0 0
1920 1040 321.0 54.71463 10697 321.0 54.71463 103.0 23.11033 236.0 15.50966 0 0 0 0 0 0 0 0
1920 1120 249.0 55.64332 10898 249.0 55.64332 73.0 28.1303 200.0 15.79271 0 0 0 0 0 0 0 0
1920 1200 251.0 23.39155 10784 251.0 23.39155 68.0 13.283459 166.0 12.39633 0 0 0 0 0 0 0 0
1920 1280 219.0 11.05218 10916 219.0 11.05218 64.0 3.098226 190.0 5.25861 0 0 0 0 0 0 0 0
1920 1360 218.0 29.47205 10737 218.0 29.47205 52.0 7.852683 157.0 7.31466 0 0 0 0 0 0 0 0
1920 1440 212.0 20.219198 10837 212.0 20.219198 48.0 5.606871 162.0 8.32245 0 0 0 0 0 0 0 0
1920 1520 234.0 24.289162 11072 234.0 24.289162 65.0 16.149386 186.0 6.556098 0 0 0 0 0 0 0 0
1920 1600 207.0 18.715818 10862 207.0 18.715818 54.0 4.704726 134.0 10.13557 0 0 0 0 0 0 0 0
1920 1680 217.0 11.64841 10731 217.0 11.64841 55.0 4.977668 147.0 15.081957 0 0 0 0 0 0 0 0
1920 1760 200.0 28.234558 10825 200.0 28.234558 47.0 19.476879 137.0 8.040859 0 0 0 0 0 0 0 0
1920 1840 196.0 23.75353 10813 196.0 23.75353 52.0 11.4235 152.0 6.51387 0 0 0 0 0 0 0 0
1920 1920 218.0 11.159656 10746 218.0 11.159656 53.0 2.081144 154.0 6.457544 0 0 0 0 0 0 0 0
1920 2000 210.0 29.0593 10753 210.0 29.0593 47.0 14.657423 147.0 4.96294 0 0 0 0 0 0 0 0
2000 160 222.0 14.06764 10760 222.0 14.06764 43.0 3.438682 154.0 20.23156 0 0 0 0 0 0 0 0
2000 240 0 0 0 0 0 0 0 0 0 0 0 0 0 0 0 0 0
2000 320 0 0 0 0 0 0 0 0 0 0 0 0 0 0 0 0 0
2000 400 625.0 215.0837 11198 625.0 215.0837 177.0 72.22632 462.0 131.6578 0 0 0 0 0 0 0 0
2000 480 1371.0 451.9058 11621 1371.0 451.9058 313.0 145.6978 1160.0 270.0802 0 0 0 0 0 0 0 0
2000 560 1931.0 477.3819 11409 1931.0 477.3819 382.0 162.374 1708.0 266.7974 0 0 0 0 0 0 0 0
2000 640 2008.0 463.612 11268 2008.0 463.612 489.0 154.0643 1681.0 272.4927 0 0 0 0 0 0 0 0
2000 720 1661.0 376.1649 10814 1661.0 376.1649 464.0 136.15696 1221.0 189.3477 0 0 0 0 0 0 0 0
2000 800 1140.0 235.4258 10676 1140.0 235.4258 378.0 91.12341 769.0 169.7469 0 0 0 0 0 0 0 0
2000 880 709.0 135.61527 10847 709.0 135.61527 238.0 74.0337 484.0 97.55383 0 0 0 0 0 0 0 0
2000 960 459.0 81.8742 10636 459.0 81.8742 143.0 34.74521 293.0 52.6793 0 0 0 0 0 0 0 0
2000 1040 320.0 54.88731 10805 320.0 54.88731 92.0 23.72927 198.0 17.77633 0 0 0 0 0 0 0 0
2000 1120 249.0 32.229776 10601 249.0 32.229776 73.0 10.84585 170.0 16.499894 0 0 0 0 0 0 0 0
2000 1200 232.0 37.60159 10941 232.0 37.60159 57.0 9.748376 185.0 16.7045 0 0 0 0 0 0 0 0
2000 1280 215.0 16.136527 10632 215.0 16.136527 55.0 7.806144 175.0 10.81863 0 0 0 0 0 0 0 0
2000 1360 206.0 19.299305 10933 206.0 19.299305 44.0 5.9089 160.0 4.518025 0 0 0 0 0 0 0 0
2000 1440 201.0 11.76743 10773 201.0 11.76743 51.0 3.009224 143.0 5.66236 0 0 0 0 0 0 0 0
2000 1520 212.0 13.567601 10821 212.0 13.567601 57.0 3.62595 155.0 7.076475 0 0 0 0 0 0 0 0
2000 1600 222.0 14.06764 10760 222.0 14.06764 43.0 3.438682 154.0 20.23156 0 0 0 0 0 0 0 0
2000 1680 192.0 20.287619 10855 192.0 20.287619 45.0 6.106464 172.0 3.649574 0 0 0 0 0 0 0 0
2000 1760 199.0 18.31296 10802 199.0 18.31296 50.0 7.57337 157.0 6.64824 0 0 0 0 0 0 0 0
2000 1840 205.0 14.021009 10790 205.0 14.021009 44.0 8.146479 176.0 3.135608 0 0 0 0 0 0 0 0
2000 1920 210.0 11.143623 10892 210.0 11.143623 55.0 5.16445 145.0 8.636497 0 0 0 0 0 0 0 0
2000 2000 205.0 11.36655 10734 205.0 11.36655 49.0 2.274487 159.0 7.24472 0 0 0 0 0 0 0 0
