160 160 24.0 7.00986 10000 7.0 1.876108 0.0 0.0 30.0 5.51749 0 0 0 0 0 0 0 0 0 0
160 240 181.0 34.86733 10000 44.0 15.64919 5.0 0.866445 157.0 32.40107 0 0 0 0 0 0 0 0 0 0
160 320 187.0 37.85215 10000 46.0 9.71631 7.0 0.4215 133.0 21.55775 0 0 0 0 0 0 0 0 0 0
160 400 146.0 41.52588 10000 37.0 11.662671 1.0 2.12488 79.0 19.89832 0 0 0 0 0 0 0 0 0 0
160 480 126.0 50.0486 10000 41.0 27.18689 6.0 6.644618 94.0 20.4067 0 0 0 0 0 0 0 0 0 0
160 560 106.0 39.92012 10000 30.0 6.920116 3.0 1.338045 65.0 17.41398 0 0 0 0 0 0 0 0 0 0
160 640 97.0 23.74291 10000 35.0 7.5917 4.0 0.736561 54.0 14.44958 0 0 0 0 0 0 0 0 0 0
160 720 72.0 18.64881 10000 25.0 8.552712 2.0 0.542095 41.0 15.27885 0 0 0 0 0 0 0 0 0 0
160 800 47.0 16.89191 10000 16.0 6.530159 3.0 1.40528 45.0 12.44156 0 0 0 0 0 0 0 0 0 0
160 880 62.0 10.61873 10000 21.0 2.022428 6.0 0.176146 55.0 6.74339 0 0 0 0 0 0 0 0 0 0
160 960 79.0 11.10079 10000 32.0 4.455824 5.0 1.510444 40.0 4.8383 0 0 0 0 0 0 0 0 0 0
160 1040 72.0 11.84009 10000 31.0 6.093588 3.0 0.342976 40.0 14.60531 0 0 0 0 0 0 0 0 0 0
160 1120 61.0 13.97202 10000 30.0 6.78631 6.0 1.135873 37.0 5.3639 0 0 0 0 0 0 0 0 0 0
160 1200 65.0 23.83533 10000 22.0 10.5729 3.0 4.804749 33.0 7.30215 0 0 0 0 0 0 0 0 0 0
160 1280 50.0 27.87643 10000 9.0 7.422701 2.0 0.174213 36.0 7.13092 0 0 0 0 0 0 0 0 0 0
160 1360 49.0 16.55848 10000 17.0 8.009514 1.0 1.973409 32.0 5.18529 0 0 0 0 0 0 0 0 0 0
160 1440 54.0 13.5923 10000 20.0 3.60684 3.0 0.518102 35.0 4.4285 0 0 0 0 0 0 0 0 0 0
160 1520 50.0 9.45675 10000 17.0 3.565794 2.0 1.15897 31.0 9.41731 0 0 0 0 0 0 0 0 0 0
160 1600 51.0 15.49988 10000 11.0 4.285254 4.0 1.86838 31.0 4.45232 0 0 0 0 0 0 0 0 0 0
160 1680 59.0 18.70888 10000 23.0 6.524169 0.0 3.47788 37.0 4.27853 0 0 0 0 0 0 0 0 0 0
160 1760 62.0 7.728658 10000 23.0 2.488217 3.0 0.169798 21.0 3.630102 0 0 0 0 0 0 0 0 0 0
160 1840 61.0 11.70986 9999 26.0 5.004499 5.0 0.404482 39.0 3.61062 0 0 0 0 0 0 0 0 0 0
160 1920 47.0 6.94788 9999 20.0 4.58987 3.0 0.387083 30.0 4.01215 0 0 0 0 0 0 0 0 0 0
160 2000 44.0 10.32017 10000 13.0 5.958039 1.0 2.59135 25.0 4.82512 0 0 0 0 0 0 0 0 0 0
240 160 149.0 56.9169 10000 42.0 25.18739 7.0 2.886383 106.0 29.936 0 0 0 0 0 0 0 0 0 0
240 240 428.0 75.6095 10000 93.0 21.58406 6.0 2.052651 355.0 55.9474 0 0 0 0 0 0 0 0 0 0
240 320 700.0 101.0504 10000 130.0 31.78335 8.0 8.983971 688.0 53.8087 0 0 0 0 0 0 0 0 0 0
240 400 817.0 79.3486 10000 150.0 22.7287 13.0 2.016422 647.0 66.3619 0 0 0 0 0 0 0 0 0 0
240 480 761.0 84.578 10000 178.0 25.43273 22.0 2.763767 540.0 54.8961 0 0 0 0 0 0 0 0 0 0
240 560 663.0 76.8452 10000 170.0 25.09672 18.0 2.690557 510.0 47.2575 0 0 0 0 0 0 0 0 0 0
240 640 611.0 69.5932 10000 150.0 23.93823 12.0 3.859342 487.0 52.2693 0 0 0 0 0 0 0 0 0 0
240 720 586.0 71.4707 10000 138.0 20.69737 15.0 1.517941 433.0 49.1057 0 0 0 0 0 0 0 0 0 0
240 800 566.0 67.0728 10000 162.0 24.63351 20.0 3.733248 446.0 37.4665 0 0 0 0 0 0 0 0 0 0
240 880 506.0 66.1486 10000 109.0 22.24287 11.0 4.374267 423.0 33.8945 0 0 0 0 0 0 0 0 0 0
240 960 535.0 60.70492 10000 148.0 16.57068 18.0 2.423862 405.0 41.84908 0 0 0 0 0 0 0 0 0 0
240 1040 513.0 67.859 10000 111.0 29.22069 11.0 10.458716 408.0 37.7524 0 0 0 0 0 0 0 0 0 0
240 1120 486.0 54.9526 10000 104.0 20.9081 6.0 3.136808 420.0 35.2767 0 0 0 0 0 0 0 0 0 0
240 1200 493.0 63.9137 10000 98.0 22.89423 11.0 5.656424 409.0 34.3652 0 0 0 0 0 0 0 0 0 0
240 1280 523.0 57.8258 10000 114.0 16.84896 13.0 3.353284 424.0 29.1419 0 0 0 0 0 0 0 0 0 0
240 1360 506.0 75.9528 10000 118.0 35.56574 10.0 5.087699 418.0 43.4194 0 0 0 0 0 0 0 0 0 0
240 1440 481.0 57.7657 10000 105.0 17.43834 12.0 4.702815 419.0 30.9872 0 0 0 0 0 0 0 0 0 0
240 1520 500.0 51.3103 10000 120.0 16.55443 18.0 0.0 386.0 39.2443 0 0 0 0 0 0 0 0 0 0
240 1600 436.0 55.1277 10000 89.0 11.25039 5.0 0.348717 411.0 35.8857 0 0 0 0 0 0 0 0 0 0
240 1680 499.0 47.81021 10000 124.0 17.47036 12.0 0.919944 384.0 42.30879 0 0 0 0 0 0 0 0 0 0
240 1760 445.0 60.61647 10000 90.0 22.956926 10.0 0.924056 439.0 33.61273 0 0 0 0 0 0 0 0 0 0
240 1840 482.0 61.85374 10000 108.0 29.1486 11.0 14.571954 413.0 38.97376 0 0 0 0 0 0 0 0 0 0
240 1920 493.0 57.8241 10000 109.0 16.13136 7.0 3.390033 415.0 45.7041 0 0 0 0 0 0 0 0 0 0
240 2000 473.0 44.84219 10000 99.0 15.53779 16.0 1.516068 400.0 35.49191 0 0 0 0 0 0 0 0 0 0
320 160 158.0 44.00189 10000 43.0 11.71652 7.0 3.109287 89.0 27.79051 0 0 0 0 0 0 0 0 0 0
320 240 515.0 111.9069 10000 97.0 31.78742 8.0 7.388919 515.0 75.0998 0 0 0 0 0 0 0 0 0 0
320 320 984.0 140.4715 10000 223.0 57.44155 27.0 4.052217 768.0 90.7949 0 0 0 0 0 0 0 0 0 0
320 400 1337.0 136.6653 10000 317.0 42.66336 36.0 7.61321 1044.0 109.2474 0 0 0 0 0 0 0 0 0 0
320 480 1456.0 134.6678 10000 371.0 46.99967 32.0 7.48622 1052.0 86.3804 0 0 0 0 0 0 0 0 0 0
320 560 1401.0 143.9062 10000 383.0 41.33363 36.0 6.841868 969.0 85.2591 0 0 0 0 0 0 0 0 0 0
320 640 1295.0 131.8109 10000 334.0 44.94909 40.0 12.81037 939.0 93.3261 0 0 0 0 0 0 0 0 0 0
320 720 1256.0 151.4608 10000 362.0 55.2163 54.0 8.31828 854.0 68.4385 0 0 0 0 0 0 0 0 0 0
320 800 1168.0 128.3565 10000 370.0 44.63656 42.0 6.277114 783.0 74.81 0 0 0 0 0 0 0 0 0 0
320 880 1187.0 106.2506 10000 331.0 40.1024 43.0 12.815364 767.0 71.312 0 0 0 0 0 0 0 0 0 0
320 960 1169.0 132.5739 10000 338.0 50.93009 37.0 6.670833 803.0 86.7667 0 0 0 0 0 0 0 0 0 0
320 1040 1116.0 136.769 10000 300.0 42.72248 40.0 13.14253 762.0 84.2159 0 0 0 0 0 0 0 0 0 0
320 1120 1137.0 135.9218 10000 288.0 54.96097 34.0 12.147465 749.0 66.5781 0 0 0 0 0 0 0 0 0 0
320 1200 1135.0 119.4964 10000 325.0 45.85346 32.0 7.517618 778.0 62.3678 0 0 0 0 0 0 0 0 0 0
320 1280 1067.0 117.2021 10000 267.0 49.12549 30.0 10.5256 784.0 79.7919 0 0 0 0 0 0 0 0 0 0
320 1360 1076.0 140.1512 10000 290.0 67.00554 30.0 10.89721 749.0 75.9918 0 0 0 0 0 0 0 0 0 0
320 1440 1095.0 103.445 10000 283.0 40.34675 37.0 9.109867 779.0 61.2113 0 0 0 0 0 0 0 0 0 0
320 1520 1069.0 116.1289 10000 316.0 45.03559 32.0 7.017169 788.0 67.6545 0 0 0 0 0 0 0 0 0 0
320 1600 1061.0 135.0594 10000 289.0 67.7714 44.0 17.559666 722.0 73.989 0 0 0 0 0 0 0 0 0 0
320 1680 1128.0 124.2872 10000 297.0 41.64478 28.0 7.124252 760.0 56.636 0 0 0 0 0 0 0 0 0 0
320 1760 1140.0 121.3224 10000 281.0 44.72607 36.0 9.725215 772.0 83.6425 0 0 0 0 0 0 0 0 0 0
320 1840 1061.0 103.3979 10000 261.0 40.65009 36.0 2.616128 817.0 58.6833 0 0 0 0 0 0 0 0 0 0
320 1920 1121.0 112.6637 10000 316.0 40.63955 35.0 10.11505 794.0 57.6187 0 0 0 0 0 0 0 0 0 0
320 2000 1080.0 126.241 10000 296.0 48.01709 33.0 10.56358 789.0 77.5522 0 0 0 0 0 0 0 0 0 0
400 160 143.0 49.36755 10000 43.0 14.86187 6.0 2.699478 99.0 24.84335 0 0 0 0 0 0 0 0 0 0
400 240 543.0 96.2354 10000 91.0 20.6656 6.0 1.438774 547.0 86.6863 0 0 0 0 0 0 0 0 0 0
400 320 1067.0 171.493 10000 200.0 40.95129 20.0 2.825093 1072.0 133.945 0 0 0 0 0 0 0 0 0 0
400 400 1590.0 197.9942 10000 505.0 73.9342 64.0 8.72087 917.0 119.0836 0 0 0 0 0 0 0 0 0 0
400 480 2056.0 223.4733 10000 650.0 87.4481 54.0 10.686057 1076.0 110.7117 0 0 0 0 0 0 0 0 0 0
400 560 2093.0 226.4618 10000 743.0 91.3927 82.0 28.26047 1047.0 94.1879 0 0 0 0 0 0 0 0 0 0
400 640 1985.0 199.3815 10000 683.0 78.1551 82.0 21.69688 1051.0 99.1643 0 0 0 0 0 0 0 0 0 0
400 720 1907.0 243.5286 10000 678.0 98.9222 82.0 28.07348 957.0 99.8082 0 0 0 0 0 0 0 0 0 0
400 800 1904.0 175.9459 10000 670.0 80.7332 102.0 16.99859 968.0 122.454 0 0 0 0 0 0 0 0 0 0
400 880 1867.0 245.1295 10000 671.0 95.7495 104.0 27.28071 941.0 92.3989 0 0 0 0 0 0 0 0 0 0
400 960 1828.0 181.7654 10000 654.0 66.5907 103.0 15.29977 905.0 121.3406 0 0 0 0 0 0 0 0 0 0
400 1040 1772.0 177.3173 10000 670.0 79.4414 97.0 16.60431 900.0 94.2175 0 0 0 0 0 0 0 0 0 0
400 1120 1818.0 227.6567 10000 608.0 95.5855 80.0 30.13782 876.0 102.0172 0 0 0 0 0 0 0 0 0 0
400 1200 1799.0 189.4833 10000 665.0 85.0605 104.0 17.77388 888.0 124.0707 0 0 0 0 0 0 0 0 0 0
400 1280 1803.0 204.8464 10000 654.0 100.7431 102.0 22.95113 893.0 106.9638 0 0 0 0 0 0 0 0 0 0
400 1360 1676.0 214.927 10000 584.0 105.3241 84.0 23.75585 929.0 113.4313 0 0 0 0 0 0 0 0 0 0
400 1440 1725.0 181.1235 10000 597.0 74.2148 82.0 19.470643 885.0 90.6341 0 0 0 0 0 0 0 0 0 0
400 1520 1802.0 218.7873 10000 647.0 95.6693 86.0 14.52473 934.0 81.7829 0 0 0 0 0 0 0 0 0 0
400 1600 1805.0 186.4936 10000 646.0 71.10073 76.0 17.969572 896.0 89.5717 0 0 0 0 0 0 0 0 0 0
400 1680 1737.0 231.743 10000 617.0 116.641 90.0 41.32256 883.0 104.1683 0 0 0 0 0 0 0 0 0 0
400 1760 1752.0 199.5457 10000 630.0 79.9111 95.0 17.60096 900.0 105.9323 0 0 0 0 0 0 0 0 0 0
400 1840 1759.0 213.7954 10000 596.0 96.1834 88.0 28.21252 921.0 76.3847 0 0 0 0 0 0 0 0 0 0
400 1920 1786.0 206.4735 10000 597.0 93.5518 81.0 23.36292 942.0 104.522 0 0 0 0 0 0 0 0 0 0
400 2000 1710.0 216.6777 10000 610.0 90.3462 83.0 31.8103 908.0 90.5364 0 0 0 0 0 0 0 0 0 0
480 160 129.0 36.70175 10000 40.0 15.00164 3.0 2.385317 108.0 28.79935 0 0 0 0 0 0 0 0 0 0
480 240 543.0 118.8808 10000 105.0 38.63869 14.0 16.665495 497.0 70.9473 0 0 0 0 0 0 0 0 0 0
480 320 1131.0 152.2029 10000 191.0 39.34772 12.0 6.574546 1140.0 137.0675 0 0 0 0 0 0 0 0 0 0
480 400 1669.0 257.4049 10000 372.0 82.1734 25.0 14.23577 1423.0 151.4978 0 0 0 0 0 0 0 0 0 0
480 480 2224.0 287.2225 10000 961.0 130.675 149.0 36.81387 880.0 135.4439 0 0 0 0 0 0 0 0 0 0
480 560 2535.0 327.314 10000 1115.0 161.7292 176.0 40.85844 962.0 143.1041 0 0 0 0 0 0 0 0 0 0
480 640 2520.0 304.6994 10000 1102.0 143.0446 188.0 28.37369 987.0 138.6366 0 0 0 0 0 0 0 0 0 0
480 720 2536.0 276.4268 10000 1135.0 125.8763 163.0 24.2458 972.0 117.7844 0 0 0 0 0 0 0 0 0 0
480 800 2454.0 312.3652 10000 1130.0 182.696 191.0 44.88473 854.0 121.465 0 0 0 0 0 0 0 0 0 0
480 880 2406.0 273.5078 10000 1097.0 141.5348 188.0 34.46829 808.0 133.7173 0 0 0 0 0 0 0 0 0 0
480 960 2299.0 301.4437 10000 1011.0 143.5316 178.0 26.881457 853.0 99.2651 0 0 0 0 0 0 0 0 0 0
480 1040 2370.0 286.407 10000 1074.0 130.4593 206.0 32.88635 876.0 142.9552 0 0 0 0 0 0 0 0 0 0
480 1120 2363.0 341.1162 10000 1071.0 148.8095 213.0 43.81482 857.0 106.8138 0 0 0 0 0 0 0 0 0 0
480 1200 2261.0 301.9823 10000 1008.0 124.1385 177.0 30.58596 816.0 91.3724 0 0 0 0 0 0 0 0 0 0
480 1280 2266.0 286.4222 10000 1046.0 158.8688 210.0 50.99139 814.0 114.9407 0 0 0 0 0 0 0 0 0 0
480 1360 2313.0 325.75 10000 1063.0 178.9318 158.0 53.56542 822.0 118.1119 0 0 0 0 0 0 0 0 0 0
480 1440 2331.0 288.8915 10000 1059.0 132.4547 191.0 29.90552 899.0 153.0212 0 0 0 0 0 0 0 0 0 0
480 1520 2252.0 295.199 10000 1003.0 139.8988 199.0 46.16845 900.0 121.7283 0 0 0 0 0 0 0 0 0 0
480 1600 2270.0 314.0627 10000 1028.0 147.9384 198.0 46.33797 819.0 123.3113 0 0 0 0 0 0 0 0 0 0
480 1680 2267.0 278.1395 10000 1026.0 147.6166 197.0 59.78208 857.0 124.809 0 0 0 0 0 0 0 0 0 0
480 1760 2210.0 290.0306 10000 925.0 127.4866 165.0 41.34223 919.0 120.5476 0 0 0 0 0 0 0 0 0 0
480 1840 2258.0 281.9233 10000 991.0 135.5657 162.0 33.78547 822.0 129.6182 0 0 0 0 0 0 0 0 0 0
480 1920 2306.0 308.4033 10000 1019.0 158.6612 212.0 39.01407 867.0 129.4087 0 0 0 0 0 0 0 0 0 0
480 2000 2238.0 314.2509 10000 1002.0 148.2935 181.0 37.75434 867.0 113.0381 0 0 0 0 0 0 0 0 0 0
560 160 137.0 48.78582 10000 39.0 16.59249 5.0 1.60431 86.0 30.13378 0 0 0 0 0 0 0 0 0 0
560 240 557.0 100.025 10000 112.0 22.04307 11.0 1.977728 513.0 80.8307 0 0 0 0 0 0 0 0 0 0
560 320 1238.0 171.0242 10000 203.0 49.7704 14.0 3.215858 1045.0 133.417 0 0 0 0 0 0 0 0 0 0
560 400 1830.0 235.0772 10000 401.0 61.8101 29.0 5.9163 1428.0 170.494 0 0 0 0 0 0 0 0 0 0
560 480 2234.0 352.5711 10000 634.0 122.9522 59.0 23.9307 1367.0 198.6359 0 0 0 0 0 0 0 0 0 0
560 560 2661.0 416.4459 10000 1323.0 208.0223 238.0 41.009 824.0 166.6921 0 0 0 0 0 0 0 0 0 0
560 640 2784.0 419.4212 10000 1451.0 218.8884 270.0 30.81755 910.0 169.6618 0 0 0 0 0 0 0 0 0 0
560 720 2990.0 399.3688 10000 1544.0 183.9433 318.0 37.51589 868.0 164.4762 0 0 0 0 0 0 0 0 0 0
560 800 2862.0 380.5594 10000 1510.0 192.5963 345.0 45.21166 842.0 172.7066 0 0 0 0 0 0 0 0 0 0
560 880 2794.0 454.8326 10000 1466.0 213.3136 347.0 77.4733 859.0 129.7504 0 0 0 0 0 0 0 0 0 0
560 960 2760.0 343.1796 10000 1476.0 164.0658 347.0 54.46174 827.0 158.1534 0 0 0 0 0 0 0 0 0 0
560 1040 2719.0 417.6616 10000 1413.0 210.832 311.0 56.13296 741.0 144.5324 0 0 0 0 0 0 0 0 0 0
560 1120 2769.0 428.147 10000 1479.0 232.0656 356.0 58.5733 768.0 126.859 0 0 0 0 0 0 0 0 0 0
560 1200 2732.0 448.4493 10000 1514.0 282.0691 355.0 81.44306 764.0 133.4707 0 0 0 0 0 0 0 0 0 0
560 1280 2621.0 422.6918 10000 1434.0 219.5295 357.0 50.92095 751.0 167.9002 0 0 0 0 0 0 0 0 0 0
560 1360 2616.0 426.302 10000 1393.0 236.6515 359.0 103.4934 740.0 139.425 0 0 0 0 0 0 0 0 0 0
560 1440 2614.0 451.035 10000 1424.0 250.169 347.0 63.65954 762.0 135.393 0 0 0 0 0 0 0 0 0 0
560 1520 2647.0 428.6952 10000 1419.0 224.2612 320.0 73.339 762.0 138.6838 0 0 0 0 0 0 0 0 0 0
560 1600 2608.0 447.963 10000 1419.0 254.8946 348.0 101.0549 731.0 115.889 0 0 0 0 0 0 0 0 0 0
560 1680 2623.0 388.5781 10000 1427.0 231.3169 343.0 72.4657 752.0 145.6549 0 0 0 0 0 0 0 0 0 0
560 1760 2696.0 411.0414 10000 1428.0 216.2111 316.0 72.1668 762.0 144.8866 0 0 0 0 0 0 0 0 0 0
560 1840 2660.0 397.8549 10000 1476.0 227.4873 381.0 67.0532 771.0 139.3261 0 0 0 0 0 0 0 0 0 0
560 1920 2640.0 447.6681 10000 1390.0 237.6426 359.0 79.8801 725.0 131.6409 0 0 0 0 0 0 0 0 0 0
560 2000 2683.0 462.4264 10000 1487.0 279.0098 361.0 99.9269 733.0 138.5086 0 0 0 0 0 0 0 0 0 0
640 160 130.0 32.94802 10000 46.0 14.28856 8.0 2.853302 81.0 21.14688 0 0 0 0 0 0 0 0 0 0
640 240 499.0 102.8509 10000 79.0 22.24158 5.0 5.891591 468.0 74.9914 0 0 0 0 0 0 0 0 0 0
640 320 1133.0 159.8992 10000 207.0 39.92924 20.0 4.064244 1021.0 125.0606 0 0 0 0 0 0 0 0 0 0
640 400 1771.0 245.5999 10000 412.0 66.8019 31.0 4.266758 1366.0 177.8565 0 0 0 0 0 0 0 0 0 0
640 480 2275.0 297.9265 10000 618.0 107.677 58.0 16.82425 1414.0 192.8185 0 0 0 0 0 0 0 0 0 0
640 560 2575.0 411.1765 10000 890.0 160.3513 118.0 25.55311 1327.0 230.5785 0 0 0 0 0 0 0 0 0 0
640 640 2909.0 571.766 9999 1696.0 327.979 417.0 109.1908 756.0 168.672 0 0 0 0 0 0 0 0 0 0
640 720 3247.0 605.172 10000 1903.0 336.1462 514.0 89.83463 750.0 156.311 0 0 0 0 0 0 0 0 0 0
640 800 3110.0 526.815 10000 1869.0 316.0727 524.0 72.6919 768.0 180.582 0 0 0 0 0 0 0 0 0 0
640 880 3121.0 528.789 10000 1813.0 302.4115 503.0 97.9112 717.0 127.187 0 0 0 0 0 0 0 0 0 0
640 960 3004.0 567.685 10000 1845.0 292.2391 581.0 110.2236 715.0 158.768 0 0 0 0 0 0 0 0 0 0
640 1040 3026.0 544.424 10000 1774.0 297.7441 552.0 99.2328 712.0 151.746 0 0 0 0 0 0 0 0 0 0
640 1120 2952.0 530.679 10000 1785.0 325.8613 512.0 114.4928 640.0 126.164 0 0 0 0 0 0 0 0 0 0
640 1200 2998.0 522.875 10000 1799.0 330.4614 549.0 120.6097 668.0 145.72 0 0 0 0 0 0 0 0 0 0
640 1280 3003.0 568.721 10000 1794.0 334.0871 539.0 138.9547 650.0 139.844 0 0 0 0 0 0 0 0 0 0
640 1360 2930.0 505.859 10000 1764.0 317.2312 512.0 132.4052 718.0 140.828 0 0 0 0 0 0 0 0 0 0
640 1440 2881.0 584.037 9999 1734.0 335.261 574.0 155.2293 691.0 167.127 0 0 0 0 0 0 0 0 0 0
640 1520 2940.0 565.266 10000 1765.0 356.0376 507.0 119.1863 600.0 161.215 0 0 0 0 0 0 0 0 0 0
640 1600 2882.0 585.7 10000 1760.0 348.4908 517.0 135.7909 663.0 163.307 0 0 0 0 0 0 0 0 0 0
640 1680 2967.0 572.959 10000 1825.0 362.7376 568.0 107.1943 657.0 169.596 0 0 0 0 0 0 0 0 0 0
640 1760 2935.0 594.512 10000 1784.0 352.9684 552.0 125.273 631.0 153.445 0 0 0 0 0 0 0 0 0 0
640 1840 2932.0 582.37 10000 1787.0 348.4896 562.0 136.6896 616.0 111.472 0 0 0 0 0 0 0 0 0 0
640 1920 2925.0 511.9842 10000 1767.0 314.9286 567.0 98.0566 709.0 147.9778 0 0 0 0 0 0 0 0 0 0
640 2000 3019.0 610.787 10000 1839.0 340.4275 567.0 137.9993 659.0 157.603 0 0 0 0 0 0 0 0 0 0
720 160 146.0 36.90909 10000 40.0 15.50768 7.0 3.824513 90.0 19.08692 0 0 0 0 0 0 0 0 0 0
720 240 501.0 96.231 10000 98.0 24.79192 10.0 0.435254 430.0 65.2828 0 0 0 0 0 0 0 0 0 0
720 320 1059.0 164.4706 10000 173.0 45.57707 10.0 2.921556 1086.0 126.5002 0 0 0 0 0 0 0 0 0 0
720 400 1754.0 219.4912 10000 407.0 64.4297 31.0 6.27208 1453.0 174.414 0 0 0 0 0 0 0 0 0 0
720 480 2345.0 300.3113 10000 681.0 87.0797 58.0 7.318549 1373.0 177.0007 0 0 0 0 0 0 0 0 0 0
720 560 2559.0 418.0178 10000 912.0 151.1181 121.0 20.69071 1333.0 210.1162 0 0 0 0 0 0 0 0 0 0
720 640 2839.0 507.785 10000 1204.0 201.0534 193.0 38.19664 1210.0 285.371 0 0 0 0 0 0 0 0 0 0
720 720 3161.0 699.35 10000 2000.0 438.0266 669.0 197.67 614.0 159.974 0 0 0 0 0 0 0 0 0 0
720 800 3397.0 727.65 10000 2234.0 431.7024 770.0 145.7369 626.0 172.777 0 0 0 0 0 0 0 0 0 0
720 880 3324.0 729.1 10000 2168.0 431.9894 769.0 143.0008 635.0 183.518 0 0 0 0 0 0 0 0 0 0
720 960 3215.0 694.534 9999 2140.0 453.3143 778.0 154.6875 645.0 218.996 0 0 0 0 0 0 0 0 0 0
720 1040 3170.0 740.186 9999 2045.0 407.956 693.0 166.9328 600.0 170.395 0 0 0 0 0 0 0 0 0 0
720 1120 3196.0 672.12 10000 2050.0 423.4182 766.0 146.6618 654.0 177.695 0 0 0 0 0 0 0 0 0 0
720 1200 3136.0 642.95 10000 2047.0 442.6286 741.0 137.9398 578.0 163.508 0 0 0 0 0 0 0 0 0 0
720 1280 3085.0 707.498 10000 2011.0 446.5152 767.0 170.9375 581.0 160.982 0 0 0 0 0 0 0 0 0 0
720 1360 3149.0 683.645 10000 2054.0 440.7071 788.0 176.615 556.0 160.076 0 0 0 0 0 0 0 0 0 0
720 1440 3124.0 754.447 10000 2064.0 496.704 787.0 187.9039 587.0 145.259 0 0 0 0 0 0 0 0 0 0
720 1520 3054.0 567.258 10000 2022.0 369.0455 757.0 142.162 590.0 212.746 0 0 0 0 0 0 0 0 0 0
720 1600 3072.0 780.424 10000 2021.0 465.2718 743.0 202.989 585.0 151.652 0 0 0 0 0 0 0 0 0 0
720 1680 3081.0 701.231 10000 1985.0 430.5986 761.0 150.6296 573.0 217.304 0 0 0 0 0 0 0 0 0 0
720 1760 3168.0 630.323 10000 2070.0 361.1373 752.0 122.3798 562.0 167.0 0 0 0 0 0 0 0 0 0 0
720 1840 3109.0 697.555 10000 2110.0 495.492 818.0 177.4321 547.0 177.493 0 0 0 0 0 0 0 0 0 0
720 1920 3034.0 699.012 10000 1981.0 439.4715 760.0 153.38 605.0 210.749 0 0 0 0 0 0 0 0 0 0
720 2000 3072.0 666.835 10000 2018.0 385.496 727.0 133.1585 562.0 138.502 0 0 0 0 0 0 0 0 0 0
800 160 137.0 35.35762 10000 47.0 11.83027 5.0 0.652718 81.0 24.54288 0 0 0 0 0 0 0 0 0 0
800 240 466.0 86.4679 10000 82.0 17.9715 9.0 1.544391 425.0 71.2483 0 0 0 0 0 0 0 0 0 0
800 320 1083.0 153.8439 10000 191.0 40.09704 12.0 2.682807 1008.0 136.9905 0 0 0 0 0 0 0 0 0 0
800 400 1735.0 236.4119 10000 401.0 68.2611 19.0 5.592585 1385.0 157.184 0 0 0 0 0 0 0 0 0 0
800 480 2229.0 300.4962 10000 681.0 101.7598 64.0 10.68836 1415.0 187.8178 0 0 0 0 0 0 0 0 0 0
800 560 2654.0 372.9381 10000 1000.0 142.3696 119.0 21.73559 1268.0 244.1569 0 0 0 0 0 0 0 0 0 0
800 640 2866.0 497.7827 10000 1208.0 197.3195 189.0 34.98793 1148.0 217.2493 0 0 0 0 0 0 0 0 0 0
800 720 3027.0 619.393 10000 1440.0 302.6647 289.0 83.7477 1108.0 254.483 0 0 0 0 0 0 0 0 0 0
800 800 3344.0 956.047 10000 2291.0 605.078 896.0 206.0411 563.0 210.854 0 0 0 0 0 0 0 0 0 0
800 880 3499.0 865.81 10000 2397.0 510.442 1049.0 207.8537 599.0 265.682 0 0 0 0 0 0 0 0 0 0
800 960 3364.0 894.011 10000 2355.0 559.256 1022.0 235.8155 570.0 212.92 0 0 0 0 0 0 0 0 0 0
800 1040 3402.0 965.413 10000 2359.0 633.677 941.0 240.985 578.0 211.182 0 0 0 0 0 0 0 0 0 0
800 1120 3363.0 899.539 10000 2316.0 541.9432 960.0 191.1289 540.0 226.395 0 0 0 0 0 0 0 0 0 0
800 1200 3274.0 843.496 10000 2290.0 578.764 952.0 240.7726 543.0 211.871 0 0 0 0 0 0 0 0 0 0
800 1280 3168.0 918.224 10000 2203.0 634.792 951.0 256.0175 513.0 222.97 0 0 0 0 0 0 0 0 0 0
800 1360 3203.0 985.475 10000 2235.0 617.013 984.0 269.3782 523.0 267.585 0 0 0 0 0 0 0 0 0 0
800 1440 3229.0 844.885 10000 2280.0 562.737 987.0 234.7602 508.0 148.503 0 0 0 0 0 0 0 0 0 0
800 1520 3279.0 834.656 10000 2292.0 513.807 1036.0 204.2599 527.0 218.675 0 0 0 0 0 0 0 0 0 0
800 1600 3250.0 892.037 10000 2225.0 553.925 953.0 196.6762 528.0 238.287 0 0 0 0 0 0 0 0 0 0
800 1680 3294.0 989.732 10000 2302.0 620.159 991.0 245.5009 476.0 236.493 0 0 0 0 0 0 0 0 0 0
800 1760 3170.0 964.566 10000 2211.0 669.616 948.0 281.8052 492.0 179.38 0 0 0 0 0 0 0 0 0 0
800 1840 3243.0 965.171 10000 2229.0 638.005 966.0 302.9428 544.0 164.828 0 0 0 0 0 0 0 0 0 0
800 1920 3214.0 982.465 10000 2233.0 643.501 962.0 258.4307 523.0 190.205 0 0 0 0 0 0 0 0 0 0
800 2000 3224.0 995.952 10000 2256.0 666.092 970.0 342.3869 504.0 273.771 0 0 0 0 0 0 0 0 0 0
880 160 118.0 33.57376 10000 41.0 9.50223 12.0 1.417016 85.0 24.34514 0 0 0 0 0 0 0 0 0 0
880 240 477.0 90.6707 10000 94.0 20.96434 8.0 2.017465 464.0 74.7052 0 0 0 0 0 0 0 0 0 0
880 320 1036.0 145.936 10000 176.0 31.21652 19.0 3.713134 944.0 108.5305 0 0 0 0 0 0 0 0 0 0
880 400 1708.0 218.7907 10000 403.0 65.8502 37.0 10.17007 1338.0 163.8963 0 0 0 0 0 0 0 0 0 0
880 480 2257.0 341.9941 10000 690.0 123.4844 74.0 15.95329 1431.0 197.7049 0 0 0 0 0 0 0 0 0 0
880 560 2635.0 398.8709 10000 944.0 134.8158 112.0 24.56156 1301.0 230.2651 0 0 0 0 0 0 0 0 0 0
880 640 2836.0 515.528 10000 1230.0 226.8389 200.0 39.13323 1167.0 245.971 0 0 0 0 0 0 0 0 0 0
880 720 2998.0 616.767 10000 1418.0 279.7673 300.0 66.0392 1070.0 230.755 0 0 0 0 0 0 0 0 0 0
880 800 3195.0 749.669 10000 1700.0 363.9785 437.0 104.0952 979.0 357.119 0 0 0 0 0 0 0 0 0 0
880 880 3325.0 1152.307 10000 2385.0 808.12 1087.0 336.3935 487.0 234.693 0 0 0 0 0 0 0 0 0 0
880 960 3546.0 1216.939 10000 2590.0 835.077 1257.0 406.9756 520.0 302.613 0 0 0 0 0 0 0 0 0 0
880 1040 3485.0 1121.171 10000 2544.0 781.514 1164.0 319.6649 491.0 204.488 0 0 0 0 0 0 0 0 0 0
880 1120 3470.0 1134.422 10000 2541.0 777.576 1206.0 290.6647 499.0 299.563 0 0 0 0 0 0 0 0 0 0
880 1200 3445.0 1122.861 10000 2550.0 797.352 1202.0 321.5525 486.0 186.986 0 0 0 0 0 0 0 0 0 0
880 1280 3346.0 1135.406 10000 2444.0 761.99 1175.0 330.643 462.0 164.481 0 0 0 0 0 0 0 0 0 0
880 1360 3407.0 1141.217 10000 2510.0 823.055 1175.0 374.02 446.0 205.27 0 0 0 0 0 0 0 0 0 0
880 1440 3382.0 1031.458 10000 2498.0 745.482 1184.0 333.6809 452.0 190.58 0 0 0 0 0 0 0 0 0 0
880 1520 3422.0 1096.269 10000 2473.0 791.52 1186.0 364.5077 469.0 182.801 0 0 0 0 0 0 0 0 0 0
880 1600 3305.0 1231.451 10000 2410.0 849.958 1180.0 405.298 422.0 239.414 0 0 0 0 0 0 0 0 0 0
880 1680 3313.0 1114.394 10000 2429.0 754.813 1136.0 354.8755 464.0 210.237 0 0 0 0 0 0 0 0 0 0
880 1760 3348.0 1307.236 10000 2453.0 895.01 1161.0 438.6746 481.0 186.566 0 0 0 0 0 0 0 0 0 0
880 1840 3355.0 1231.374 10000 2450.0 845.767 1180.0 420.0722 437.0 191.318 0 0 0 0 0 0 0 0 0 0
880 1920 3302.0 1272.848 10000 2440.0 881.046 1200.0 404.2955 460.0 242.501 0 0 0 0 0 0 0 0 0 0
880 2000 3314.0 1301.116 10000 2417.0 972.996 1179.0 451.6315 466.0 280.119 0 0 0 0 0 0 0 0 0 0
960 160 115.0 35.08785 10000 37.0 9.642548 9.0 3.406644 82.0 28.71555 0 0 0 0 0 0 0 0 0 0
960 240 446.0 90.1609 10000 86.0 23.58977 11.0 2.064824 449.0 75.0017 0 0 0 0 0 0 0 0 0 0
960 320 1026.0 142.0499 10000 171.0 38.58926 15.0 8.770842 995.0 98.6746 0 0 0 0 0 0 0 0 0 0
960 400 1712.0 219.3971 10000 379.0 61.1929 32.0 9.058237 1304.0 166.7697 0 0 0 0 0 0 0 0 0 0
960 480 2251.0 306.5565 10000 636.0 102.0404 46.0 14.10049 1389.0 187.9205 0 0 0 0 0 0 0 0 0 0
960 560 2581.0 383.3378 10000 898.0 142.9619 109.0 23.7913 1314.0 209.0642 0 0 0 0 0 0 0 0 0 0
960 640 2865.0 483.778 10000 1185.0 204.0512 203.0 39.02973 1245.0 223.416 0 0 0 0 0 0 0 0 0 0
960 720 3023.0 587.52 10000 1430.0 283.4861 324.0 61.3959 1043.0 266.542 0 0 0 0 0 0 0 0 0 0
960 800 3153.0 751.805 10000 1675.0 393.5518 409.0 97.7683 1016.0 297.139 0 0 0 0 0 0 0 0 0 0
960 880 3255.0 1021.306 10000 1906.0 533.664 595.0 141.7134 857.0 333.048 0 0 0 0 0 0 0 0 0 0
960 960 3453.0 1562.995 10000 2617.0 1087.047 1312.0 533.462 453.0 249.908 0 0 0 0 0 0 0 0 0 0
960 1040 3657.0 1440.598 10000 2760.0 965.846 1447.0 439.8556 492.0 315.816 0 0 0 0 0 0 0 0 0 0
960 1120 3560.0 1325.293 10000 2697.0 948.373 1407.0 401.3708 390.0 229.956 0 0 0 0 0 0 0 0 0 0
960 1200 3496.0 1553.625 10000 2657.0 1171.122 1389.0 574.151 387.0 257.124 0 0 0 0 0 0 0 0 0 0
960 1280 3474.0 1295.269 10000 2635.0 915.341 1393.0 516.952 465.0 208.023 0 0 0 0 0 0 0 0 0 0
960 1360 3413.0 1216.815 10000 2616.0 861.112 1430.0 402.0778 421.0 256.615 0 0 0 0 0 0 0 0 0 0
960 1440 3416.0 1396.59 10000 2542.0 1046.663 1327.0 505.6111 380.0 268.709 0 0 0 0 0 0 0 0 0 0
960 1520 3343.0 1419.409 10000 2599.0 1026.3 1339.0 503.058 364.0 164.445 0 0 0 0 0 0 0 0 0 0
960 1600 3356.0 1364.65 10000 2579.0 918.798 1384.0 427.2698 406.0 204.199 0 0 0 0 0 0 0 0 0 0
960 1680 3462.0 1414.803 10000 2622.0 935.729 1408.0 467.736 424.0 213.391 0 0 0 0 0 0 0 0 0 0
960 1760 3403.0 1564.429 10000 2580.0 1115.499 1308.0 500.8727 408.0 183.687 0 0 0 0 0 0 0 0 0 0
960 1840 3429.0 1358.391 10000 2629.0 965.377 1445.0 514.324 390.0 244.192 0 0 0 0 0 0 0 0 0 0
960 1920 3446.0 1425.049 10000 2675.0 1068.068 1433.0 484.18 411.0 241.724 0 0 0 0 0 0 0 0 0 0
960 2000 3379.0 1449.492 10000 2565.0 1042.144 1424.0 552.093 431.0 228.027 0 0 0 0 0 0 0 0 0 0
1040 160 142.0 33.23433 10000 51.0 9.248587 10.0 1.650149 89.0 16.89317 0 0 0 0 0 0 0 0 0 0
1040 240 489.0 76.1834 10000 84.0 16.52873 5.0 0.175889 456.0 68.6488 0 0 0 0 0 0 0 0 0 0
1040 320 996.0 150.2423 10000 175.0 31.83613 15.0 2.669376 1004.0 116.1078 0 0 0 0 0 0 0 0 0 0
1040 400 1663.0 205.7307 10000 337.0 50.6954 21.0 4.521355 1372.0 155.3762 0 0 0 0 0 0 0 0 0 0
1040 480 2210.0 306.0273 10000 689.0 100.4219 63.0 18.59587 1365.0 186.2247 0 0 0 0 0 0 0 0 0 0
1040 560 2652.0 383.0304 10000 984.0 150.7467 121.0 18.00547 1274.0 203.6656 0 0 0 0 0 0 0 0 0 0
1040 640 2864.0 554.039 10000 1245.0 258.5783 201.0 37.77963 1213.0 220.996 0 0 0 0 0 0 0 0 0 0
1040 720 3077.0 567.392 10000 1464.0 251.5844 307.0 54.4378 1058.0 279.242 0 0 0 0 0 0 0 0 0 0
1040 800 3133.0 799.383 10000 1631.0 403.3836 433.0 113.027 960.0 268.725 0 0 0 0 0 0 0 0 0 0
1040 880 3253.0 926.036 10000 1911.0 531.038 586.0 151.3941 923.0 336.213 0 0 0 0 0 0 0 0 0 0
1040 960 3416.0 1248.975 10000 2107.0 663.372 722.0 211.0768 787.0 392.69 0 0 0 0 0 0 0 0 0 0
1040 1040 3557.0 1505.481 10000 2763.0 1060.591 1547.0 570.641 392.0 267.004 0 0 0 0 0 0 0 0 0 0
1040 1120 3626.0 1673.13 10000 2862.0 1251.239 1603.0 622.912 417.0 261.824 0 0 0 0 0 0 0 0 0 0
1040 1200 3595.0 1659.837 10000 2818.0 1145.741 1573.0 592.194 408.0 289.872 0 0 0 0 0 0 0 0 0 0
1040 1280 3564.0 1529.375 9999 2782.0 1164.96 1602.0 605.805 405.0 212.667 0 0 0 0 0 0 0 0 0 0
1040 1360 3511.0 1565.858 10000 2745.0 1182.007 1583.0 660.467 391.0 275.576 0 0 0 0 0 0 0 0 0 0
1040 1440 3571.0 1653.109 10000 2812.0 1205.316 1624.0 594.647 372.0 295.357 0 0 0 0 0 0 0 0 0 0
1040 1520 3512.0 1678.987 10000 2777.0 1247.008 1576.0 697.999 370.0 268.295 0 0 0 0 0 0 0 0 0 0
1040 1600 3406.0 1729.086 10000 2668.0 1216.358 1542.0 646.184 405.0 239.342 0 0 0 0 0 0 0 0 0 0
1040 1680 3560.0 1575.287 10000 2773.0 1168.627 1594.0 518.516 367.0 223.327 0 0 0 0 0 0 0 0 0 0
1040 1760 3445.0 1755.108 10000 2764.0 1227.374 1592.0 647.254 376.0 293.863 0 0 0 0 0 0 0 0 0 0
1040 1840 3529.0 1587.192 10000 2795.0 1271.933 1615.0 750.467 328.0 282.742 0 0 0 0 0 0 0 0 0 0
1040 1920 3485.0 1824.462 10000 2733.0 1332.401 1562.0 624.736 339.0 272.601 0 0 0 0 0 0 0 0 0 0
1040 2000 3403.0 1661.707 10000 2701.0 1286.089 1548.0 735.886 354.0 220.413 0 0 0 0 0 0 0 0 0 0
1120 160 115.0 33.46024 10000 42.0 8.33039 8.0 1.929425 77.0 24.98526 0 0 0 0 0 0 0 0 0 0
1120 240 435.0 87.1849 10000 70.0 18.74207 8.0 1.190567 438.0 75.4925 0 0 0 0 0 0 0 0 0 0
1120 320 1000.0 148.5398 10000 173.0 35.49691 16.0 1.574129 981.0 112.3551 0 0 0 0 0 0 0 0 0 0
1120 400 1667.0 204.7972 10000 367.0 59.6116 29.0 3.934462 1360.0 163.8705 0 0 0 0 0 0 0 0 0 0
1120 480 2159.0 306.7961 10000 591.0 109.4705 36.0 8.07009 1419.0 195.4769 0 0 0 0 0 0 0 0 0 0
1120 560 2625.0 399.3537 10000 981.0 137.6339 122.0 17.46086 1324.0 224.1733 0 0 0 0 0 0 0 0 0 0
1120 640 2888.0 478.685 10000 1269.0 196.3667 195.0 41.98665 1166.0 230.824 0 0 0 0 0 0 0 0 0 0
1120 720 3015.0 609.047 10000 1487.0 273.2508 293.0 66.6737 1044.0 271.775 0 0 0 0 0 0 0 0 0 0
1120 800 3166.0 735.426 10000 1661.0 397.9958 468.0 97.2542 1037.0 270.402 0 0 0 0 0 0 0 0 0 0
1120 880 3195.0 889.504 10000 1797.0 469.998 521.0 147.5449 877.0 312.701 0 0 0 0 0 0 0 0 0 0
1120 960 3271.0 1092.157 10000 2011.0 604.198 678.0 215.473 828.0 278.44 0 0 0 0 0 0 0 0 0 0
1120 1040 3478.0 1380.412 10000 2232.0 864.085 891.0 307.2188 738.0 423.959 0 0 0 0 0 0 0 0 0 0
1120 1120 3522.0 2047.221 10000 2830.0 1593.835 1661.0 846.571 338.0 409.762 0 0 0 0 0 0 0 0 0 0
1120 1200 3650.0 2079.047 10000 2930.0 1557.511 1779.0 890.807 380.0 240.359 0 0 0 0 0 0 0 0 0 0
1120 1280 3593.0 1941.944 10000 2864.0 1437.049 1748.0 814.162 321.0 232.048 0 0 0 0 0 0 0 0 0 0
1120 1360 3633.0 1871.866 10000 2925.0 1296.257 1777.0 681.209 307.0 265.782 0 0 0 0 0 0 0 0 0 0
1120 1440 3622.0 1989.205 10000 2906.0 1499.15 1726.0 864.636 336.0 236.854 0 0 0 0 0 0 0 0 0 0
1120 1520 3523.0 1785.44 10000 2857.0 1386.211 1728.0 733.975 297.0 294.929 0 0 0 0 0 0 0 0 0 0
1120 1600 3438.0 2234.295 10000 2793.0 1631.256 1676.0 951.457 320.0 221.227 0 0 0 0 0 0 0 0 0 0
1120 1680 3514.0 2014.678 10000 2857.0 1568.604 1757.0 889.969 299.0 263.619 0 0 0 0 0 0 0 0 0 0
1120 1760 3514.0 2073.23 10000 2878.0 1580.302 1762.0 875.848 317.0 247.286 0 0 0 0 0 0 0 0 0 0
1120 1840 3477.0 1895.938 10000 2812.0 1471.745 1697.0 926.702 298.0 231.39 0 0 0 0 0 0 0 0 0 0
1120 1920 3469.0 1963.211 10000 2808.0 1596.383 1736.0 938.556 330.0 259.329 0 0 0 0 0 0 0 0 0 0
1120 2000 3487.0 1957.659 10000 2810.0 1446.225 1674.0 803.486 299.0 281.465 0 0 0 0 0 0 0 0 0 0
1200 160 113.0 27.42228 10000 44.0 10.18115 7.0 1.865562 85.0 18.40897 0 0 0 0 0 0 0 0 0 0
1200 240 446.0 78.487 10000 73.0 17.64659 5.0 3.943914 405.0 69.0074 0 0 0 0 0 0 0 0 0 0
1200 320 1004.0 140.442 10000 160.0 31.51215 14.0 3.350531 972.0 113.4041 0 0 0 0 0 0 0 0 0 0
1200 400 1683.0 222.3572 10000 341.0 59.6573 22.0 8.860012 1328.0 153.1661 0 0 0 0 0 0 0 0 0 0
1200 480 2229.0 290.4728 10000 612.0 95.2343 54.0 21.30437 1414.0 178.1572 0 0 0 0 0 0 0 0 0 0
1200 560 2703.0 376.4845 10000 1000.0 146.8046 128.0 22.1961 1333.0 203.6215 0 0 0 0 0 0 0 0 0 0
1200 640 2816.0 519.912 10000 1202.0 211.4987 219.0 46.48091 1228.0 217.541 0 0 0 0 0 0 0 0 0 0
1200 720 3034.0 637.959 10000 1442.0 284.0483 291.0 72.0468 1047.0 271.148 0 0 0 0 0 0 0 0 0 0
1200 800 3190.0 740.0 10000 1704.0 392.942 423.0 116.1655 979.0 277.511 0 0 0 0 0 0 0 0 0 0
1200 880 3254.0 879.175 10000 1862.0 478.7349 587.0 123.481 874.0 262.034 0 0 0 0 0 0 0 0 0 0
1200 960 3318.0 1043.518 10000 2023.0 607.701 674.0 191.361 821.0 279.506 0 0 0 0 0 0 0 0 0 0
1200 1040 3480.0 1364.146 10000 2167.0 848.352 892.0 309.1946 723.0 378.303 0 0 0 0 0 0 0 0 0 0
1200 1120 3562.0 1687.971 10000 2449.0 1088.393 1067.0 513.715 648.0 359.193 0 0 0 0 0 0 0 0 0 0
1200 1200 3534.0 2140.359 10000 2885.0 1571.528 1802.0 890.976 288.0 312.858 0 0 0 0 0 0 0 0 0 0
1200 1280 3742.0 2304.66 9999 3055.0 1748.678 1926.0 935.627 305.0 294.373 0 0 0 0 0 0 0 0 0 0
1200 1360 3585.0 2289.221 10000 2988.0 1727.57 1891.0 990.672 315.0 345.128 0 0 0 0 0 0 0 0 0 0
1200 1440 3633.0 2359.773 10000 3006.0 1818.313 1958.0 1057.829 321.0 295.762 0 0 0 0 0 0 0 0 0 0
1200 1520 3566.0 2162.028 10000 2975.0 1644.153 1896.0 924.687 317.0 373.848 0 0 0 0 0 0 0 0 0 0
1200 1600 3665.0 2292.639 10000 3016.0 1810.002 1862.0 1042.152 288.0 229.829 0 0 0 0 0 0 0 0 0 0
1200 1680 3546.0 2368.229 10000 2961.0 1841.754 1914.0 982.876 306.0 245.343 0 0 0 0 0 0 0 0 0 0
1200 1760 3607.0 1997.411 10000 2983.0 1594.607 1941.0 946.731 276.0 283.173 0 0 0 0 0 0 0 0 0 0
1200 1840 3626.0 2470.851 10000 2983.0 1912.461 1919.0 1218.422 294.0 353.09 0 0 0 0 0 0 0 0 0 0
1200 1920 3456.0 2260.762 10000 2835.0 1793.034 1829.0 1059.353 280.0 341.394 0 0 0 0 0 0 0 0 0 0
1200 2000 3544.0 2279.944 10000 2916.0 1766.636 1887.0 1049.027 279.0 227.628 0 0 0 0 0 0 0 0 0 0
1280 160 111.0 33.95927 10000 36.0 13.12186 2.0 1.110188 85.0 17.74552 0 0 0 0 0 0 0 0 0 0
1280 240 413.0 75.187 10000 78.0 16.61956 9.0 1.557177 400.0 75.8361 0 0 0 0 0 0 0 0 0 0
1280 320 993.0 133.3261 10000 164.0 32.40848 13.0 1.589768 942.0 109.9767 0 0 0 0 0 0 0 0 0 0
1280 400 1599.0 201.4997 10000 321.0 54.2984 25.0 6.153914 1341.0 160.6111 0 0 0 0 0 0 0 0 0 0
1280 480 2109.0 294.8337 10000 566.0 76.2586 41.0 14.86188 1398.0 201.1083 0 0 0 0 0 0 0 0 0 0
1280 560 2542.0 349.698 10000 866.0 128.3437 109.0 20.46354 1358.0 236.654 0 0 0 0 0 0 0 0 0 0
1280 640 2873.0 466.35 10000 1198.0 201.7043 206.0 34.14062 1199.0 226.957 0 0 0 0 0 0 0 0 0 0
1280 720 3102.0 598.642 10000 1441.0 267.8889 294.0 62.6872 1067.0 244.794 0 0 0 0 0 0 0 0 0 0
1280 800 3193.0 743.279 10000 1689.0 393.2058 459.0 110.9768 964.0 269.741 0 0 0 0 0 0 0 0 0 0
1280 880 3345.0 875.953 10000 1953.0 478.178 603.0 134.4436 869.0 294.749 0 0 0 0 0 0 0 0 0 0
1280 960 3305.0 1061.019 10000 2003.0 595.796 676.0 221.4004 823.0 301.737 0 0 0 0 0 0 0 0 0 0
1280 1040 3429.0 1331.039 10000 2210.0 739.376 840.0 245.9765 727.0 378.739 0 0 0 0 0 0 0 0 0 0
1280 1120 3549.0 1459.855 10000 2371.0 935.337 1021.0 371.8554 667.0 335.296 0 0 0 0 0 0 0 0 0 0
1280 1200 3688.0 1914.331 10000 2633.0 1278.658 1300.0 579.518 619.0 359.572 0 0 0 0 0 0 0 0 0 0
1280 1280 3604.0 2666.55 10000 2996.0 2071.592 1982.0 1214.211 316.0 342.802 0 0 0 0 0 0 0 0 0 0
1280 1360 3729.0 2687.872 10000 3112.0 2196.504 2045.0 1297.003 258.0 329.253 0 0 0 0 0 0 0 0 0 0
1280 1440 3635.0 2748.461 10000 3044.0 2223.183 2012.0 1377.505 276.0 415.387 0 0 0 0 0 0 0 0 0 0
1280 1520 3628.0 2899.37 10000 3058.0 2354.611 2030.0 1391.257 282.0 312.198 0 0 0 0 0 0 0 0 0 0
1280 1600 3617.0 2660.893 10000 3048.0 2162.796 2064.0 1318.687 287.0 308.117 0 0 0 0 0 0 0 0 0 0
1280 1680 3595.0 2590.457 10000 2987.0 2020.957 1972.0 1191.275 294.0 344.352 0 0 0 0 0 0 0 0 0 0
1280 1760 3578.0 2825.371 10000 2999.0 2322.795 2017.0 1362.029 262.0 287.203 0 0 0 0 0 0 0 0 0 0
1280 1840 3579.0 2649.052 10000 2987.0 2106.524 1995.0 1237.141 270.0 288.139 0 0 0 0 0 0 0 0 0 0
1280 1920 3535.0 2662.354 10000 2994.0 2122.388 2034.0 1193.847 245.0 238.371 0 0 0 0 0 0 0 0 0 0
1280 2000 3607.0 2782.076 10000 2998.0 2280.913 2025.0 1423.121 260.0 358.275 0 0 0 0 0 0 0 0 0 0
1360 160 124.0 36.41293 10000 51.0 17.5753 6.0 1.741746 83.0 23.19737 0 0 0 0 0 0 0 0 0 0
1360 240 451.0 80.3174 10000 90.0 20.57475 6.0 1.20791 444.0 59.3128 0 0 0 0 0 0 0 0 0 0
1360 320 1029.0 136.4231 10000 184.0 29.23057 17.0 4.487135 991.0 117.6253 0 0 0 0 0 0 0 0 0 0
1360 400 1644.0 191.5636 10000 353.0 52.4992 34.0 3.329433 1306.0 156.7103 0 0 0 0 0 0 0 0 0 0
1360 480 2239.0 276.805 10000 659.0 101.5837 54.0 8.226865 1431.0 162.229 0 0 0 0 0 0 0 0 0 0
1360 560 2556.0 374.0333 10000 862.0 136.7877 112.0 21.1462 1355.0 205.0207 0 0 0 0 0 0 0 0 0 0
1360 640 2900.0 484.577 10000 1187.0 211.7427 210.0 51.98337 1257.0 246.669 0 0 0 0 0 0 0 0 0 0
1360 720 3089.0 577.195 10000 1442.0 273.2378 279.0 52.0024 1058.0 246.286 0 0 0 0 0 0 0 0 0 0
1360 800 3361.0 753.013 10000 1736.0 366.9005 409.0 89.422 944.0 257.169 0 0 0 0 0 0 0 0 0 0
1360 880 3310.0 885.383 10000 1862.0 460.4529 542.0 116.3296 862.0 335.687 0 0 0 0 0 0 0 0 0 0
1360 960 3368.0 1172.613 10000 2089.0 685.133 713.0 234.2117 794.0 317.74 0 0 0 0 0 0 0 0 0 0
1360 1040 3502.0 1291.89 10000 2184.0 787.256 841.0 271.9872 727.0 345.326 0 0 0 0 0 0 0 0 0 0
1360 1120 3514.0 1511.922 10000 2342.0 933.779 1021.0 366.8924 656.0 427.973 0 0 0 0 0 0 0 0 0 0
1360 1200 3531.0 1871.314 10000 2479.0 1228.093 1080.0 538.966 580.0 387.195 0 0 0 0 0 0 0 0 0 0
1360 1280 3749.0 2306.682 10000 2685.0 1577.607 1380.0 763.868 542.0 390.275 0 0 0 0 0 0 0 0 0 0
1360 1360 3601.0 3065.585 10000 3059.0 2429.033 2102.0 1592.433 277.0 325.545 0 0 0 0 0 0 0 0 0 0
1360 1440 3741.0 3035.571 10000 3156.0 2500.674 2156.0 1447.332 234.0 284.373 0 0 0 0 0 0 0 0 0 0
1360 1520 3663.0 3073.813 10000 3104.0 2533.014 2157.0 1538.887 279.0 333.562 0 0 0 0 0 0 0 0 0 0
1360 1600 3652.0 3447.827 10000 3133.0 2756.079 2180.0 1754.949 257.0 338.831 0 0 0 0 0 0 0 0 0 0
1360 1680 3625.0 2926.422 10000 3094.0 2363.663 2123.0 1503.185 220.0 183.868 0 0 0 0 0 0 0 0 0 0
1360 1760 3597.0 2941.04 10000 3073.0 2354.353 2101.0 1502.085 273.0 342.101 0 0 0 0 0 0 0 0 0 0
1360 1840 3612.0 3000.32 10000 3089.0 2446.823 2185.0 1624.635 251.0 366.196 0 0 0 0 0 0 0 0 0 0
1360 1920 3561.0 2968.003 9999 3035.0 2433.88 2122.0 1465.86 257.0 293.225 0 0 0 0 0 0 0 0 0 0
1360 2000 3576.0 3062.008 10000 3057.0 2529.046 2110.0 1596.77 245.0 339.939 0 0 0 0 0 0 0 0 0 0
1440 160 123.0 31.50416 10000 41.0 11.42404 4.0 1.283196 69.0 19.78894 0 0 0 0 0 0 0 0 0 0
1440 240 477.0 79.2213 10000 82.0 20.81423 3.0 2.858626 428.0 63.9169 0 0 0 0 0 0 0 0 0 0
1440 320 1001.0 132.4756 10000 162.0 24.04521 13.0 1.699963 1022.0 114.016 0 0 0 0 0 0 0 0 0 0
1440 400 1634.0 197.2594 10000 336.0 49.4683 24.0 7.97864 1309.0 152.4348 0 0 0 0 0 0 0 0 0 0
1440 480 2134.0 275.6047 10000 557.0 94.7759 43.0 12.72996 1450.0 178.3539 0 0 0 0 0 0 0 0 0 0
1440 560 2646.0 380.0334 10000 912.0 141.1054 112.0 30.59747 1331.0 208.6356 0 0 0 0 0 0 0 0 0 0
1440 640 2815.0 478.143 10000 1201.0 191.2141 223.0 49.34135 1231.0 250.234 0 0 0 0 0 0 0 0 0 0
1440 720 3083.0 574.104 10000 1451.0 275.4654 309.0 55.57262 1089.0 266.966 0 0 0 0 0 0 0 0 0 0
1440 800 3244.0 742.761 10000 1725.0 395.9304 443.0 95.1088 986.0 238.766 0 0 0 0 0 0 0 0 0 0
1440 880 3367.0 881.423 10000 1879.0 464.736 553.0 144.6459 909.0 323.711 0 0 0 0 0 0 0 0 0 0
1440 960 3344.0 985.223 10000 2046.0 572.97 673.0 188.3643 856.0 325.003 0 0 0 0 0 0 0 0 0 0
1440 1040 3431.0 1143.636 10000 2147.0 673.663 793.0 203.2 742.0 323.851 0 0 0 0 0 0 0 0 0 0
1440 1120 3504.0 1432.799 10000 2357.0 850.907 1019.0 301.3855 676.0 353.746 0 0 0 0 0 0 0 0 0 0
1440 1200 3557.0 1700.56 10000 2468.0 1136.859 1143.0 492.974 605.0 359.39 0 0 0 0 0 0 0 0 0 0
1440 1280 3537.0 2023.854 10000 2531.0 1353.763 1229.0 597.027 567.0 423.454 0 0 0 0 0 0 0 0 0 0
1440 1360 3646.0 2367.124 10000 2709.0 1636.405 1519.0 834.692 495.0 420.669 0 0 0 0 0 0 0 0 0 0
1440 1440 3513.0 3302.117 10000 3048.0 2655.97 2147.0 1766.357 260.0 348.503 0 0 0 0 0 0 0 0 0 0
1440 1520 3650.0 3561.855 10000 3147.0 2952.431 2258.0 1817.529 217.0 355.208 0 0 0 0 0 0 0 0 0 0
1440 1600 3576.0 3367.371 10000 3058.0 2694.158 2207.0 1745.269 219.0 354.601 0 0 0 0 0 0 0 0 0 0
1440 1680 3696.0 3436.887 10000 3186.0 2824.364 2223.0 1784.891 210.0 312.808 0 0 0 0 0 0 0 0 0 0
1440 1760 3617.0 3624.181 10000 3159.0 2925.53 2290.0 1976.007 222.0 359.654 0 0 0 0 0 0 0 0 0 0
1440 1840 3436.0 3466.052 10000 2987.0 2844.58 2126.0 1855.185 222.0 312.416 0 0 0 0 0 0 0 0 0 0
1440 1920 3577.0 3678.962 10000 3085.0 3030.312 2279.0 2214.451 235.0 346.289 0 0 0 0 0 0 0 0 0 0
1440 2000 3585.0 3522.867 10000 3110.0 2810.496 2230.0 1723.659 238.0 344.331 0 0 0 0 0 0 0 0 0 0
1520 160 112.0 37.04647 10000 28.0 15.58448 2.0 5.9451 91.0 33.96403 0 0 0 0 0 0 0 0 0 0
1520 240 462.0 98.0568 10000 90.0 22.40185 8.0 2.703789 397.0 65.9075 0 0 0 0 0 0 0 0 0 0
1520 320 994.0 133.6158 10000 175.0 28.00022 13.0 2.952765 973.0 126.3531 0 0 0 0 0 0 0 0 0 0
1520 400 1646.0 212.2551 10000 358.0 59.69741 29.0 5.955213 1299.0 157.3549 0 0 0 0 0 0 0 0 0 0
1520 480 2154.0 276.5394 10000 617.0 100.3412 55.0 13.45875 1455.0 199.8886 0 0 0 0 0 0 0 0 0 0
1520 560 2572.0 385.8628 10000 882.0 131.5694 96.0 23.89858 1328.0 206.7122 0 0 0 0 0 0 0 0 0 0
1520 640 2877.0 510.042 10000 1217.0 227.1638 164.0 35.51352 1220.0 183.421 0 0 0 0 0 0 0 0 0 0
1520 720 3053.0 559.287 10000 1434.0 265.4401 295.0 63.7 1160.0 239.438 0 0 0 0 0 0 0 0 0 0
1520 800 3142.0 749.636 10000 1623.0 338.1063 394.0 100.6694 1000.0 254.493 0 0 0 0 0 0 0 0 0 0
1520 880 3318.0 916.78 10000 1906.0 496.288 550.0 144.0992 860.0 303.426 0 0 0 0 0 0 0 0 0 0
1520 960 3325.0 1037.181 10000 2017.0 575.54 691.0 181.6353 865.0 332.637 0 0 0 0 0 0 0 0 0 0
1520 1040 3519.0 1183.977 10000 2271.0 701.623 896.0 228.1102 719.0 329.814 0 0 0 0 0 0 0 0 0 0
1520 1120 3532.0 1410.207 10000 2372.0 833.742 1015.0 331.8691 681.0 309.393 0 0 0 0 0 0 0 0 0 0
1520 1200 3533.0 1534.305 10000 2457.0 1036.722 1083.0 430.3632 601.0 408.134 0 0 0 0 0 0 0 0 0 0
1520 1280 3449.0 1705.488 10000 2450.0 1096.29 1159.0 519.1938 551.0 393.418 0 0 0 0 0 0 0 0 0 0
1520 1360 3542.0 2214.855 10000 2578.0 1515.313 1336.0 704.981 518.0 388.914 0 0 0 0 0 0 0 0 0 0
1520 1440 3685.0 2898.083 10000 2833.0 2144.46 1563.0 1112.755 379.0 543.45 0 0 0 0 0 0 0 0 0 0
1520 1520 3496.0 3877.568 9999 3042.0 3175.386 2182.0 2098.831 208.0 425.335 0 0 0 0 0 0 0 0 0 0
1520 1600 3570.0 4037.171 10000 3104.0 3318.913 2290.0 2179.336 214.0 390.017 0 0 0 0 0 0 0 0 0 0
1520 1680 3531.0 3694.901 10000 3044.0 3028.215 2230.0 2037.084 219.0 378.521 0 0 0 0 0 0 0 0 0 0
1520 1760 3573.0 3855.495 10000 3138.0 3160.831 2307.0 2171.989 207.0 428.652 0 0 0 0 0 0 0 0 0 0
1520 1840 3578.0 3922.566 10000 3094.0 3239.521 2256.0 2242.435 211.0 326.186 0 0 0 0 0 0 0 0 0 0
1520 1920 3505.0 4048.944 10000 3073.0 3337.363 2295.0 2149.412 211.0 385.462 0 0 0 0 0 0 0 0 0 0
1520 2000 3407.0 3910.675 10000 2989.0 3229.205 2212.0 2285.04 216.0 391.812 0 0 0 0 0 0 0 0 0 0
1600 160 116.0 36.78009 10000 39.0 13.04732 9.0 1.091405 69.0 21.99901 0 0 0 0 0 0 0 0 0 0
1600 240 475.0 80.8205 10000 98.0 16.73729 3.0 2.556204 384.0 72.5306 0 0 0 0 0 0 0 0 0 0
1600 320 951.0 132.8286 10000 154.0 24.84017 6.0 1.132317 983.0 114.6651 0 0 0 0 0 0 0 0 0 0
1600 400 1627.0 216.0819 10000 356.0 53.263 26.0 8.133493 1345.0 175.2893 0 0 0 0 0 0 0 0 0 0
1600 480 2214.0 271.0538 10000 589.0 86.5382 43.0 7.544541 1421.0 179.8432 0 0 0 0 0 0 0 0 0 0
1600 560 2543.0 343.4585 10000 884.0 131.0572 97.0 11.84021 1423.0 217.2855 0 0 0 0 0 0 0 0 0 0
1600 640 2839.0 445.973 10000 1148.0 169.7054 181.0 34.20117 1194.0 220.067 0 0 0 0 0 0 0 0 0 0
1600 720 3103.0 600.528 10000 1458.0 265.3394 276.0 61.18488 1104.0 286.792 0 0 0 0 0 0 0 0 0 0
1600 800 3193.0 659.711 10000 1709.0 329.268 417.0 84.7088 1004.0 263.647 0 0 0 0 0 0 0 0 0 0
1600 880 3347.0 832.567 10000 1901.0 435.7108 564.0 134.8282 898.0 309.85 0 0 0 0 0 0 0 0 0 0
1600 960 3398.0 983.661 10000 2068.0 603.345 710.0 192.6559 815.0 273.164 0 0 0 0 0 0 0 0 0 0
1600 1040 3453.0 1295.377 10000 2193.0 803.321 818.0 261.3062 744.0 355.745 0 0 0 0 0 0 0 0 0 0
1600 1120 3362.0 1489.035 10000 2270.0 928.319 947.0 334.1874 696.0 368.184 0 0 0 0 0 0 0 0 0 0
1600 1200 3482.0 1607.535 9999 2390.0 1026.111 1100.0 419.1673 587.0 319.63 0 0 0 0 0 0 0 0 0 0
1600 1280 3573.0 1801.128 10000 2535.0 1140.729 1224.0 533.434 576.0 319.499 0 0 0 0 0 0 0 0 0 0
1600 1360 3505.0 2006.561 10000 2584.0 1370.267 1353.0 663.816 482.0 424.952 0 0 0 0 0 0 0 0 0 0
1600 1440 3702.0 2503.829 10000 2756.0 1854.927 1489.0 980.04 493.0 395.343 0 0 0 0 0 0 0 0 0 0
1600 1520 3602.0 3110.563 9999 2794.0 2255.753 1750.0 1234.457 414.0 488.788 0 0 0 0 0 0 0 0 0 0
1600 1600 3450.0 3918.676 10000 3047.0 3232.736 2246.0 2339.141 190.0 351.699 0 0 0 0 0 0 0 0 0 0
1600 1680 3501.0 4175.801 9999 3051.0 3472.902 2273.0 2335.795 194.0 309.737 0 0 0 0 0 0 0 0 0 0
1600 1760 3559.0 3985.526 9999 3119.0 3252.652 2304.0 2292.535 197.0 366.348 0 0 0 0 0 0 0 0 0 0
1600 1840 3391.0 4267.933 10000 2966.0 3478.82 2183.0 2348.43 191.0 221.27 0 0 0 0 0 0 0 0 0 0
1600 1920 3505.0 4353.084 9999 3109.0 3574.582 2297.0 2554.215 166.0 280.016 0 0 0 0 0 0 0 0 0 0
1600 2000 3461.0 4317.116 9999 3045.0 3459.098 2314.0 2412.006 174.0 382.122 0 0 0 0 0 0 0 0 0 0
1680 160 137.0 26.4114 10000 45.0 10.16436 7.0 1.503732 79.0 18.73022 0 0 0 0 0 0 0 0 0 0
1680 240 428.0 86.909 10000 66.0 17.16959 5.0 2.147573 432.0 77.0668 0 0 0 0 0 0 0 0 0 0
1680 320 976.0 140.173 10000 163.0 27.73514 9.0 5.021437 977.0 114.7197 0 0 0 0 0 0 0 0 0 0
1680 400 1633.0 186.5077 10000 353.0 50.9137 25.0 5.716304 1309.0 158.0842 0 0 0 0 0 0 0 0 0 0
1680 480 2185.0 285.7575 10000 562.0 94.5645 56.0 22.74319 1455.0 182.5285 0 0 0 0 0 0 0 0 0 0
1680 560 2595.0 338.5405 10000 887.0 128.0666 97.0 19.10966 1369.0 203.3505 0 0 0 0 0 0 0 0 0 0
1680 640 2887.0 482.575 10000 1209.0 198.8703 183.0 34.8237 1240.0 233.115 0 0 0 0 0 0 0 0 0 0
1680 720 3169.0 546.041 10000 1500.0 251.5866 264.0 56.79165 1177.0 233.117 0 0 0 0 0 0 0 0 0 0
1680 800 3218.0 678.382 10000 1681.0 320.9937 387.0 62.0932 1050.0 308.443 0 0 0 0 0 0 0 0 0 0
1680 880 3279.0 815.393 10000 1852.0 442.0445 545.0 132.1851 913.0 300.728 0 0 0 0 0 0 0 0 0 0
1680 960 3411.0 1045.385 10000 2059.0 594.54 692.0 166.2936 844.0 311.294 0 0 0 0 0 0 0 0 0 0
1680 1040 3529.0 1186.012 10000 2203.0 668.708 828.0 222.4407 725.0 301.305 0 0 0 0 0 0 0 0 0 0
1680 1120 3461.0 1337.424 10000 2306.0 817.084 932.0 331.2336 633.0 342.494 0 0 0 0 0 0 0 0 0 0
1680 1200 3484.0 1567.741 10000 2432.0 1020.221 1064.0 411.6809 602.0 353.38 0 0 0 0 0 0 0 0 0 0
1680 1280 3491.0 1713.71 10000 2461.0 1134.296 1175.0 468.624 565.0 286.473 0 0 0 0 0 0 0 0 0 0
1680 1360 3565.0 2036.624 10000 2631.0 1420.733 1334.0 687.488 541.0 392.101 0 0 0 0 0 0 0 0 0 0
1680 1440 3492.0 2227.842 10000 2585.0 1496.051 1401.0 782.165 464.0 323.031 0 0 0 0 0 0 0 0 0 0
1680 1520 3467.0 2621.744 9999 2668.0 1907.058 1542.0 1035.827 441.0 553.684 0 0 0 0 0 0 0 0 0 0
1680 1600 3453.0 3397.889 9999 2793.0 2616.655 1739.0 1401.685 355.0 402.635 0 0 0 0 0 0 0 0 0 0
1680 1680 3165.0 4496.808 10000 2826.0 3919.769 2133.0 2656.241 187.0 322.998 0 0 0 0 0 0 0 0 0 0
1680 1760 3349.0 4395.242 9998 2963.0 3530.895 2292.0 2517.441 173.0 428.488 0 0 0 0 0 0 0 0 0 0
1680 1840 3458.0 4114.629 9999 3099.0 3434.389 2379.0 2448.743 168.0 449.041 0 0 0 0 0 0 0 0 0 0
1680 1920 3301.0 4396.668 10000 2930.0 3689.374 2274.0 2631.191 166.0 316.936 0 0 0 0 0 0 0 0 0 0
1680 2000 3360.0 4316.121 10000 3012.0 3552.443 2326.0 2519.515 178.0 411.531 0 0 0 0 0 0 0 0 0 0
1760 160 114.0 36.06243 10000 47.0 15.04767 8.0 1.26446 68.0 24.95098 0 0 0 0 0 0 0 0 0 0
1760 240 464.0 105.8397 10000 78.0 29.02284 5.0 2.986332 468.0 62.5342 0 0 0 0 0 0 0 0 0 0
1760 320 1006.0 128.7668 10000 150.0 33.43851 4.0 1.206359 912.0 112.9662 0 0 0 0 0 0 0 0 0 0
1760 400 1645.0 209.1894 10000 327.0 50.2561 13.0 8.049164 1326.0 156.2947 0 0 0 0 0 0 0 0 0 0
1760 480 2153.0 266.0788 10000 583.0 72.1069 50.0 8.34841 1426.0 166.0258 0 0 0 0 0 0 0 0 0 0
1760 560 2540.0 351.5063 10000 843.0 125.3073 72.0 15.43569 1368.0 231.0787 0 0 0 0 0 0 0 0 0 0
1760 640 2821.0 474.155 10000 1155.0 186.3311 173.0 33.21077 1230.0 236.522 0 0 0 0 0 0 0 0 0 0
1760 720 3118.0 512.295 10000 1444.0 220.7765 285.0 42.44116 1115.0 237.263 0 0 0 0 0 0 0 0 0 0
1760 800 3221.0 642.112 10000 1654.0 299.1696 401.0 78.5288 989.0 226.628 0 0 0 0 0 0 0 0 0 0
1760 880 3434.0 770.182 10000 1898.0 439.1833 589.0 121.3633 853.0 336.444 0 0 0 0 0 0 0 0 0 0
1760 960 3448.0 1006.549 10000 2056.0 562.238 741.0 159.6187 856.0 316.683 0 0 0 0 0 0 0 0 0 0
1760 1040 3545.0 1166.87 10000 2244.0 681.8 842.0 218.7913 707.0 274.304 0 0 0 0 0 0 0 0 0 0
1760 1120 3502.0 1549.015 9999 2298.0 1008.948 948.0 365.2549 701.0 344.516 0 0 0 0 0 0 0 0 0 0
1760 1200 3440.0 1477.7 10000 2401.0 952.205 1124.0 385.781 637.0 336.848 0 0 0 0 0 0 0 0 0 0
1760 1280 3531.0 1584.593 10000 2529.0 1129.098 1168.0 476.41 542.0 363.038 0 0 0 0 0 0 0 0 0 0
1760 1360 3430.0 1980.326 9999 2535.0 1311.369 1280.0 582.484 482.0 258.785 0 0 0 0 0 0 0 0 0 0
1760 1440 3435.0 1937.749 10000 2521.0 1354.213 1318.0 698.333 474.0 414.816 0 0 0 0 0 0 0 0 0 0
1760 1520 3345.0 2235.293 9999 2571.0 1531.741 1474.0 834.619 446.0 349.11 0 0 0 0 0 0 0 0 0 0
1760 1600 3337.0 2515.768 9998 2574.0 1864.706 1511.0 1004.177 442.0 441.444 0 0 0 0 0 0 0 0 0 0
1760 1680 3364.0 3221.551 9999 2702.0 2458.365 1723.0 1342.443 343.0 429.8 0 0 0 0 0 0 0 0 0 0
1760 1760 3037.0 4135.641 9999 2731.0 3424.199 2112.0 2320.028 148.0 341.735 0 0 0 0 0 0 0 0 0 0
1760 1840 3060.0 4436.393 9999 2725.0 3720.031 2093.0 2585.849 184.0 320.865 0 0 0 0 0 0 0 0 0 0
1760 1920 3128.0 4371.822 9999 2774.0 3584.494 2177.0 2553.242 173.0 344.722 0 0 0 0 0 0 0 0 0 0
1760 2000 3169.0 4714.928 9997 2826.0 3918.757 2220.0 2811.946 158.0 429.022 0 0 0 0 0 0 0 0 0 0
1840 160 147.0 42.01478 10000 34.0 22.451257 4.0 13.199272 74.0 26.48359 0 0 0 0 0 0 0 0 0 0
1840 240 407.0 87.8301 10000 61.0 18.76774 4.0 2.22301 386.0 63.6845 0 0 0 0 0 0 0 0 0 0
1840 320 944.0 121.8837 10000 168.0 29.91542 10.0 4.851604 945.0 115.8997 0 0 0 0 0 0 0 0 0 0
1840 400 1712.0 194.7394 10000 390.0 53.63531 19.0 7.384918 1325.0 149.231 0 0 0 0 0 0 0 0 0 0
1840 480 2204.0 260.8656 10000 605.0 80.8429 54.0 8.757869 1393.0 171.3194 0 0 0 0 0 0 0 0 0 0
1840 560 2556.0 325.5706 10000 865.0 96.9254 98.0 17.49844 1349.0 201.9734 0 0 0 0 0 0 0 0 0 0
1840 640 2823.0 418.3287 10000 1116.0 178.7593 164.0 32.9998 1257.0 217.4943 0 0 0 0 0 0 0 0 0 0
1840 720 2969.0 547.197 10000 1372.0 237.1066 263.0 50.3757 1096.0 244.025 0 0 0 0 0 0 0 0 0 0
1840 800 3272.0 724.412 10000 1703.0 358.4149 404.0 105.0266 1003.0 279.858 0 0 0 0 0 0 0 0 0 0
1840 880 3335.0 894.698 10000 1846.0 450.1764 502.0 149.7335 884.0 262.405 0 0 0 0 0 0 0 0 0 0
1840 960 3417.0 963.969 10000 2024.0 533.952 686.0 187.3316 826.0 273.366 0 0 0 0 0 0 0 0 0 0
1840 1040 3492.0 1298.744 10000 2233.0 801.3 829.0 315.4384 757.0 338.432 0 0 0 0 0 0 0 0 0 0
1840 1120 3501.0 1330.887 10000 2324.0 841.263 995.0 344.295 649.0 376.715 0 0 0 0 0 0 0 0 0 0
1840 1200 3500.0 1521.407 10000 2425.0 987.634 1112.0 401.382 630.0 327.724 0 0 0 0 0 0 0 0 0 0
1840 1280 3403.0 1639.559 10000 2428.0 1053.973 1132.0 437.6386 550.0 337.625 0 0 0 0 0 0 0 0 0 0
1840 1360 3424.0 1692.112 10000 2461.0 1139.025 1251.0 528.0568 505.0 313.922 0 0 0 0 0 0 0 0 0 0
1840 1440 3319.0 1928.76 10000 2482.0 1402.973 1309.0 636.31 456.0 408.078 0 0 0 0 0 0 0 0 0 0
1840 1520 3227.0 2053.724 9999 2438.0 1477.024 1345.0 809.066 427.0 372.84 0 0 0 0 0 0 0 0 0 0
1840 1600 3155.0 2252.477 10000 2466.0 1646.276 1440.0 947.277 416.0 425.204 0 0 0 0 0 0 0 0 0 0
1840 1680 3130.0 2522.538 9998 2447.0 1771.416 1520.0 980.188 372.0 400.973 0 0 0 0 0 0 0 0 0 0
1840 1760 3266.0 3133.603 9999 2650.0 2464.883 1732.0 1469.399 296.0 443.884 0 0 0 0 0 0 0 0 0 0
1840 1840 2773.0 3834.569 9999 2493.0 3268.761 1932.0 2358.104 150.0 332.797 0 0 0 0 0 0 0 0 0 0
1840 1920 2836.0 4299.782 9998 2561.0 3669.722 2020.0 2710.746 123.0 357.204 0 0 0 0 0 0 0 0 0 0
1840 2000 2812.0 4110.601 9997 2522.0 3373.381 1957.0 2365.149 135.0 289.331 0 0 0 0 0 0 0 0 0 0
1920 160 113.0 39.35952 10000 37.0 9.73587 4.0 1.59683 79.0 19.25258 0 0 0 0 0 0 0 0 0 0
1920 240 458.0 80.722 10000 90.0 18.27402 3.0 1.314793 402.0 79.581 0 0 0 0 0 0 0 0 0 0
1920 320 983.0 131.3735 10000 186.0 25.59038 12.0 1.95669 999.0 125.4439 0 0 0 0 0 0 0 0 0 0
1920 400 1646.0 197.9709 10000 340.0 50.43946 22.0 5.274755 1343.0 156.0971 0 0 0 0 0 0 0 0 0 0
1920 480 2187.0 282.964 10000 611.0 89.4644 49.0 24.336204 1423.0 167.196 0 0 0 0 0 0 0 0 0 0
1920 560 2577.0 355.6722 10000 907.0 112.991 88.0 15.56189 1337.0 197.5028 0 0 0 0 0 0 0 0 0 0
1920 640 2866.0 412.3578 10000 1174.0 159.526 166.0 33.47055 1280.0 222.3512 0 0 0 0 0 0 0 0 0 0
1920 720 3112.0 531.189 10000 1450.0 223.811 259.0 32.19368 1106.0 247.397 0 0 0 0 0 0 0 0 0 0
1920 800 3263.0 674.929 10000 1689.0 325.8748 392.0 58.67811 1027.0 284.652 0 0 0 0 0 0 0 0 0 0
1920 880 3345.0 809.443 10000 1949.0 447.312 548.0 122.8735 974.0 318.249 0 0 0 0 0 0 0 0 0 0
1920 960 3402.0 928.914 10000 2000.0 480.541 605.0 156.8293 845.0 320.348 0 0 0 0 0 0 0 0 0 0
1920 1040 3528.0 1220.629 10000 2244.0 703.895 818.0 271.1581 693.0 342.748 0 0 0 0 0 0 0 0 0 0
1920 1120 3560.0 1340.326 10000 2321.0 861.473 989.0 317.561 669.0 347.648 0 0 0 0 0 0 0 0 0 0
1920 1200 3469.0 1507.617 10000 2428.0 958.263 1052.0 400.8254 613.0 300.356 0 0 0 0 0 0 0 0 0 0
1920 1280 3500.0 1624.271 10000 2458.0 1079.514 1235.0 490.937 537.0 370.753 0 0 0 0 0 0 0 0 0 0
1920 1360 3469.0 1727.09 10000 2526.0 1181.647 1268.0 613.587 497.0 290.269 0 0 0 0 0 0 0 0 0 0
1920 1440 3273.0 1726.028 9999 2444.0 1272.225 1298.0 587.661 488.0 397.637 0 0 0 0 0 0 0 0 0 0
1920 1520 3231.0 2065.513 10000 2374.0 1433.714 1293.0 734.92 384.0 305.938 0 0 0 0 0 0 0 0 0 0
1920 1600 3127.0 2056.15 9999 2397.0 1507.358 1341.0 791.667 371.0 327.895 0 0 0 0 0 0 0 0 0 0
1920 1680 2964.0 2152.943 9998 2288.0 1579.309 1371.0 928.011 311.0 331.475 0 0 0 0 0 0 0 0 0 0
1920 1760 2847.0 2440.252 9999 2243.0 1832.188 1350.0 1035.913 290.0 357.494 0 0 0 0 0 0 0 0 0 0
1920 1840 2720.0 2746.958 9994 2211.0 2130.795 1483.0 1299.653 286.0 438.568 0 0 0 0 0 0 0 0 0 0
1920 1920 2276.0 3494.178 10000 2043.0 2936.762 1580.0 2105.024 102.0 297.471 0 0 0 0 0 0 0 0 0 0
1920 2000 2405.0 3661.813 9993 2154.0 3131.834 1700.0 2359.975 104.0 265.598 0 0 0 0 0 0 0 0 0 0
2000 160 111.0 33.07634 10000 39.0 13.14714 7.0 2.101482 91.0 30.77906 0 0 0 0 0 0 0 0 0 0
2000 240 408.0 90.2013 10000 66.0 18.72256 2.0 2.33312 413.0 66.6855 0 0 0 0 0 0 0 0 0 0
2000 320 1048.0 131.5744 10000 185.0 31.31925 9.0 1.406135 968.0 116.0811 0 0 0 0 0 0 0 0 0 0
2000 400 1640.0 215.0956 10000 347.0 63.3405 30.0 6.834878 1335.0 160.302 0 0 0 0 0 0 0 0 0 0
2000 480 2190.0 267.0776 10000 621.0 77.3884 40.0 7.99 1400.0 169.8214 0 0 0 0 0 0 0 0 0 0
2000 560 2605.0 312.3927 10000 859.0 107.6561 67.0 10.90326 1326.0 209.2413 0 0 0 0 0 0 0 0 0 0
2000 640 2805.0 424.5126 10000 1121.0 182.052 163.0 29.15317 1238.0 235.0324 0 0 0 0 0 0 0 0 0 0
2000 720 3045.0 560.476 10000 1365.0 246.7219 271.0 51.87937 1142.0 230.867 0 0 0 0 0 0 0 0 0 0
2000 800 3190.0 636.541 10000 1584.0 315.9118 347.0 94.1474 1022.0 223.73 0 0 0 0 0 0 0 0 0 0
2000 880 3452.0 832.007 10000 1999.0 440.3714 580.0 112.8132 896.0 296.175 0 0 0 0 0 0 0 0 0 0
2000 960 3459.0 1032.209 10000 2078.0 583.916 715.0 205.2298 889.0 284.774 0 0 0 0 0 0 0 0 0 0
2000 1040 3587.0 1110.763 10000 2298.0 639.104 837.0 217.4482 722.0 288.54 0 0 0 0 0 0 0 0 0 0
2000 1120 3618.0 1331.705 10000 2375.0 777.16 971.0 299.7055 666.0 295.762 0 0 0 0 0 0 0 0 0 0
2000 1200 3513.0 1527.95 10000 2429.0 973.104 1048.0 394.4548 677.0 387.528 0 0 0 0 0 0 0 0 0 0
2000 1280 3499.0 1698.466 10000 2487.0 1155.485 1218.0 539.792 532.0 358.093 0 0 0 0 0 0 0 0 0 0
2000 1360 3378.0 1613.685 10000 2452.0 1102.401 1202.0 456.9442 524.0 331.232 0 0 0 0 0 0 0 0 0 0
2000 1440 3276.0 1792.826 9998 2416.0 1200.747 1258.0 525.4427 448.0 365.372 0 0 0 0 0 0 0 0 0 0
2000 1520 3079.0 1661.475 9999 2315.0 1092.037 1279.0 536.808 436.0 361.793 0 0 0 0 0 0 0 0 0 0
2000 1600 2953.0 1797.694 9998 2282.0 1312.674 1279.0 677.952 380.0 254.103 0 0 0 0 0 0 0 0 0 0
2000 1680 2809.0 1941.431 10000 2191.0 1405.756 1285.0 714.598 324.0 291.888 0 0 0 0 0 0 0 0 0 0
2000 1760 2665.0 1777.596 9993 2060.0 1327.03 1228.0 679.878 290.0 267.282 0 0 0 0 0 0 0 0 0 0
2000 1840 2507.0 2131.481 9996 2014.0 1604.634 1267.0 904.085 231.0 246.255 0 0 0 0 0 0 0 0 0 0
2000 1920 2321.0 2602.773 9997 1883.0 2004.176 1262.0 1219.644 209.0 287.65 0 0 0 0 0 0 0 0 0 0
2000 2000 1799.0 2784.886 9996 1586.0 2380.966 1220.0 1824.899 99.0 200.292 0 0 0 0 0 0 0 0 0 0
