160 160 0.0 0.44087 69 0.0 0.41287 0.0 0.0 0.0 0.0 0 0 0 0 0 0 0 0
160 240 1.0 0.0 33 1.0 0.0 0.0 0.0 0.0 0.0 0 0 0 0 0 0 0 0
160 320 2.0 0.0 47 1.0 0.0 0.0 0.0 0.0 0.0 0 0 0 0 0 0 0 0
160 400 2.0 0.0 63 1.0 0.0 0.0 0.0 1.0 0.0 0 0 0 0 0 0 0 0
160 480 3.0 0.180725 75 2.0 0.180725 0.0 0.0 3.0 0.0 0 0 0 0 0 0 0 0
160 560 5.0 0.0 64 2.0 0.0 0.0 0.0 0.0 0.0 0 0 0 0 0 0 0 0
160 640 2.0 0.0 69 1.0 0.0 0.0 0.0 1.0 0.0 0 0 0 0 0 0 0 0
160 720 1.0 0.0 74 0.0 0.0 0.0 0.0 0.0 0.0 0 0 0 0 0 0 0 0
160 800 1.0 0.0 76 0.0 0.0 0.0 0.0 0.0 0.0 0 0 0 0 0 0 0 0
160 880 6.0 0.204272 81 4.0 0.204272 2.0 0.0 1.0 0.0 0 0 0 0 0 0 0 0
160 960 4.0 0.0 73 1.0 0.0 1.0 0.0 1.0 0.170448 0 0 0 0 0 0 0 0
160 1040 6.0 1.08826 75 2.0 1.08826 1.0 0.0 0.0 0.0 0 0 0 0 0 0 0 0
160 1120 4.0 0.172507 88 3.0 0.172507 0.0 0.0 0.0 0.0 0 0 0 0 0 0 0 0
160 1200 1.0 0.0 95 1.0 0.0 1.0 0.0 0.0 0.0 0 0 0 0 0 0 0 0
160 1280 4.0 0.0 79 3.0 0.0 1.0 0.0 1.0 0.0 0 0 0 0 0 0 0 0
160 1360 0.0 0.0 66 0.0 0.0 0.0 0.0 0.0 0.0 0 0 0 0 0 0 0 0
160 1440 3.0 0.0 78 1.0 0.0 0.0 0.0 0.0 0.0 0 0 0 0 0 0 0 0
160 1520 7.0 0.014 88 4.0 0.0 0.0 0.0 1.0 0.0 0 0 0 0 0 0 0 0
160 1600 0.0 0.44087 63 0.0 0.41287 0.0 0.0 0.0 0.0 0 0 0 0 0 0 0 0
160 1680 2.0 0.19179 88 1.0 0.0 0.0 0.0 0.0 0.0 0 0 0 0 0 0 0 0
160 1760 6.0 0.0 77 3.0 0.0 3.0 0.0 0.0 0.0 0 0 0 0 0 0 0 0
160 1840 2.0 0.0 77 1.0 0.0 0.0 0.0 0.0 0.0 0 0 0 0 0 0 0 0
160 1920 2.0 0.0 73 1.0 0.0 0.0 0.0 0.0 0.0 0 0 0 0 0 0 0 0
160 2000 3.0 0.0 65 1.0 0.0 1.0 0.0 1.0 0.0 0 0 0 0 0 0 0 0
240 160 15.0 0.499398 360 9.0 0.249109 2.0 0.0 2.0 0.0 0 0 0 0 0 0 0 0
240 240 0.0 0.0 23 0.0 0.0 0.0 0.0 2.0 0.0 0 0 0 0 0 0 0 0
240 320 2.0 0.76134 85 2.0 0.76134 0.0 0.76134 0.0 0.5359 0 0 0 0 0 0 0 0
240 400 3.0 1.04123 129 2.0 0.0 1.0 0.0 1.0 0.0 0 0 0 0 0 0 0 0
240 480 10.0 0.423654 171 8.0 0.423654 5.0 0.0 2.0 0.0 0 0 0 0 0 0 0 0
240 560 13.0 1.73683 220 10.0 1.3985 4.0 0.837232 2.0 0.51264 0 0 0 0 0 0 0 0
240 640 7.0 0.230018 198 2.0 0.0 1.0 0.0 2.0 0.0 0 0 0 0 0 0 0 0
240 720 8.0 0.335299 259 6.0 0.014 2.0 0.0 3.0 1.492101 0 0 0 0 0 0 0 0
240 800 18.0 0.717334 298 10.0 0.717334 4.0 0.717334 3.0 0.0 0 0 0 0 0 0 0 0
240 880 19.0 1.62955 303 14.0 0.56347 1.0 0.173387 0.0 0.18114 0 0 0 0 0 0 0 0
240 960 19.0 0.014 296 12.0 0.014 2.0 0.0 3.0 0.0 0 0 0 0 0 0 0 0
240 1040 18.0 0.87997 310 8.0 0.87997 2.0 0.0 5.0 0.18834 0 0 0 0 0 0 0 0
240 1120 15.0 1.33879 309 8.0 1.33879 3.0 0.950699 3.0 0.0 0 0 0 0 0 0 0 0
240 1200 22.0 2.29988 329 15.0 2.07578 1.0 0.0 3.0 0.0 0 0 0 0 0 0 0 0
240 1280 16.0 0.679993 321 9.0 0.466464 1.0 0.170311 4.0 0.0 0 0 0 0 0 0 0 0
240 1360 12.0 1.45705 319 3.0 0.562771 1.0 0.33352 2.0 0.0 0 0 0 0 0 0 0 0
240 1440 24.0 0.418018 319 12.0 0.404018 0.0 0.0 2.0 0.0 0 0 0 0 0 0 0 0
240 1520 16.0 1.6067 351 9.0 1.42402 4.0 0.0 1.0 2.77904 0 0 0 0 0 0 0 0
240 1600 15.0 0.499398 360 9.0 0.249109 2.0 0.0 2.0 0.0 0 0 0 0 0 0 0 0
240 1680 20.0 1.02072 347 14.0 0.654849 4.0 0.0 1.0 0.0 0 0 0 0 0 0 0 0
240 1760 20.0 0.75679 350 15.0 0.554776 3.0 0.186315 3.0 0.0 0 0 0 0 0 0 0 0
240 1840 15.0 0.234372 319 12.0 0.220372 3.0 0.0 6.0 0.0 0 0 0 0 0 0 0 0
240 1920 12.0 1.72153 360 6.0 0.367364 0.0 0.169825 1.0 0.0 0 0 0 0 0 0 0 0
240 2000 24.0 0.655564 385 16.0 0.299636 4.0 0.0 7.0 0.0 0 0 0 0 0 0 0 0
320 160 35.0 4.73505 636 26.0 3.358 6.0 1.12697 7.0 0.0 0 0 0 0 0 0 0 0
320 240 0 0 0 0 0 0 0 0 0 0 0 0 0 0 0 0 0
320 320 5.0 0.0 52 2.0 0.0 0.0 0.0 0.0 0.969983 0 0 0 0 0 0 0 0
320 400 7.0 0.597925 120 4.0 0.365706 2.0 0.0 1.0 0.0 0 0 0 0 0 0 0 0
320 480 13.0 1.20176 216 11.0 0.832312 3.0 0.0 7.0 0.83971 0 0 0 0 0 0 0 0
320 560 19.0 1.25381 259 15.0 1.25381 4.0 1.25381 5.0 0.0 0 0 0 0 0 0 0 0
320 640 31.0 0.96454 325 15.0 0.579248 5.0 0.0 5.0 0.94386 0 0 0 0 0 0 0 0
320 720 27.0 1.98733 375 20.0 1.98733 2.0 0.0 3.0 0.0 0 0 0 0 0 0 0 0
320 800 30.0 2.57653 460 21.0 1.06603 3.0 0.857803 5.0 0.34925 0 0 0 0 0 0 0 0
320 880 30.0 2.56895 416 19.0 1.85275 4.0 0.215368 2.0 0.0 0 0 0 0 0 0 0 0
320 960 32.0 2.68653 476 18.0 0.982846 4.0 0.255533 6.0 0.0 0 0 0 0 0 0 0 0
320 1040 34.0 1.42829 546 23.0 1.42829 10.0 0.174273 6.0 0.0 0 0 0 0 0 0 0 0
320 1120 30.0 1.73007 513 17.0 1.33493 6.0 0.498341 7.0 0.0 0 0 0 0 0 0 0 0
320 1200 30.0 4.4172 519 21.0 1.50528 7.0 0.0 10.0 0.4383 0 0 0 0 0 0 0 0
320 1280 45.0 5.23543 533 28.0 3.12733 9.0 2.56991 6.0 0.21914 0 0 0 0 0 0 0 0
320 1360 48.0 6.83114 581 33.0 5.73938 9.0 2.79413 6.0 3.49826 0 0 0 0 0 0 0 0
320 1440 48.0 2.77559 610 30.0 2.60412 6.0 0.0 9.0 0.72465 0 0 0 0 0 0 0 0
320 1520 42.0 1.18482 577 27.0 1.18482 12.0 0.998026 12.0 1.11632 0 0 0 0 0 0 0 0
320 1600 35.0 4.73505 636 26.0 3.358 6.0 1.12697 7.0 0.0 0 0 0 0 0 0 0 0
320 1680 54.0 2.82715 657 28.0 0.654851 9.0 0.459231 8.0 0.30603 0 0 0 0 0 0 0 0
320 1760 44.0 2.12435 643 23.0 0.014 6.0 0.0 7.0 0.30104 0 0 0 0 0 0 0 0
320 1840 48.0 4.17709 670 34.0 3.57664 9.0 1.5258 12.0 0.78893 0 0 0 0 0 0 0 0
320 1920 38.0 3.80761 673 26.0 1.46126 6.0 0.570752 6.0 0.0 0 0 0 0 0 0 0 0
320 2000 47.0 4.11857 680 32.0 2.53559 9.0 0.210529 7.0 3.311 0 0 0 0 0 0 0 0
400 160 1075.0 303.8963 12233 745.0 219.0323 199.0 91.5953 169.0 36.4089 0 0 0 0 0 0 0 0
400 240 0 0 0 0 0 0 0 0 0 0 0 0 0 0 0 0 0
400 320 0 0 0 0 0 0 0 0 0 0 0 0 0 0 0 0 0
400 400 1224.0 439.8856 15000 847.0 320.1672 258.0 110.06069 173.0 57.5841 0 0 0 0 0 0 0 0
400 480 1774.0 429.0339 13639 1156.0 306.8 320.0 130.9814 261.0 61.8387 0 0 0 0 0 0 0 0
400 560 1725.0 416.2689 12739 1120.0 301.2216 315.0 110.07913 288.0 52.2282 0 0 0 0 0 0 0 0
400 640 1563.0 405.4528 12038 1051.0 298.8074 319.0 118.089 267.0 67.4363 0 0 0 0 0 0 0 0
400 720 1674.0 459.52901 12640 1145.0 333.23416 355.0 136.796324 250.0 45.0467 0 0 0 0 0 0 0 0
400 800 1337.0 387.2143 11905 941.0 282.156 289.0 126.8564 182.0 41.5411 0 0 0 0 0 0 0 0
400 880 1240.0 326.8863 11655 863.0 238.6846 281.0 142.3427 170.0 58.7404 0 0 0 0 0 0 0 0
400 960 1157.0 321.0095 11876 833.0 227.0709 276.0 81.42525 146.0 37.2232 0 0 0 0 0 0 0 0
400 1040 1170.0 351.8237 11975 812.0 254.9485 243.0 131.552 185.0 33.983 0 0 0 0 0 0 0 0
400 1120 1056.0 315.2694 11946 725.0 240.7241 237.0 108.03287 148.0 54.2342 0 0 0 0 0 0 0 0
400 1200 1080.0 323.9077 12141 734.0 238.1631 251.0 72.18006 156.0 23.1507 0 0 0 0 0 0 0 0
400 1280 1033.0 309.1228 12305 707.0 236.7157 220.0 119.8432 169.0 43.7049 0 0 0 0 0 0 0 0
400 1360 1092.0 314.8633 12016 714.0 235.5132 246.0 104.8709 187.0 28.499 0 0 0 0 0 0 0 0
400 1440 1097.0 288.2384 12223 763.0 191.8022 230.0 81.5087 176.0 30.4165 0 0 0 0 0 0 0 0
400 1520 1061.0 271.5421 12328 715.0 212.9992 231.0 88.8286 159.0 48.6693 0 0 0 0 0 0 0 0
400 1600 1075.0 303.8963 12233 745.0 219.0323 199.0 91.5953 169.0 36.4089 0 0 0 0 0 0 0 0
400 1680 1061.0 255.79185 12556 725.0 178.83605 203.0 64.86973 169.0 33.91022 0 0 0 0 0 0 0 0
400 1760 1047.0 283.4854 12473 733.0 208.5849 213.0 89.25424 159.0 45.0177 0 0 0 0 0 0 0 0
400 1840 1118.0 278.3262 12316 736.0 219.4429 227.0 93.48114 169.0 33.7239 0 0 0 0 0 0 0 0
400 1920 1074.0 279.17457 12728 751.0 210.32082 198.0 98.518997 183.0 32.3447 0 0 0 0 0 0 0 0
400 2000 1102.0 285.75021 12615 729.0 216.95308 202.0 92.61229 127.0 44.64184 0 0 0 0 0 0 0 0
480 160 2464.0 411.3925 11686 1603.0 319.4812 445.0 147.4329 410.0 45.0782 0 0 0 0 0 0 0 0
480 240 0 0 0 0 0 0 0 0 0 0 0 0 0 0 0 0 0
480 320 0 0 0 0 0 0 0 0 0 0 0 0 0 0 0 0 0
480 400 1347.0 453.3218 10976 901.0 327.9526 244.0 123.29323 216.0 54.4071 0 0 0 0 0 0 0 0
480 480 3048.0 674.8455 15000 1955.0 484.0905 471.0 156.6957 482.0 108.0245 0 0 0 0 0 0 0 0
480 560 3235.0 595.5253 13050 2070.0 433.8558 500.0 161.6343 535.0 80.6963 0 0 0 0 0 0 0 0
480 640 3215.0 507.07063 12581 2050.0 386.87063 520.0 155.324933 543.0 93.72998 0 0 0 0 0 0 0 0
480 720 3029.0 466.343 12060 1972.0 351.4431 513.0 137.0354 478.0 48.8483 0 0 0 0 0 0 0 0
480 800 2848.0 461.1523 11649 1912.0 335.3587 540.0 128.9044 470.0 65.7611 0 0 0 0 0 0 0 0
480 880 2766.0 457.333 11755 1833.0 347.6462 475.0 153.7622 438.0 49.7153 0 0 0 0 0 0 0 0
480 960 2696.0 483.9939 11609 1754.0 375.3538 471.0 204.6176 415.0 52.757 0 0 0 0 0 0 0 0
480 1040 2605.0 420.5872 12256 1735.0 309.9777 448.0 137.8672 435.0 55.2004 0 0 0 0 0 0 0 0
480 1120 2477.0 391.108 11527 1650.0 284.4948 456.0 131.5604 431.0 52.5061 0 0 0 0 0 0 0 0
480 1200 2429.0 421.9827 11490 1620.0 322.6929 438.0 139.2017 437.0 47.5643 0 0 0 0 0 0 0 0
480 1280 2511.0 442.2832 11975 1645.0 322.1694 418.0 129.2287 423.0 35.8778 0 0 0 0 0 0 0 0
480 1360 2607.0 418.5714 12282 1685.0 294.8532 448.0 92.76127 396.0 47.9461 0 0 0 0 0 0 0 0
480 1440 2532.0 427.8457 12181 1676.0 312.3622 421.0 101.8928 405.0 43.3999 0 0 0 0 0 0 0 0
480 1520 2521.0 420.6904 11859 1631.0 324.5926 419.0 160.4801 424.0 34.854 0 0 0 0 0 0 0 0
480 1600 2464.0 411.3925 11686 1603.0 319.4812 445.0 147.4329 410.0 45.0782 0 0 0 0 0 0 0 0
480 1680 2517.0 421.5468 12175 1696.0 297.0005 454.0 108.4161 444.0 38.4227 0 0 0 0 0 0 0 0
480 1760 2590.0 402.3997 12159 1690.0 301.4144 468.0 141.9303 398.0 60.8515 0 0 0 0 0 0 0 0
480 1840 2357.0 449.7534 11627 1569.0 332.5923 426.0 161.8263 392.0 44.4491 0 0 0 0 0 0 0 0
480 1920 2427.0 420.8457 11632 1550.0 330.8579 428.0 120.3104 380.0 40.3186 0 0 0 0 0 0 0 0
480 2000 2492.0 416.6867 11762 1620.0 306.0395 433.0 117.556 392.0 36.2775 0 0 0 0 0 0 0 0
560 160 3249.0 406.4945 11529 2173.0 297.0865 629.0 115.4432 498.0 47.3733 0 0 0 0 0 0 0 0
560 240 0 0 0 0 0 0 0 0 0 0 0 0 0 0 0 0 0
560 320 0 0 0 0 0 0 0 0 0 0 0 0 0 0 0 0 0
560 400 1390.0 468.2723 11135 900.0 310.6815 240.0 125.9296 243.0 61.9991 0 0 0 0 0 0 0 0
560 480 2557.0 677.1201 11356 1648.0 487.09 368.0 143.0525 443.0 94.8574 0 0 0 0 0 0 0 0
560 560 4191.0 854.409 15000 2686.0 631.2274 724.0 245.5381 678.0 94.129 0 0 0 0 0 0 0 0
560 640 3947.0 582.3799 12387 2489.0 432.5033 690.0 163.465 621.0 71.6831 0 0 0 0 0 0 0 0
560 720 3901.0 511.9001 12434 2555.0 352.7641 697.0 153.584 647.0 48.5446 0 0 0 0 0 0 0 0
560 800 3794.0 541.6835 12115 2539.0 386.275 716.0 162.6514 625.0 50.5314 0 0 0 0 0 0 0 0
560 880 3677.0 532.2375 12038 2482.0 388.5135 708.0 189.6291 593.0 70.4465 0 0 0 0 0 0 0 0
560 960 3453.0 503.6269 11673 2268.0 377.4217 645.0 142.9868 529.0 63.786 0 0 0 0 0 0 0 0
560 1040 3398.0 507.3794 11541 2320.0 363.7282 683.0 170.3607 486.0 71.9667 0 0 0 0 0 0 0 0
560 1120 3359.0 465.6343 11735 2265.0 323.2227 661.0 130.7085 542.0 44.2008 0 0 0 0 0 0 0 0
560 1200 3122.0 478.3585 11038 2089.0 377.9534 614.0 169.9767 507.0 65.1189 0 0 0 0 0 0 0 0
560 1280 3252.0 432.9565 11290 2159.0 326.955 649.0 128.4069 472.0 55.6047 0 0 0 0 0 0 0 0
560 1360 3186.0 475.7998 11440 2153.0 369.1934 596.0 127.3459 510.0 44.8405 0 0 0 0 0 0 0 0
560 1440 3272.0 472.2665 11538 2211.0 353.7886 628.0 132.8561 545.0 44.315 0 0 0 0 0 0 0 0
560 1520 3224.0 514.8292 11555 2121.0 388.2755 630.0 172.6763 556.0 62.3139 0 0 0 0 0 0 0 0
560 1600 3249.0 406.4945 11529 2173.0 297.0865 629.0 115.4432 498.0 47.3733 0 0 0 0 0 0 0 0
560 1680 3057.0 441.8892 11084 1972.0 330.1825 596.0 144.6806 488.0 41.0334 0 0 0 0 0 0 0 0
560 1760 3270.0 485.8903 11734 2113.0 344.9474 628.0 136.3763 528.0 47.6739 0 0 0 0 0 0 0 0
560 1840 3127.0 485.6052 11381 2076.0 340.6402 615.0 156.9608 498.0 37.1651 0 0 0 0 0 0 0 0
560 1920 2977.0 401.4562 11038 2013.0 312.4002 595.0 135.7586 432.0 45.0892 0 0 0 0 0 0 0 0
560 2000 3063.0 451.5215 11339 2066.0 336.1313 613.0 140.632 524.0 51.9249 0 0 0 0 0 0 0 0
640 160 3490.0 443.3756 11046 2416.0 308.3794 790.0 119.8234 478.0 53.494 0 0 0 0 0 0 0 0
640 240 0 0 0 0 0 0 0 0 0 0 0 0 0 0 0 0 0
640 320 0 0 0 0 0 0 0 0 0 0 0 0 0 0 0 0 0
640 400 1461.0 473.6786 11104 993.0 334.8287 274.0 120.60704 223.0 78.6993 0 0 0 0 0 0 0 0
640 480 2818.0 732.2764 11350 1782.0 499.2393 445.0 170.1575 486.0 96.9236 0 0 0 0 0 0 0 0
640 560 3390.0 725.0962 11153 2175.0 532.8479 536.0 213.33454 575.0 87.82 0 0 0 0 0 0 0 0
640 640 3933.0 652.147 11775 2628.0 483.0093 768.0 186.4701 577.0 59.785 0 0 0 0 0 0 0 0
640 720 4068.0 621.4857 11429 2810.0 483.4007 929.0 220.2901 562.0 89.3265 0 0 0 0 0 0 0 0
640 800 4081.0 676.6637 11699 2832.0 496.0498 987.0 227.567 586.0 72.0133 0 0 0 0 0 0 0 0
640 880 4032.0 579.0957 11479 2770.0 424.9398 971.0 181.607 516.0 75.7316 0 0 0 0 0 0 0 0
640 960 3786.0 557.2632 11008 2607.0 418.554 916.0 158.95472 520.0 50.1044 0 0 0 0 0 0 0 0
640 1040 3687.0 479.9804 11041 2617.0 387.6305 902.0 180.6978 520.0 54.7876 0 0 0 0 0 0 0 0
640 1120 3582.0 535.7346 10953 2456.0 382.6189 841.0 163.1678 549.0 60.783 0 0 0 0 0 0 0 0
640 1200 3506.0 520.5808 10919 2399.0 373.5046 780.0 185.3365 493.0 59.9796 0 0 0 0 0 0 0 0
640 1280 3507.0 462.2633 10826 2416.0 321.4534 872.0 106.5576 484.0 55.7841 0 0 0 0 0 0 0 0
640 1360 3303.0 469.51 10545 2268.0 329.9591 791.0 127.84051 471.0 55.6809 0 0 0 0 0 0 0 0
640 1440 3382.0 459.8887 10656 2317.0 318.4388 788.0 136.3771 452.0 57.7877 0 0 0 0 0 0 0 0
640 1520 3569.0 475.2927 11109 2440.0 361.6811 863.0 165.8985 488.0 53.1424 0 0 0 0 0 0 0 0
640 1600 3490.0 443.3756 11046 2416.0 308.3794 790.0 119.8234 478.0 53.494 0 0 0 0 0 0 0 0
640 1680 3333.0 435.4631 10635 2251.0 304.3492 735.0 120.77607 486.0 49.2845 0 0 0 0 0 0 0 0
640 1760 3233.0 452.4394 10492 2209.0 337.79882 731.0 138.69856 420.0 46.8188 0 0 0 0 0 0 0 0
640 1840 3286.0 499.4755 10749 2328.0 396.4022 814.0 178.369 454.0 55.1393 0 0 0 0 0 0 0 0
640 1920 3473.0 463.5011 11038 2406.0 317.6467 825.0 124.27724 464.0 65.3366 0 0 0 0 0 0 0 0
640 2000 3346.0 495.0999 10980 2261.0 374.0203 805.0 178.2685 483.0 65.1315 0 0 0 0 0 0 0 0
720 160 3343.0 535.6125 10598 2395.0 409.7393 929.0 179.31254 424.0 46.4875 0 0 0 0 0 0 0 0
720 240 0 0 0 0 0 0 0 0 0 0 0 0 0 0 0 0 0
720 320 0 0 0 0 0 0 0 0 0 0 0 0 0 0 0 0 0
720 400 1365.0 470.9344 11153 900.0 335.2672 261.0 119.4429 214.0 74.6388 0 0 0 0 0 0 0 0
720 480 2731.0 764.4966 11169 1779.0 536.0374 466.0 173.0744 481.0 106.7134 0 0 0 0 0 0 0 0
720 560 3654.0 812.788 11385 2336.0 576.815 621.0 214.5459 556.0 108.937 0 0 0 0 0 0 0 0
720 640 3826.0 706.2996 10831 2545.0 497.3189 741.0 153.94942 563.0 102.707 0 0 0 0 0 0 0 0
720 720 4138.0 705.2194 11574 2925.0 515.4535 1059.0 192.9964 549.0 69.4846 0 0 0 0 0 0 0 0
720 800 4217.0 734.7657 11422 3000.0 537.1593 1176.0 239.0357 500.0 56.1284 0 0 0 0 0 0 0 0
720 880 4139.0 671.3883 11311 2969.0 514.1947 1151.0 224.3465 499.0 75.5072 0 0 0 0 0 0 0 0
720 960 3847.0 591.7931 10962 2760.0 443.1077 1100.0 211.2566 472.0 65.648 0 0 0 0 0 0 0 0
720 1040 3903.0 604.7378 11173 2813.0 420.3155 1132.0 190.8737 508.0 61.6832 0 0 0 0 0 0 0 0
720 1120 3726.0 532.6061 10934 2702.0 374.2619 1099.0 154.8605 438.0 79.5988 0 0 0 0 0 0 0 0
720 1200 3656.0 566.9273 10892 2593.0 444.0273 1000.0 197.0405 448.0 46.1858 0 0 0 0 0 0 0 0
720 1280 3455.0 495.0024 10508 2452.0 356.656 972.0 173.3654 413.0 45.5087 0 0 0 0 0 0 0 0
720 1360 3674.0 573.5785 10967 2611.0 419.2488 1025.0 167.84 443.0 47.509 0 0 0 0 0 0 0 0
720 1440 3667.0 440.3249 11052 2596.0 344.1832 1002.0 154.3221 449.0 53.8888 0 0 0 0 0 0 0 0
720 1520 3490.0 496.5718 10828 2463.0 346.6819 962.0 191.4831 416.0 68.0696 0 0 0 0 0 0 0 0
720 1600 3343.0 535.6125 10598 2395.0 409.7393 929.0 179.31254 424.0 46.4875 0 0 0 0 0 0 0 0
720 1680 3359.0 556.1012 10546 2404.0 417.3878 959.0 209.6788 434.0 55.4458 0 0 0 0 0 0 0 0
720 1760 3346.0 525.073 10616 2393.0 389.0967 952.0 216.24959 405.0 46.7923 0 0 0 0 0 0 0 0
720 1840 3253.0 463.4312 10633 2291.0 351.2867 896.0 178.6454 406.0 59.204 0 0 0 0 0 0 0 0
720 1920 3505.0 434.3498 10674 2469.0 342.0423 932.0 143.1342 393.0 41.2971 0 0 0 0 0 0 0 0
720 2000 3561.0 472.872 10901 2521.0 345.9752 968.0 164.3489 394.0 39.2734 0 0 0 0 0 0 0 0
800 160 3251.0 484.5374 10705 2396.0 326.7092 1073.0 147.6647 369.0 35.7811 0 0 0 0 0 0 0 0
800 240 0 0 0 0 0 0 0 0 0 0 0 0 0 0 0 0 0
800 320 0 0 0 0 0 0 0 0 0 0 0 0 0 0 0 0 0
800 400 1296.0 401.3215 11181 858.0 296.1853 257.0 100.8912 176.0 66.142 0 0 0 0 0 0 0 0
800 480 2835.0 775.748 11569 1853.0 544.9645 465.0 184.8404 452.0 111.389 0 0 0 0 0 0 0 0
800 560 3565.0 820.225 11296 2287.0 552.8061 600.0 180.3226 584.0 93.753 0 0 0 0 0 0 0 0
800 640 3840.0 886.6929 11048 2560.0 635.9627 751.0 247.0156 536.0 91.1137 0 0 0 0 0 0 0 0
800 720 3806.0 715.8797 10461 2649.0 545.715 912.0 226.026 513.0 72.981 0 0 0 0 0 0 0 0
800 800 4161.0 753.274 11421 3078.0 550.8199 1309.0 264.4493 482.0 95.3506 0 0 0 0 0 0 0 0
800 880 4170.0 710.5269 11401 3089.0 523.7982 1396.0 256.2823 479.0 77.1394 0 0 0 0 0 0 0 0
800 960 4203.0 642.627 11433 3110.0 469.2521 1362.0 209.7995 450.0 64.385 0 0 0 0 0 0 0 0
800 1040 3743.0 574.0149 10884 2764.0 397.3812 1275.0 181.0108 379.0 50.6496 0 0 0 0 0 0 0 0
800 1120 3595.0 489.0933 10717 2666.0 374.1921 1219.0 175.6069 348.0 70.0645 0 0 0 0 0 0 0 0
800 1200 3471.0 467.4707 10708 2557.0 361.8479 1151.0 185.21196 350.0 78.4596 0 0 0 0 0 0 0 0
800 1280 3415.0 615.1278 10622 2522.0 444.524 1158.0 175.3406 390.0 51.4643 0 0 0 0 0 0 0 0
800 1360 3472.0 461.3088 10824 2585.0 352.1001 1165.0 166.4087 363.0 33.7238 0 0 0 0 0 0 0 0
800 1440 3292.0 495.4064 10613 2397.0 364.6311 1098.0 184.5611 365.0 64.7476 0 0 0 0 0 0 0 0
800 1520 3292.0 490.863 10624 2451.0 377.19508 1050.0 170.25196 374.0 39.0531 0 0 0 0 0 0 0 0
800 1600 3251.0 484.5374 10705 2396.0 326.7092 1073.0 147.6647 369.0 35.7811 0 0 0 0 0 0 0 0
800 1680 3312.0 450.076 10674 2419.0 322.8367 1056.0 157.1805 351.0 45.0544 0 0 0 0 0 0 0 0
800 1760 2984.0 494.7377 10271 2233.0 341.50824 1013.0 175.52394 345.0 66.6042 0 0 0 0 0 0 0 0
800 1840 2962.0 463.8495 10532 2155.0 350.4873 991.0 164.38425 303.0 46.6886 0 0 0 0 0 0 0 0
800 1920 3045.0 493.6843 10709 2240.0 352.2801 967.0 175.14294 365.0 39.479 0 0 0 0 0 0 0 0
800 2000 2994.0 480.1727 10549 2225.0 337.63302 1005.0 175.25722 335.0 41.5327 0 0 0 0 0 0 0 0
880 160 2702.0 458.4865 10380 2078.0 365.52381 1004.0 169.08274 251.0 34.4299 0 0 0 0 0 0 0 0
880 240 0 0 0 0 0 0 0 0 0 0 0 0 0 0 0 0 0
880 320 0 0 0 0 0 0 0 0 0 0 0 0 0 0 0 0 0
880 400 1219.0 444.3495 11087 858.0 304.4808 273.0 102.17994 160.0 52.8632 0 0 0 0 0 0 0 0
880 480 2614.0 748.4905 11582 1731.0 533.9646 452.0 190.0737 399.0 89.4025 0 0 0 0 0 0 0 0
880 560 3486.0 788.0349 11370 2232.0 528.4714 564.0 167.7341 555.0 100.3481 0 0 0 0 0 0 0 0
880 640 3664.0 841.2696 11046 2457.0 608.2858 750.0 236.1256 578.0 102.98 0 0 0 0 0 0 0 0
880 720 3547.0 758.198 10532 2438.0 539.6383 882.0 218.2198 472.0 89.7498 0 0 0 0 0 0 0 0
880 800 3489.0 744.3987 10221 2540.0 556.5192 1018.0 277.12991 407.0 96.436 0 0 0 0 0 0 0 0
880 880 3700.0 750.9602 10931 2792.0 526.4411 1336.0 237.4706 386.0 77.037 0 0 0 0 0 0 0 0
880 960 3799.0 725.2112 11263 2883.0 531.7395 1465.0 271.9493 378.0 94.8459 0 0 0 0 0 0 0 0
880 1040 3546.0 555.2555 11138 2709.0 424.5941 1385.0 203.537 352.0 79.8815 0 0 0 0 0 0 0 0
880 1120 3245.0 545.359 10798 2440.0 410.3992 1134.0 195.1269 299.0 51.0955 0 0 0 0 0 0 0 0
880 1200 3115.0 532.8518 10587 2367.0 403.722 1173.0 200.58816 310.0 30.7965 0 0 0 0 0 0 0 0
880 1280 3061.0 491.2426 10946 2371.0 391.3785 1140.0 193.0517 307.0 51.7181 0 0 0 0 0 0 0 0
880 1360 3139.0 460.1276 10744 2425.0 363.4095 1192.0 200.48595 339.0 57.1671 0 0 0 0 0 0 0 0
880 1440 2843.0 436.75376 10506 2153.0 329.9959 1034.0 159.48076 270.0 65.48334 0 0 0 0 0 0 0 0
880 1520 2860.0 486.6136 10794 2186.0 346.5995 1129.0 164.6051 296.0 27.7968 0 0 0 0 0 0 0 0
880 1600 2702.0 458.4865 10380 2078.0 365.52381 1004.0 169.08274 251.0 34.4299 0 0 0 0 0 0 0 0
880 1680 2662.0 457.03061 10392 2027.0 350.84141 1019.0 163.93817 256.0 43.0986 0 0 0 0 0 0 0 0
880 1760 2680.0 400.9197 10631 2038.0 311.7351 1014.0 162.45569 283.0 35.9821 0 0 0 0 0 0 0 0
880 1840 2729.0 475.9221 10733 2082.0 369.1517 1029.0 188.1082 290.0 44.7298 0 0 0 0 0 0 0 0
880 1920 2514.0 399.3975 10657 1870.0 300.3442 904.0 164.48173 263.0 29.2805 0 0 0 0 0 0 0 0
880 2000 2455.0 368.7424 10489 1874.0 274.39973 892.0 126.11593 241.0 41.3311 0 0 0 0 0 0 0 0
960 160 2060.0 359.9905 10454 1595.0 282.247 833.0 151.26419 208.0 35.9594 0 0 0 0 0 0 0 0
960 240 0 0 0 0 0 0 0 0 0 0 0 0 0 0 0 0 0
960 320 0 0 0 0 0 0 0 0 0 0 0 0 0 0 0 0 0
960 400 1117.0 351.2785 11035 791.0 247.0122 245.0 92.47219 148.0 63.4047 0 0 0 0 0 0 0 0
960 480 2499.0 746.2181 11316 1684.0 529.7556 450.0 211.141 417.0 91.5921 0 0 0 0 0 0 0 0
960 560 3405.0 805.7285 11338 2189.0 559.6058 601.0 187.9908 535.0 99.0065 0 0 0 0 0 0 0 0
960 640 3616.0 746.1253 10898 2424.0 519.8301 738.0 183.066 599.0 110.4957 0 0 0 0 0 0 0 0
960 720 3379.0 713.6682 10499 2352.0 538.7505 821.0 237.1851 458.0 103.5968 0 0 0 0 0 0 0 0
960 800 3254.0 683.1827 10293 2283.0 492.2463 895.0 222.1951 360.0 78.7468 0 0 0 0 0 0 0 0
960 880 3127.0 647.5736 10320 2337.0 449.7905 1085.0 226.06859 328.0 85.2297 0 0 0 0 0 0 0 0
960 960 2884.0 615.0143 10607 2284.0 486.0378 1197.0 241.3082 265.0 42.981 0 0 0 0 0 0 0 0
960 1040 3125.0 575.0715 10996 2464.0 469.1368 1315.0 275.2529 262.0 44.6438 0 0 0 0 0 0 0 0
960 1120 2829.0 518.3461 10863 2234.0 415.7999 1217.0 246.6334 237.0 39.5065 0 0 0 0 0 0 0 0
960 1200 2615.0 432.9947 10911 2058.0 328.1051 1090.0 187.8648 240.0 36.7677 0 0 0 0 0 0 0 0
960 1280 2535.0 503.563 10726 1949.0 398.528 1033.0 183.8331 240.0 53.5649 0 0 0 0 0 0 0 0
960 1360 2258.0 363.1295 10586 1766.0 270.68113 925.0 156.59467 232.0 14.8467 0 0 0 0 0 0 0 0
960 1440 2271.0 405.0226 10602 1777.0 301.05 922.0 172.86721 211.0 41.7022 0 0 0 0 0 0 0 0
960 1520 2164.0 408.3507 10594 1693.0 307.61591 883.0 164.12633 219.0 29.4033 0 0 0 0 0 0 0 0
960 1600 2060.0 359.9905 10454 1595.0 282.247 833.0 151.26419 208.0 35.9594 0 0 0 0 0 0 0 0
960 1680 2212.0 401.1663 10737 1731.0 309.9162 885.0 168.06912 234.0 53.2891 0 0 0 0 0 0 0 0
960 1760 2047.0 351.6729 10586 1601.0 273.6919 843.0 116.41931 194.0 21.9229 0 0 0 0 0 0 0 0
960 1840 2072.0 381.4162 10857 1635.0 280.3125 855.0 149.08262 205.0 27.5163 0 0 0 0 0 0 0 0
960 1920 2066.0 355.991 10798 1635.0 243.1633 866.0 132.54507 200.0 47.9164 0 0 0 0 0 0 0 0
960 2000 1887.0 329.4396 10569 1425.0 247.2096 729.0 100.11942 160.0 44.8543 0 0 0 0 0 0 0 0
1040 160 1621.0 272.0647 10842 1256.0 216.72921 687.0 134.55767 130.0 20.9803 0 0 0 0 0 0 0 0
1040 240 0 0 0 0 0 0 0 0 0 0 0 0 0 0 0 0 0
1040 320 0 0 0 0 0 0 0 0 0 0 0 0 0 0 0 0 0
1040 400 1134.0 384.252 11335 794.0 268.2384 245.0 105.13333 180.0 44.1741 0 0 0 0 0 0 0 0
1040 480 2442.0 734.4967 11533 1560.0 510.8573 403.0 181.4942 372.0 93.5173 0 0 0 0 0 0 0 0
1040 560 3336.0 824.725 11560 2142.0 584.8004 577.0 187.4451 529.0 98.907 0 0 0 0 0 0 0 0
1040 640 3499.0 829.1753 11031 2299.0 612.8102 686.0 250.1104 569.0 92.2082 0 0 0 0 0 0 0 0
1040 720 3201.0 765.2819 10489 2133.0 550.211 764.0 227.13484 415.0 63.7096 0 0 0 0 0 0 0 0
1040 800 2960.0 751.9773 10338 2112.0 538.7236 875.0 241.7383 349.0 75.0082 0 0 0 0 0 0 0 0
1040 880 2543.0 625.6446 10198 1863.0 459.25735 856.0 238.34979 289.0 81.5328 0 0 0 0 0 0 0 0
1040 960 2352.0 600.1846 10521 1820.0 466.3774 905.0 213.14596 249.0 59.0425 0 0 0 0 0 0 0 0
1040 1040 2430.0 538.8533 10925 1910.0 397.7617 1062.0 213.474 191.0 46.006 0 0 0 0 0 0 0 0
1040 1120 2160.0 447.0204 10782 1743.0 340.0087 943.0 209.90723 177.0 37.9527 0 0 0 0 0 0 0 0
1040 1200 1886.0 374.2575 10701 1478.0 276.1987 813.0 150.3881 169.0 44.3042 0 0 0 0 0 0 0 0
1040 1280 1809.0 417.1471 10682 1430.0 318.6148 796.0 144.80976 166.0 50.045 0 0 0 0 0 0 0 0
1040 1360 1892.0 356.4189 10933 1516.0 267.61143 827.0 135.03753 148.0 33.7231 0 0 0 0 0 0 0 0
1040 1440 1731.0 350.825 10701 1365.0 266.012 726.0 167.03696 135.0 12.8485 0 0 0 0 0 0 0 0
1040 1520 1610.0 287.4538 10673 1236.0 232.1655 671.0 148.25899 150.0 24.8133 0 0 0 0 0 0 0 0
1040 1600 1621.0 272.0647 10842 1256.0 216.72921 687.0 134.55767 130.0 20.9803 0 0 0 0 0 0 0 0
1040 1680 1540.0 250.7711 10621 1201.0 187.4216 649.0 94.82949 139.0 8.1722 0 0 0 0 0 0 0 0
1040 1760 1482.0 279.2264 10879 1178.0 194.3689 645.0 94.53964 137.0 6.1051 0 0 0 0 0 0 0 0
1040 1840 1606.0 265.53509 10759 1273.0 210.63521 685.0 123.04316 118.0 32.04061 0 0 0 0 0 0 0 0
1040 1920 1391.0 282.71776 10697 1087.0 203.36882 575.0 98.27509 129.0 20.21764 0 0 0 0 0 0 0 0
1040 2000 1479.0 195.14009 10683 1166.0 150.87407 616.0 77.94891 120.0 29.4969 0 0 0 0 0 0 0 0
1120 160 1114.0 244.2542 10734 854.0 209.4606 450.0 115.09146 91.0 16.7369 0 0 0 0 0 0 0 0
1120 240 0 0 0 0 0 0 0 0 0 0 0 0 0 0 0 0 0
1120 320 0 0 0 0 0 0 0 0 0 0 0 0 0 0 0 0 0
1120 400 1045.0 350.0597 11096 721.0 256.3363 197.0 101.1241 162.0 50.7095 0 0 0 0 0 0 0 0
1120 480 2400.0 680.6454 11486 1563.0 471.8447 378.0 145.8032 388.0 88.4146 0 0 0 0 0 0 0 0
1120 560 3229.0 757.7157 11394 2086.0 555.5013 536.0 193.2676 551.0 108.2543 0 0 0 0 0 0 0 0
1120 640 3440.0 755.4969 11110 2272.0 515.9387 711.0 165.1522 496.0 104.2791 0 0 0 0 0 0 0 0
1120 720 3135.0 688.3042 10612 2150.0 491.8787 764.0 192.53155 436.0 87.7518 0 0 0 0 0 0 0 0
1120 800 2653.0 589.2786 10372 1902.0 434.25786 698.0 179.32593 324.0 60.8485 0 0 0 0 0 0 0 0
1120 880 2278.0 498.9071 10424 1683.0 357.1785 747.0 154.84886 251.0 64.1514 0 0 0 0 0 0 0 0
1120 960 1928.0 406.6493 10376 1485.0 294.6121 731.0 156.4394 183.0 68.945 0 0 0 0 0 0 0 0
1120 1040 1655.0 369.9471 10513 1285.0 286.5335 674.0 137.78764 161.0 48.6159 0 0 0 0 0 0 0 0
1120 1120 1655.0 350.7128 10742 1340.0 285.0757 745.0 162.2682 143.0 24.3254 0 0 0 0 0 0 0 0
1120 1200 1472.0 309.9358 10657 1181.0 240.64894 672.0 135.7031 120.0 29.4032 0 0 0 0 0 0 0 0
1120 1280 1273.0 284.4281 10747 1022.0 223.3959 555.0 102.8884 120.0 18.236 0 0 0 0 0 0 0 0
1120 1360 1262.0 255.993 10664 1011.0 175.8328 559.0 93.2372 116.0 30.263 0 0 0 0 0 0 0 0
1120 1440 1254.0 239.353 10679 1006.0 191.01205 549.0 103.79282 123.0 12.11424 0 0 0 0 0 0 0 0
1120 1520 1174.0 235.72953 10709 934.0 193.05478 529.0 128.92754 87.0 24.3396 0 0 0 0 0 0 0 0
1120 1600 1114.0 244.2542 10734 854.0 209.4606 450.0 115.09146 91.0 16.7369 0 0 0 0 0 0 0 0
1120 1680 1059.0 170.42357 10521 842.0 108.16657 433.0 55.82687 113.0 18.23 0 0 0 0 0 0 0 0
1120 1760 1030.0 207.7468 10690 818.0 144.6686 437.0 70.1144 90.0 16.3553 0 0 0 0 0 0 0 0
1120 1840 1068.0 219.6412 10825 834.0 176.1185 440.0 90.04584 122.0 10.7694 0 0 0 0 0 0 0 0
1120 1920 1016.0 152.97525 10747 796.0 108.36939 413.0 66.77111 98.0 13.57422 0 0 0 0 0 0 0 0
1120 2000 922.0 161.63041 10475 708.0 125.51407 388.0 74.21107 85.0 13.2917 0 0 0 0 0 0 0 0
1200 160 735.0 117.493 10705 580.0 97.6593 303.0 57.54179 98.0 16.7868 0 0 0 0 0 0 0 0
1200 240 0 0 0 0 0 0 0 0 0 0 0 0 0 0 0 0 0
1200 320 0 0 0 0 0 0 0 0 0 0 0 0 0 0 0 0 0
1200 400 1066.0 370.4715 11163 713.0 241.7765 196.0 113.546 146.0 76.3334 0 0 0 0 0 0 0 0
1200 480 2380.0 694.501 11638 1521.0 487.9345 359.0 169.7567 355.0 80.218 0 0 0 0 0 0 0 0
1200 560 3291.0 778.28 11647 2110.0 545.7965 524.0 158.9542 558.0 72.463 0 0 0 0 0 0 0 0
1200 640 3384.0 780.1015 11177 2198.0 538.3482 659.0 180.6397 574.0 90.2845 0 0 0 0 0 0 0 0
1200 720 2961.0 653.3021 10543 2020.0 435.3356 637.0 161.73927 381.0 68.0229 0 0 0 0 0 0 0 0
1200 800 2411.0 596.5749 10529 1666.0 446.2169 643.0 168.09546 283.0 70.922 0 0 0 0 0 0 0 0
1200 880 1930.0 448.6768 10571 1428.0 327.5422 610.0 129.2364 218.0 35.8636 0 0 0 0 0 0 0 0
1200 960 1531.0 376.3687 10545 1151.0 270.8127 573.0 137.75923 147.0 41.2093 0 0 0 0 0 0 0 0
1200 1040 1240.0 327.1208 10606 943.0 262.03887 470.0 155.907025 132.0 39.1087 0 0 0 0 0 0 0 0
1200 1120 1129.0 339.9844 10561 869.0 270.9304 463.0 129.29066 105.0 24.9604 0 0 0 0 0 0 0 0
1200 1200 1075.0 260.7196 10725 851.0 197.7218 486.0 120.84582 123.0 16.0458 0 0 0 0 0 0 0 0
1200 1280 974.0 238.9908 10884 750.0 183.6813 428.0 119.13283 85.0 4.989 0 0 0 0 0 0 0 0
1200 1360 891.0 214.3866 10896 701.0 166.17471 370.0 123.37916 86.0 23.9533 0 0 0 0 0 0 0 0
1200 1440 842.0 144.22265 10875 655.0 133.25315 338.0 85.47403 87.0 5.0447 0 0 0 0 0 0 0 0
1200 1520 841.0 139.47879 10710 644.0 106.04819 328.0 31.78306 80.0 6.55966 0 0 0 0 0 0 0 0
1200 1600 735.0 117.493 10705 580.0 97.6593 303.0 57.54179 98.0 16.7868 0 0 0 0 0 0 0 0
1200 1680 779.0 92.93076 10835 611.0 72.90016 321.0 37.98495 80.0 13.3461 0 0 0 0 0 0 0 0
1200 1760 711.0 164.98414 10790 560.0 140.05 274.0 59.46066 70.0 13.98286 0 0 0 0 0 0 0 0
1200 1840 716.0 102.63274 10790 563.0 70.74885 254.0 27.59285 78.0 5.92423 0 0 0 0 0 0 0 0
1200 1920 747.0 150.32118 10847 579.0 113.59619 278.0 82.12269 78.0 15.52348 0 0 0 0 0 0 0 0
1200 2000 681.0 116.8314 10656 525.0 102.7518 255.0 50.92103 81.0 8.0238 0 0 0 0 0 0 0 0
1280 160 616.0 91.30806 10756 454.0 73.4363 204.0 48.5655 72.0 3.26995 0 0 0 0 0 0 0 0
1280 240 0 0 0 0 0 0 0 0 0 0 0 0 0 0 0 0 0
1280 320 0 0 0 0 0 0 0 0 0 0 0 0 0 0 0 0 0
1280 400 1067.0 338.7486 11118 748.0 247.0649 234.0 88.27896 161.0 53.9898 0 0 0 0 0 0 0 0
1280 480 2271.0 644.9922 11485 1493.0 439.6904 370.0 137.6859 413.0 94.0497 0 0 0 0 0 0 0 0
1280 560 3130.0 734.8247 11487 1960.0 536.9561 485.0 172.6481 526.0 94.9533 0 0 0 0 0 0 0 0
1280 640 3247.0 710.7555 10914 2122.0 509.1701 610.0 183.8748 535.0 85.0362 0 0 0 0 0 0 0 0
1280 720 2752.0 591.0438 10561 1855.0 427.1174 581.0 164.42957 396.0 94.2744 0 0 0 0 0 0 0 0
1280 800 2253.0 496.073 10510 1587.0 354.3708 589.0 153.351 268.0 48.2597 0 0 0 0 0 0 0 0
1280 880 1656.0 426.0635 10601 1204.0 303.3045 485.0 143.55244 205.0 43.1744 0 0 0 0 0 0 0 0
1280 960 1296.0 283.3717 10502 946.0 203.54317 428.0 79.677521 121.0 31.9553 0 0 0 0 0 0 0 0
1280 1040 1014.0 237.88614 10592 777.0 179.61312 360.0 83.98898 112.0 34.42996 0 0 0 0 0 0 0 0
1280 1120 793.0 188.3871 10568 598.0 141.58701 310.0 69.05153 98.0 34.24283 0 0 0 0 0 0 0 0
1280 1200 730.0 145.9873 10554 544.0 126.263 254.0 79.78464 88.0 14.5195 0 0 0 0 0 0 0 0
1280 1280 639.0 95.55249 10642 508.0 62.17799 247.0 39.75552 79.0 13.39891 0 0 0 0 0 0 0 0
1280 1360 666.0 118.33427 10707 514.0 97.18387 257.0 56.94263 56.0 1.9841 0 0 0 0 0 0 0 0
1280 1440 655.0 142.69014 10858 519.0 117.137454 260.0 61.432926 72.0 3.0778 0 0 0 0 0 0 0 0
1280 1520 615.0 77.75525 10530 467.0 60.76709 230.0 27.98348 59.0 1.27851 0 0 0 0 0 0 0 0
1280 1600 616.0 91.30806 10756 454.0 73.4363 204.0 48.5655 72.0 3.26995 0 0 0 0 0 0 0 0
1280 1680 600.0 96.86451 10842 452.0 79.78899 232.0 66.48685 55.0 13.4154 0 0 0 0 0 0 0 0
1280 1760 557.0 89.30655 10901 433.0 68.19012 204.0 34.605391 48.0 10.67215 0 0 0 0 0 0 0 0
1280 1840 557.0 86.27993 10852 413.0 75.48523 199.0 41.9517 87.0 3.9397 0 0 0 0 0 0 0 0
1280 1920 574.0 97.17158 10891 437.0 86.44578 193.0 67.63651 67.0 13.44322 0 0 0 0 0 0 0 0
1280 2000 525.0 70.9703 10810 382.0 57.5766 192.0 40.01994 67.0 5.4135 0 0 0 0 0 0 0 0
1360 160 457.0 55.91928 10793 359.0 46.50866 155.0 31.9625 70.0 7.28841 0 0 0 0 0 0 0 0
1360 240 0 0 0 0 0 0 0 0 0 0 0 0 0 0 0 0 0
1360 320 0 0 0 0 0 0 0 0 0 0 0 0 0 0 0 0 0
1360 400 1015.0 339.847 11248 672.0 243.6496 200.0 78.60547 140.0 42.6654 0 0 0 0 0 0 0 0
1360 480 2199.0 675.3109 11407 1443.0 463.9834 340.0 161.2568 399.0 87.0539 0 0 0 0 0 0 0 0
1360 560 3226.0 704.521 11481 2046.0 524.7735 488.0 173.3209 549.0 109.46 0 0 0 0 0 0 0 0
1360 640 3309.0 718.435 11132 2137.0 512.337 623.0 176.5404 506.0 102.0864 0 0 0 0 0 0 0 0
1360 720 2669.0 623.1257 10657 1761.0 456.5425 591.0 180.8452 396.0 72.4696 0 0 0 0 0 0 0 0
1360 800 2058.0 531.7215 10565 1428.0 390.1663 512.0 181.6994 256.0 72.3289 0 0 0 0 0 0 0 0
1360 880 1400.0 345.0382 10572 998.0 244.83758 382.0 90.54505 184.0 42.7643 0 0 0 0 0 0 0 0
1360 960 1056.0 237.2028 10684 749.0 160.4729 334.0 91.9793 129.0 24.5181 0 0 0 0 0 0 0 0
1360 1040 845.0 131.5543 10751 616.0 99.7369 287.0 50.52864 91.0 26.6229 0 0 0 0 0 0 0 0
1360 1120 669.0 105.32231 10623 515.0 89.49855 224.0 48.78064 66.0 7.4516 0 0 0 0 0 0 0 0
1360 1200 620.0 125.24134 10903 465.0 97.78643 218.0 43.64996 58.0 14.1005 0 0 0 0 0 0 0 0
1360 1280 580.0 83.05801 10747 438.0 57.04612 217.0 30.47328 72.0 14.5362 0 0 0 0 0 0 0 0
1360 1360 488.0 118.2975 10577 372.0 108.66927 171.0 67.558079 67.0 3.6251 0 0 0 0 0 0 0 0
1360 1440 514.0 110.9784 10706 396.0 99.7245 191.0 38.346332 56.0 6.3821 0 0 0 0 0 0 0 0
1360 1520 458.0 90.882034 10673 331.0 74.722734 141.0 44.773864 60.0 1.906619 0 0 0 0 0 0 0 0
1360 1600 457.0 55.91928 10793 359.0 46.50866 155.0 31.9625 70.0 7.28841 0 0 0 0 0 0 0 0
1360 1680 462.0 59.47775 10826 333.0 52.54107 116.0 38.92377 65.0 5.18475 0 0 0 0 0 0 0 0
1360 1760 466.0 59.48592 10805 327.0 45.81763 146.0 19.40951 52.0 3.13931 0 0 0 0 0 0 0 0
1360 1840 453.0 57.00635 10801 329.0 44.89301 138.0 22.876151 73.0 8.51895 0 0 0 0 0 0 0 0
1360 1920 443.0 47.242 10926 317.0 42.88309 121.0 27.55312 58.0 9.72826 0 0 0 0 0 0 0 0
1360 2000 482.0 51.80944 10768 350.0 43.24681 159.0 22.862386 62.0 0.84155 0 0 0 0 0 0 0 0
1440 160 423.0 50.52637 11037 306.0 41.15593 127.0 24.64231 49.0 1.73887 0 0 0 0 0 0 0 0
1440 240 0 0 0 0 0 0 0 0 0 0 0 0 0 0 0 0 0
1440 320 0 0 0 0 0 0 0 0 0 0 0 0 0 0 0 0 0
1440 400 937.0 288.2767 11060 622.0 204.6119 188.0 68.47163 158.0 54.47 0 0 0 0 0 0 0 0
1440 480 2285.0 582.4752 11549 1468.0 421.1248 328.0 125.6128 419.0 86.5188 0 0 0 0 0 0 0 0
1440 560 3135.0 761.443 11461 1957.0 528.677 495.0 185.5115 538.0 84.356 0 0 0 0 0 0 0 0
1440 640 3259.0 715.3608 11095 2083.0 493.4512 547.0 171.4747 520.0 103.3608 0 0 0 0 0 0 0 0
1440 720 2690.0 586.2724 10659 1811.0 422.0885 543.0 160.50353 416.0 74.3298 0 0 0 0 0 0 0 0
1440 800 1916.0 443.6337 10578 1363.0 322.3162 486.0 121.60381 261.0 55.6563 0 0 0 0 0 0 0 0
1440 880 1256.0 291.62 10635 885.0 222.8511 334.0 91.81479 164.0 39.2533 0 0 0 0 0 0 0 0
1440 960 849.0 199.58921 10493 594.0 144.28856 249.0 66.734431 119.0 23.4211 0 0 0 0 0 0 0 0
1440 1040 652.0 144.67215 10592 457.0 93.86472 190.0 45.08333 74.0 11.52242 0 0 0 0 0 0 0 0
1440 1120 523.0 144.34731 10747 356.0 129.62053 161.0 59.176249 86.0 4.7832 0 0 0 0 0 0 0 0
1440 1200 501.0 59.63262 10682 356.0 47.89916 143.0 25.7913 81.0 13.771 0 0 0 0 0 0 0 0
1440 1280 498.0 66.56994 10630 353.0 51.98886 147.0 29.605337 78.0 11.5443 0 0 0 0 0 0 0 0
1440 1360 448.0 88.53394 10884 302.0 71.32467 133.0 36.64802 64.0 1.2194 0 0 0 0 0 0 0 0
1440 1440 409.0 71.52766 10681 312.0 43.929947 115.0 20.425312 56.0 5.41141 0 0 0 0 0 0 0 0
1440 1520 399.0 69.60084 10839 290.0 54.19942 108.0 25.691861 61.0 7.23072 0 0 0 0 0 0 0 0
1440 1600 423.0 50.52637 11037 306.0 41.15593 127.0 24.64231 49.0 1.73887 0 0 0 0 0 0 0 0
1440 1680 393.0 62.84771 10902 268.0 46.00486 93.0 26.21093 58.0 9.59928 0 0 0 0 0 0 0 0
1440 1760 406.0 27.56491 10805 302.0 19.850703 122.0 12.098867 58.0 2.70846 0 0 0 0 0 0 0 0
1440 1840 405.0 42.085326 10833 286.0 38.231616 121.0 24.166161 51.0 1.3176 0 0 0 0 0 0 0 0
1440 1920 392.0 44.56649 10864 289.0 29.35221 108.0 18.080368 57.0 3.7535 0 0 0 0 0 0 0 0
1440 2000 381.0 31.38431 10821 254.0 28.37889 84.0 19.712356 51.0 4.30462 0 0 0 0 0 0 0 0
1520 160 373.0 35.234 10701 251.0 29.52497 87.0 20.366533 64.0 2.32588 0 0 0 0 0 0 0 0
1520 240 0 0 0 0 0 0 0 0 0 0 0 0 0 0 0 0 0
1520 320 0 0 0 0 0 0 0 0 0 0 0 0 0 0 0 0 0
1520 400 978.0 292.5129 11210 682.0 196.4522 222.0 66.4898 131.0 53.8939 0 0 0 0 0 0 0 0
1520 480 2223.0 633.1118 11468 1464.0 452.143 334.0 145.2564 406.0 80.0194 0 0 0 0 0 0 0 0
1520 560 3196.0 711.1043 11609 2038.0 524.9741 464.0 172.5402 505.0 102.0077 0 0 0 0 0 0 0 0
1520 640 3169.0 696.7205 11188 2010.0 495.1769 500.0 159.6982 496.0 72.1285 0 0 0 0 0 0 0 0
1520 720 2675.0 564.9784 10897 1787.0 406.1184 499.0 135.6021 392.0 90.9739 0 0 0 0 0 0 0 0
1520 800 1859.0 364.908 10546 1261.0 246.2419 437.0 111.35128 233.0 54.3222 0 0 0 0 0 0 0 0
1520 880 1260.0 271.9097 10726 894.0 210.2548 334.0 71.3323 149.0 43.2378 0 0 0 0 0 0 0 0
1520 960 843.0 210.39351 10697 612.0 122.88228 248.0 55.199506 107.0 25.81219 0 0 0 0 0 0 0 0
1520 1040 598.0 111.67706 10654 431.0 89.95882 173.0 39.1428 78.0 19.1651 0 0 0 0 0 0 0 0
1520 1120 516.0 78.2025 10849 376.0 64.4216 143.0 31.858713 85.0 2.4977 0 0 0 0 0 0 0 0
1520 1200 441.0 79.95038 10861 309.0 66.738118 116.0 32.907312 57.0 3.4158 0 0 0 0 0 0 0 0
1520 1280 408.0 64.8558 10879 297.0 46.191486 120.0 16.849043 63.0 2.16291 0 0 0 0 0 0 0 0
1520 1360 380.0 39.66227 10790 260.0 31.78413 112.0 12.566072 65.0 4.127 0 0 0 0 0 0 0 0
1520 1440 394.0 46.62627 10796 277.0 40.38103 115.0 24.30297 56.0 0.84 0 0 0 0 0 0 0 0
1520 1520 360.0 56.19712 10942 263.0 52.44774 99.0 31.822382 49.0 5.26352 0 0 0 0 0 0 0 0
1520 1600 373.0 35.234 10701 251.0 29.52497 87.0 20.366533 64.0 2.32588 0 0 0 0 0 0 0 0
1520 1680 320.0 37.07961 10930 218.0 30.27832 78.0 14.915744 76.0 3.6564 0 0 0 0 0 0 0 0
1520 1760 370.0 49.585205 10904 246.0 42.619648 85.0 28.191258 60.0 2.100315 0 0 0 0 0 0 0 0
1520 1840 363.0 30.976298 10866 243.0 26.604905 82.0 15.65131 43.0 2.17652 0 0 0 0 0 0 0 0
1520 1920 387.0 34.23507 10811 265.0 29.68685 88.0 21.843666 39.0 3.38319 0 0 0 0 0 0 0 0
1520 2000 348.0 32.6017 10735 245.0 25.869559 87.0 10.421795 53.0 0.70891 0 0 0 0 0 0 0 0
1600 160 346.0 48.35016 10838 233.0 43.74306 69.0 19.557878 63.0 1.78475 0 0 0 0 0 0 0 0
1600 240 0 0 0 0 0 0 0 0 0 0 0 0 0 0 0 0 0
1600 320 0 0 0 0 0 0 0 0 0 0 0 0 0 0 0 0 0
1600 400 922.0 318.3437 11032 643.0 241.6153 200.0 108.9678 118.0 56.7816 0 0 0 0 0 0 0 0
1600 480 2264.0 628.0465 11670 1491.0 436.8498 371.0 133.4699 419.0 83.6168 0 0 0 0 0 0 0 0
1600 560 3144.0 735.7888 11438 2003.0 537.4524 455.0 186.2077 529.0 99.5567 0 0 0 0 0 0 0 0
1600 640 3255.0 638.9314 11203 2106.0 448.7021 543.0 135.1966 534.0 92.2937 0 0 0 0 0 0 0 0
1600 720 2663.0 541.0754 10777 1750.0 399.0126 520.0 158.9899 411.0 66.6686 0 0 0 0 0 0 0 0
1600 800 1824.0 330.0164 10548 1230.0 232.56875 436.0 91.80409 267.0 47.0415 0 0 0 0 0 0 0 0
1600 880 1075.0 192.68242 10446 744.0 140.71016 268.0 58.33179 180.0 26.10909 0 0 0 0 0 0 0 0
1600 960 783.0 144.25796 10817 571.0 122.80324 200.0 50.71807 97.0 19.28937 0 0 0 0 0 0 0 0
1600 1040 517.0 90.63964 10666 367.0 74.32655 136.0 33.58599 76.0 4.9039 0 0 0 0 0 0 0 0
1600 1120 460.0 57.33925 10739 316.0 42.57736 111.0 26.28045 51.0 5.81379 0 0 0 0 0 0 0 0
1600 1200 404.0 39.58053 10875 296.0 30.52113 82.0 22.882265 55.0 7.83947 0 0 0 0 0 0 0 0
1600 1280 403.0 52.616712 11034 276.0 35.344602 89.0 14.573756 75.0 7.263396 0 0 0 0 0 0 0 0
1600 1360 349.0 41.32161 10700 228.0 35.73657 72.0 14.50804 69.0 3.52177 0 0 0 0 0 0 0 0
1600 1440 349.0 23.656239 10851 227.0 13.17081 75.0 2.912398 58.0 0.97393 0 0 0 0 0 0 0 0
1600 1520 344.0 25.06294 10927 222.0 21.66367 65.0 9.271992 40.0 5.62442 0 0 0 0 0 0 0 0
1600 1600 346.0 48.35016 10838 233.0 43.74306 69.0 19.557878 63.0 1.78475 0 0 0 0 0 0 0 0
1600 1680 322.0 48.50361 10713 226.0 42.33819 72.0 19.862375 54.0 1.85226 0 0 0 0 0 0 0 0
1600 1760 337.0 27.75072 10845 215.0 24.822712 60.0 5.229913 50.0 1.7866 0 0 0 0 0 0 0 0
1600 1840 311.0 46.22449 10834 207.0 36.23813 65.0 19.000863 45.0 1.88859 0 0 0 0 0 0 0 0
1600 1920 338.0 23.98478 10977 214.0 14.640823 63.0 5.078683 59.0 2.4464 0 0 0 0 0 0 0 0
1600 2000 323.0 15.841656 10807 232.0 11.509829 57.0 1.814405 47.0 1.367347 0 0 0 0 0 0 0 0
1680 160 305.0 30.359782 10914 203.0 20.578552 56.0 5.564957 51.0 0.45761 0 0 0 0 0 0 0 0
1680 240 0 0 0 0 0 0 0 0 0 0 0 0 0 0 0 0 0
1680 320 0 0 0 0 0 0 0 0 0 0 0 0 0 0 0 0 0
1680 400 979.0 334.8972 11226 678.0 252.5351 207.0 90.05537 139.0 52.0763 0 0 0 0 0 0 0 0
1680 480 2269.0 630.9082 11563 1436.0 463.8912 351.0 158.455 370.0 88.2168 0 0 0 0 0 0 0 0
1680 560 3075.0 664.1172 11489 1919.0 473.6888 398.0 156.2803 535.0 96.9798 0 0 0 0 0 0 0 0
1680 640 3161.0 704.4028 11188 2007.0 518.9936 515.0 145.6673 578.0 81.6514 0 0 0 0 0 0 0 0
1680 720 2528.0 457.2704 10578 1646.0 301.9549 472.0 124.81964 413.0 66.1716 0 0 0 0 0 0 0 0
1680 800 1761.0 359.8872 10612 1211.0 267.41205 422.0 107.3492 240.0 43.0692 0 0 0 0 0 0 0 0
1680 880 1069.0 226.8864 10709 758.0 157.6705 280.0 59.95432 164.0 22.4071 0 0 0 0 0 0 0 0
1680 960 718.0 111.9914 10450 489.0 77.40779 180.0 33.11841 103.0 12.1664 0 0 0 0 0 0 0 0
1680 1040 515.0 103.17234 10770 368.0 76.51493 141.0 43.500475 79.0 6.4585 0 0 0 0 0 0 0 0
1680 1120 397.0 80.6373 10770 292.0 69.63134 94.0 28.68919 63.0 6.6935 0 0 0 0 0 0 0 0
1680 1200 372.0 44.74988 10757 254.0 37.14135 72.0 19.82874 64.0 1.40599 0 0 0 0 0 0 0 0
1680 1280 340.0 31.65073 10868 228.0 26.261429 72.0 4.063919 48.0 6.86592 0 0 0 0 0 0 0 0
1680 1360 343.0 25.66508 10981 242.0 21.79124 84.0 8.862726 69.0 1.36642 0 0 0 0 0 0 0 0
1680 1440 327.0 30.3163 10904 231.0 18.72955 56.0 6.879589 58.0 3.03511 0 0 0 0 0 0 0 0
1680 1520 329.0 38.94841 10880 221.0 32.89511 64.0 18.095917 64.0 2.71705 0 0 0 0 0 0 0 0
1680 1600 305.0 30.359782 10914 203.0 20.578552 56.0 5.564957 51.0 0.45761 0 0 0 0 0 0 0 0
1680 1680 345.0 13.525345 10917 239.0 10.664791 53.0 5.554986 39.0 3.80084 0 0 0 0 0 0 0 0
1680 1760 313.0 39.104425 10948 225.0 19.789475 72.0 5.295953 68.0 1.449507 0 0 0 0 0 0 0 0
1680 1840 318.0 14.524419 11058 218.0 11.560579 54.0 3.44193 55.0 16.34099 0 0 0 0 0 0 0 0
1680 1920 326.0 18.352693 10737 220.0 16.07375 71.0 10.468853 48.0 1.758301 0 0 0 0 0 0 0 0
1680 2000 318.0 20.679068 10773 213.0 17.969444 61.0 9.661691 60.0 2.875976 0 0 0 0 0 0 0 0
1760 160 311.0 33.06709 10858 202.0 28.314601 59.0 12.499711 43.0 4.33727 0 0 0 0 0 0 0 0
1760 240 0 0 0 0 0 0 0 0 0 0 0 0 0 0 0 0 0
1760 320 0 0 0 0 0 0 0 0 0 0 0 0 0 0 0 0 0
1760 400 927.0 301.1028 11329 628.0 203.0661 198.0 75.3812 125.0 50.3898 0 0 0 0 0 0 0 0
1760 480 2228.0 666.4732 11536 1415.0 466.7787 284.0 136.7164 388.0 84.0408 0 0 0 0 0 0 0 0
1760 560 3114.0 686.2308 11625 1899.0 492.2217 440.0 165.6119 546.0 83.5692 0 0 0 0 0 0 0 0
1760 640 3161.0 640.8934 11141 2004.0 467.5748 496.0 170.0322 531.0 92.1065 0 0 0 0 0 0 0 0
1760 720 2583.0 552.985 10870 1678.0 379.8005 479.0 143.35886 422.0 65.7367 0 0 0 0 0 0 0 0
1760 800 1709.0 374.4142 10605 1158.0 276.4118 388.0 104.15683 252.0 36.9246 0 0 0 0 0 0 0 0
1760 880 1066.0 200.7868 10721 735.0 145.07207 260.0 58.33598 146.0 22.7581 0 0 0 0 0 0 0 0
1760 960 697.0 129.55133 10823 494.0 97.31265 180.0 49.07253 86.0 16.16792 0 0 0 0 0 0 0 0
1760 1040 505.0 88.51441 10707 357.0 71.97781 124.0 35.42989 67.0 4.1454 0 0 0 0 0 0 0 0
1760 1120 407.0 41.39452 10838 275.0 33.78848 81.0 15.416483 60.0 6.51009 0 0 0 0 0 0 0 0
1760 1200 373.0 38.19343 10837 256.0 25.5327 59.0 18.294596 66.0 9.4857 0 0 0 0 0 0 0 0
1760 1280 352.0 30.15066 10952 231.0 23.63253 69.0 11.294181 47.0 7.4356 0 0 0 0 0 0 0 0
1760 1360 297.0 24.335953 10733 196.0 23.412476 52.0 10.160054 53.0 5.70354 0 0 0 0 0 0 0 0
1760 1440 310.0 37.5187 11011 209.0 30.332719 60.0 19.171961 71.0 1.85012 0 0 0 0 0 0 0 0
1760 1520 313.0 33.50198 10720 217.0 30.20445 63.0 19.89713 45.0 1.05635 0 0 0 0 0 0 0 0
1760 1600 311.0 33.06709 10858 202.0 28.314601 59.0 12.499711 43.0 4.33727 0 0 0 0 0 0 0 0
1760 1680 308.0 26.92022 10918 201.0 19.88588 47.0 5.673769 54.0 0.57449 0 0 0 0 0 0 0 0
1760 1760 280.0 21.2709 10855 178.0 15.1308 60.0 6.398408 56.0 0.43428 0 0 0 0 0 0 0 0
1760 1840 320.0 20.38165 10831 210.0 16.31681 52.0 7.962145 50.0 4.29705 0 0 0 0 0 0 0 0
1760 1920 290.0 23.960871 10943 203.0 19.08462 53.0 6.871161 51.0 1.275883 0 0 0 0 0 0 0 0
1760 2000 333.0 16.696121 10832 240.0 10.900448 68.0 5.495437 52.0 1.23168 0 0 0 0 0 0 0 0
1840 160 319.0 26.222238 10907 202.0 22.237718 49.0 11.82653 43.0 2.675357 0 0 0 0 0 0 0 0
1840 240 0 0 0 0 0 0 0 0 0 0 0 0 0 0 0 0 0
1840 320 0 0 0 0 0 0 0 0 0 0 0 0 0 0 0 0 0
1840 400 905.0 318.5594 11326 587.0 221.3888 168.0 76.85054 162.0 40.9565 0 0 0 0 0 0 0 0
1840 480 2224.0 635.0388 11540 1403.0 459.6566 328.0 169.2672 371.0 68.4692 0 0 0 0 0 0 0 0
1840 560 3172.0 682.2889 11486 1926.0 492.9708 452.0 177.1112 537.0 90.4831 0 0 0 0 0 0 0 0
1840 640 3186.0 674.8501 11269 2067.0 482.8628 523.0 179.9876 518.0 93.4468 0 0 0 0 0 0 0 0
1840 720 2565.0 571.208 10717 1668.0 416.3424 464.0 160.13079 385.0 88.948 0 0 0 0 0 0 0 0
1840 800 1710.0 345.7048 10651 1184.0 260.2794 363.0 76.52702 227.0 43.5537 0 0 0 0 0 0 0 0
1840 880 1075.0 200.1005 10711 741.0 137.6908 274.0 50.67875 133.0 17.5734 0 0 0 0 0 0 0 0
1840 960 655.0 139.8554 10751 448.0 113.94999 172.0 42.89037 92.0 16.6618 0 0 0 0 0 0 0 0
1840 1040 512.0 88.77672 10710 357.0 59.14212 131.0 14.734687 71.0 12.07627 0 0 0 0 0 0 0 0
1840 1120 375.0 43.37332 10887 265.0 29.66335 87.0 16.8731 59.0 3.55017 0 0 0 0 0 0 0 0
1840 1200 376.0 40.845516 10666 258.0 33.736838 75.0 11.044424 65.0 3.3084 0 0 0 0 0 0 0 0
1840 1280 348.0 36.09306 10855 243.0 17.37157 57.0 3.442774 45.0 5.0653 0 0 0 0 0 0 0 0
1840 1360 299.0 31.888018 10771 202.0 28.266058 52.0 11.982167 42.0 0.96605 0 0 0 0 0 0 0 0
1840 1440 322.0 15.579254 10984 219.0 10.137194 63.0 3.271541 43.0 1.65834 0 0 0 0 0 0 0 0
1840 1520 317.0 26.740966 10823 213.0 22.977756 56.0 8.083673 53.0 3.128584 0 0 0 0 0 0 0 0
1840 1600 319.0 26.222238 10907 202.0 22.237718 49.0 11.82653 43.0 2.675357 0 0 0 0 0 0 0 0
1840 1680 299.0 17.87166 10856 195.0 14.45248 67.0 9.184131 70.0 1.77365 0 0 0 0 0 0 0 0
1840 1760 280.0 22.50183 10781 173.0 15.58782 51.0 5.239159 47.0 1.20543 0 0 0 0 0 0 0 0
1840 1840 327.0 12.26066 10773 217.0 8.51528 49.0 1.643888 47.0 4.12344 0 0 0 0 0 0 0 0
1840 1920 301.0 33.60262 10952 213.0 25.15535 55.0 8.016667 64.0 3.08123 0 0 0 0 0 0 0 0
1840 2000 289.0 18.845869 10774 203.0 13.844038 34.0 8.779734 74.0 1.264086 0 0 0 0 0 0 0 0
1920 160 294.0 28.157028 10862 207.0 18.715818 54.0 4.704726 47.0 0.69436 0 0 0 0 0 0 0 0
1920 240 0 0 0 0 0 0 0 0 0 0 0 0 0 0 0 0 0
1920 320 0 0 0 0 0 0 0 0 0 0 0 0 0 0 0 0 0
1920 400 965.0 336.2216 11359 665.0 225.2916 188.0 67.66883 148.0 41.5571 0 0 0 0 0 0 0 0
1920 480 2225.0 655.3316 11703 1442.0 470.5754 313.0 167.0046 397.0 78.9254 0 0 0 0 0 0 0 0
1920 560 3138.0 693.619 11548 2020.0 483.4907 444.0 154.6367 499.0 94.943 0 0 0 0 0 0 0 0
1920 640 3154.0 699.0444 11278 2006.0 489.7012 504.0 175.6022 534.0 81.3766 0 0 0 0 0 0 0 0
1920 720 2482.0 498.7711 10754 1609.0 373.027 460.0 135.9943 371.0 79.4154 0 0 0 0 0 0 0 0
1920 800 1750.0 357.2381 10759 1205.0 262.5346 370.0 87.25334 235.0 55.9352 0 0 0 0 0 0 0 0
1920 880 1027.0 191.0693 10735 709.0 139.08765 266.0 54.79748 150.0 25.1967 0 0 0 0 0 0 0 0
1920 960 667.0 128.77612 10730 467.0 88.07299 172.0 31.7673 68.0 18.72748 0 0 0 0 0 0 0 0
1920 1040 478.0 67.41257 10697 321.0 54.71463 103.0 23.11033 79.0 2.81172 0 0 0 0 0 0 0 0
1920 1120 369.0 67.86003 10898 249.0 55.64332 73.0 28.1303 80.0 3.576 0 0 0 0 0 0 0 0
1920 1200 370.0 35.09674 10784 251.0 23.39155 68.0 13.283459 47.0 0.69114 0 0 0 0 0 0 0 0
1920 1280 351.0 13.97365 10916 219.0 11.05218 64.0 3.098226 58.0 2.33714 0 0 0 0 0 0 0 0
1920 1360 326.0 34.55669 10737 218.0 29.47205 52.0 7.852683 49.0 2.23002 0 0 0 0 0 0 0 0
1920 1440 323.0 27.140068 10837 212.0 20.219198 48.0 5.606871 51.0 1.40158 0 0 0 0 0 0 0 0
1920 1520 351.0 27.237662 11072 234.0 24.289162 65.0 16.149386 69.0 3.607598 0 0 0 0 0 0 0 0
1920 1600 294.0 28.157028 10862 207.0 18.715818 54.0 4.704726 47.0 0.69436 0 0 0 0 0 0 0 0
1920 1680 319.0 17.826748 10731 217.0 11.64841 55.0 4.977668 45.0 8.903619 0 0 0 0 0 0 0 0
1920 1760 287.0 32.740807 10825 200.0 28.234558 47.0 19.476879 50.0 3.53461 0 0 0 0 0 0 0 0
1920 1840 293.0 27.20919 10813 196.0 23.75353 52.0 11.4235 55.0 3.05821 0 0 0 0 0 0 0 0
1920 1920 324.0 15.91532 10746 218.0 11.159656 53.0 2.081144 48.0 1.70188 0 0 0 0 0 0 0 0
1920 2000 297.0 32.57394 10753 210.0 29.0593 47.0 14.657423 60.0 1.4483 0 0 0 0 0 0 0 0
2000 160 325.0 29.65017 10760 222.0 14.06764 43.0 3.438682 51.0 4.64903 0 0 0 0 0 0 0 0
2000 240 0 0 0 0 0 0 0 0 0 0 0 0 0 0 0 0 0
2000 320 0 0 0 0 0 0 0 0 0 0 0 0 0 0 0 0 0
2000 400 937.0 313.1219 11198 625.0 215.0837 177.0 72.22632 150.0 33.6196 0 0 0 0 0 0 0 0
2000 480 2165.0 643.6227 11621 1371.0 451.9058 313.0 145.6978 366.0 78.3633 0 0 0 0 0 0 0 0
2000 560 3082.0 672.4114 11409 1931.0 477.3819 382.0 162.374 557.0 71.7679 0 0 0 0 0 0 0 0
2000 640 3156.0 645.0954 11268 2008.0 463.612 489.0 154.0643 533.0 91.0093 0 0 0 0 0 0 0 0
2000 720 2537.0 503.4329 10814 1661.0 376.1649 464.0 136.15696 345.0 62.0797 0 0 0 0 0 0 0 0
2000 800 1660.0 359.4799 10676 1140.0 235.4258 378.0 91.12341 249.0 45.6928 0 0 0 0 0 0 0 0
2000 880 1051.0 194.76168 10847 709.0 135.61527 238.0 74.0337 142.0 38.40742 0 0 0 0 0 0 0 0
2000 960 664.0 118.5497 10636 459.0 81.8742 143.0 34.74521 88.0 16.0038 0 0 0 0 0 0 0 0
2000 1040 454.0 70.25527 10805 320.0 54.88731 92.0 23.72927 64.0 2.40837 0 0 0 0 0 0 0 0
2000 1120 373.0 43.160116 10601 249.0 32.229776 73.0 10.84585 46.0 5.569554 0 0 0 0 0 0 0 0
2000 1200 362.0 49.44645 10941 232.0 37.60159 57.0 9.748376 55.0 4.85964 0 0 0 0 0 0 0 0
2000 1280 329.0 24.354607 10632 215.0 16.136527 55.0 7.806144 61.0 2.60055 0 0 0 0 0 0 0 0
2000 1360 315.0 22.56628 10933 206.0 19.299305 44.0 5.9089 51.0 1.25105 0 0 0 0 0 0 0 0
2000 1440 294.0 16.06952 10773 201.0 11.76743 51.0 3.009224 50.0 1.36027 0 0 0 0 0 0 0 0
2000 1520 312.0 18.467506 10821 212.0 13.567601 57.0 3.62595 55.0 2.17657 0 0 0 0 0 0 0 0
2000 1600 325.0 29.65017 10760 222.0 14.06764 43.0 3.438682 51.0 4.64903 0 0 0 0 0 0 0 0
2000 1680 310.0 22.545599 10855 192.0 20.287619 45.0 6.106464 54.0 1.391594 0 0 0 0 0 0 0 0
2000 1760 313.0 22.09863 10802 199.0 18.31296 50.0 7.57337 43.0 2.86257 0 0 0 0 0 0 0 0
2000 1840 323.0 16.409757 10790 205.0 14.021009 44.0 8.146479 58.0 0.74686 0 0 0 0 0 0 0 0
2000 1920 315.0 15.803092 10892 210.0 11.143623 55.0 5.16445 40.0 3.977028 0 0 0 0 0 0 0 0
2000 2000 312.0 18.00639 10734 205.0 11.36655 49.0 2.274487 52.0 0.60488 0 0 0 0 0 0 0 0
