160 160 0 0 0 0 0 0 0 0 0 0 0 0 0 0 0 0 0 0 0
160 240 0 0 0 0 0 0 0 0 0 0 0 0 0 0 0 0 0 0 0
160 320 0 0 0 0 0 0 0 0 0 0 0 0 0 0 0 0 0 0 0
160 400 0 0 0 0 0 0 0 0 0 0 0 0 0 0 0 0 0 0 0
160 480 0 0 0 0 0 0 0 0 0 0 0 0 0 0 0 0 0 0 0
160 560 0 0 0 0 0 0 0 0 0 0 0 0 0 0 0 0 0 0 0
160 640 0 0 0 0 0 0 0 0 0 0 0 0 0 0 0 0 0 0 0
160 720 0 0 0 0 0 0 0 0 0 0 0 0 0 0 0 0 0 0 0
160 800 0 0 0 0 0 0 0 0 0 0 0 0 0 0 0 0 0 0 0
160 880 0 0 0 0 0 0 0 0 0 0 0 0 0 0 0 0 0 0 0
160 960 0 0 0 0 0 0 0 0 0 0 0 0 0 0 0 0 0 0 0
160 1040 0 0 0 0 0 0 0 0 0 0 0 0 0 0 0 0 0 0 0
160 1120 0 0 0 0 0 0 0 0 0 0 0 0 0 0 0 0 0 0 0
160 1200 0 0 0 0 0 0 0 0 0 0 0 0 0 0 0 0 0 0 0
160 1280 0 0 0 0 0 0 0 0 0 0 0 0 0 0 0 0 0 0 0
160 1360 0 0 0 0 0 0 0 0 0 0 0 0 0 0 0 0 0 0 0
160 1440 0 0 0 0 0 0 0 0 0 0 0 0 0 0 0 0 0 0 0
160 1520 0 0 0 0 0 0 0 0 0 0 0 0 0 0 0 0 0 0 0
160 1600 0 0 0 0 0 0 0 0 0 0 0 0 0 0 0 0 0 0 0
160 1680 0 0 0 0 0 0 0 0 0 0 0 0 0 0 0 0 0 0 0
160 1760 0 0 0 0 0 0 0 0 0 0 0 0 0 0 0 0 0 0 0
160 1840 0 0 0 0 0 0 0 0 0 0 0 0 0 0 0 0 0 0 0
160 1920 0 0 0 0 0 0 0 0 0 0 0 0 0 0 0 0 0 0 0
160 2000 0 0 0 0 0 0 0 0 0 0 0 0 0 0 0 0 0 0 0
240 160 0 0 0 0 0 0 0 0 0 0 0 0 0 0 0 0 0 0 0
240 240 0 0 0 0 0 0 0 0 0 0 0 0 0 0 0 0 0 0 0
240 320 0 0 0 0 0 0 0 0 0 0 0 0 0 0 0 0 0 0 0
240 400 0 0 0 0 0 0 0 0 0 0 0 0 0 0 0 0 0 0 0
240 480 0 0 0 0 0 0 0 0 0 0 0 0 0 0 0 0 0 0 0
240 560 0 0 0 0 0 0 0 0 0 0 0 0 0 0 0 0 0 0 0
240 640 0 0 0 0 0 0 0 0 0 0 0 0 0 0 0 0 0 0 0
240 720 0 0 0 0 0 0 0 0 0 0 0 0 0 0 0 0 0 0 0
240 800 0 0 0 0 0 0 0 0 0 0 0 0 0 0 0 0 0 0 0
240 880 0 0 0 0 0 0 0 0 0 0 0 0 0 0 0 0 0 0 0
240 960 0 0 0 0 0 0 0 0 0 0 0 0 0 0 0 0 0 0 0
240 1040 0 0 0 0 0 0 0 0 0 0 0 0 0 0 0 0 0 0 0
240 1120 0 0 0 0 0 0 0 0 0 0 0 0 0 0 0 0 0 0 0
240 1200 0 0 0 0 0 0 0 0 0 0 0 0 0 0 0 0 0 0 0
240 1280 0 0 0 0 0 0 0 0 0 0 0 0 0 0 0 0 0 0 0
240 1360 0 0 0 0 0 0 0 0 0 0 0 0 0 0 0 0 0 0 0
240 1440 0 0 0 0 0 0 0 0 0 0 0 0 0 0 0 0 0 0 0
240 1520 0 0 0 0 0 0 0 0 0 0 0 0 0 0 0 0 0 0 0
240 1600 0 0 0 0 0 0 0 0 0 0 0 0 0 0 0 0 0 0 0
240 1680 0 0 0 0 0 0 0 0 0 0 0 0 0 0 0 0 0 0 0
240 1760 0 0 0 0 0 0 0 0 0 0 0 0 0 0 0 0 0 0 0
240 1840 0 0 0 0 0 0 0 0 0 0 0 0 0 0 0 0 0 0 0
240 1920 0 0 0 0 0 0 0 0 0 0 0 0 0 0 0 0 0 0 0
240 2000 0 0 0 0 0 0 0 0 0 0 0 0 0 0 0 0 0 0 0
320 160 0 0 0 0 0 0 0 0 0 0 0 0 0 0 0 0 0 0 0
320 240 0 0 0 0 0 0 0 0 0 0 0 0 0 0 0 0 0 0 0
320 320 0 0 0 0 0 0 0 0 0 0 0 0 0 0 0 0 0 0 0
320 400 0 0 0 0 0 0 0 0 0 0 0 0 0 0 0 0 0 0 0
320 480 0 0 0 0 0 0 0 0 0 0 0 0 0 0 0 0 0 0 0
320 560 0 0 0 0 0 0 0 0 0 0 0 0 0 0 0 0 0 0 0
320 640 0 0 0 0 0 0 0 0 0 0 0 0 0 0 0 0 0 0 0
320 720 0 0 0 0 0 0 0 0 0 0 0 0 0 0 0 0 0 0 0
320 800 0 0 0 0 0 0 0 0 0 0 0 0 0 0 0 0 0 0 0
320 880 0 0 0 0 0 0 0 0 0 0 0 0 0 0 0 0 0 0 0
320 960 0 0 0 0 0 0 0 0 0 0 0 0 0 0 0 0 0 0 0
320 1040 0 0 0 0 0 0 0 0 0 0 0 0 0 0 0 0 0 0 0
320 1120 0 0 0 0 0 0 0 0 0 0 0 0 0 0 0 0 0 0 0
320 1200 0 0 0 0 0 0 0 0 0 0 0 0 0 0 0 0 0 0 0
320 1280 0 0 0 0 0 0 0 0 0 0 0 0 0 0 0 0 0 0 0
320 1360 0 0 0 0 0 0 0 0 0 0 0 0 0 0 0 0 0 0 0
320 1440 0 0 0 0 0 0 0 0 0 0 0 0 0 0 0 0 0 0 0
320 1520 0 0 0 0 0 0 0 0 0 0 0 0 0 0 0 0 0 0 0
320 1600 0 0 0 0 0 0 0 0 0 0 0 0 0 0 0 0 0 0 0
320 1680 0 0 0 0 0 0 0 0 0 0 0 0 0 0 0 0 0 0 0
320 1760 0 0 0 0 0 0 0 0 0 0 0 0 0 0 0 0 0 0 0
320 1840 0 0 0 0 0 0 0 0 0 0 0 0 0 0 0 0 0 0 0
320 1920 0 0 0 0 0 0 0 0 0 0 0 0 0 0 0 0 0 0 0
320 2000 0 0 0 0 0 0 0 0 0 0 0 0 0 0 0 0 0 0 0
400 160 0 0 0 0 0 0 0 0 0 0 0 0 0 0 0 0 0 0 0
400 240 0 0 0 0 0 0 0 0 0 0 0 0 0 0 0 0 0 0 0
400 320 0 0 0 0 0 0 0 0 0 0 0 0 0 0 0 0 0 0 0
400 400 650.0 244.813 10000 451.0 193.8022 169.0 92.2942 100.0 40.1887 0 0 0 0 0 0 0 0 4922.0 4922.0
400 480 1112.0 346.8281 10000 754.0 243.6037 235.0 89.8713 154.0 51.4199 0 0 0 0 0 0 0 0 5117.0 5117.0
400 560 1093.0 385.4219 10000 754.0 292.8192 230.0 119.9338 187.0 42.9837 0 0 0 0 0 0 0 0 5132.0 5132.0
400 640 1026.0 297.42 10000 714.0 233.3226 243.0 100.16986 124.0 44.6146 0 0 0 0 0 0 0 0 5144.0 5144.0
400 720 962.0 331.5425 10000 687.0 236.929 238.0 80.5041 134.0 33.361 0 0 0 0 0 0 0 0 5145.0 5145.0
400 800 833.0 286.3418 10000 582.0 205.8332 207.0 78.7435 124.0 39.6907 0 0 0 0 0 0 0 0 5170.0 5170.0
400 880 850.0 335.5202 10000 610.0 269.5884 253.0 145.3637 112.0 27.4363 0 0 0 0 0 0 0 0 5069.0 5069.0
400 960 732.0 309.1868 10000 518.0 234.5713 176.0 115.4003 79.0 26.3958 0 0 0 0 0 0 0 0 4997.0 4997.0
400 1040 767.0 344.8982 10000 542.0 251.9549 173.0 121.5715 99.0 40.132 0 0 0 0 0 0 0 0 5011.0 5011.0
400 1120 620.0 270.4258 10000 453.0 215.2038 173.0 125.8014 85.0 39.2634 0 0 0 0 0 0 0 0 5007.0 5007.0
400 1200 595.0 258.682 10000 431.0 201.1883 139.0 95.4719 85.0 22.0907 0 0 0 0 0 0 0 0 5027.0 5027.0
400 1280 656.0 262.436 10000 468.0 203.522 175.0 91.46603 88.0 42.4649 0 0 0 0 0 0 0 0 5028.0 5028.0
400 1360 631.0 254.3604 10000 460.0 197.3601 167.0 96.4085 78.0 25.0657 0 0 0 0 0 0 0 0 5004.0 5004.0
400 1440 579.0 222.418 10000 425.0 174.7977 144.0 80.6273 66.0 28.0456 0 0 0 0 0 0 0 0 4933.0 4933.0
400 1520 577.0 263.8037 9999 406.0 194.9685 155.0 130.4293 94.0 38.2268 0 0 0 0 0 0 0 0 4846.0 4846.0
400 1600 593.0 231.0593 10000 433.0 173.0127 150.0 72.767 83.0 35.7498 0 0 0 0 0 0 0 0 4970.0 4970.0
400 1680 667.0 293.6175 10000 447.0 225.7934 159.0 88.7043 83.0 36.6558 0 0 0 0 0 0 0 0 4892.0 4892.0
400 1760 629.0 248.0365 10000 453.0 196.9074 159.0 100.505 82.0 29.6342 0 0 0 0 0 0 0 0 4872.0 4872.0
400 1840 642.0 210.826 10000 448.0 162.5638 165.0 82.5685 79.0 20.6737 0 0 0 0 0 0 0 0 4930.0 4930.0
400 1920 627.0 273.3168 10000 441.0 210.5906 149.0 128.9658 91.0 13.799 0 0 0 0 0 0 0 0 4920.0 4920.0
400 2000 610.0 215.1871 10000 411.0 164.9802 147.0 74.9273 75.0 20.0434 0 0 0 0 0 0 0 0 4836.0 4836.0
480 160 0 0 0 0 0 0 0 0 0 0 0 0 0 0 0 0 0 0 0
480 240 0 0 0 0 0 0 0 0 0 0 0 0 0 0 0 0 0 0 0
480 320 0 0 0 0 0 0 0 0 0 0 0 0 0 0 0 0 0 0 0
480 400 1020.0 410.2921 10000 705.0 296.984 191.0 101.1639 150.0 68.1419 0 0 0 0 0 0 0 0 5130.0 5130.0
480 480 1761.0 446.2548 10000 1173.0 309.4634 316.0 132.52 302.0 63.5132 0 0 0 0 0 0 0 0 5335.0 5335.0
480 560 2315.0 463.238 10000 1572.0 349.7452 487.0 131.7317 331.0 80.275 0 0 0 0 0 0 0 0 5533.0 5533.0
480 640 2325.0 490.348 10000 1599.0 348.2012 451.0 101.7344 352.0 39.676 0 0 0 0 0 0 0 0 5573.0 5573.0
480 720 2216.0 401.126 10000 1506.0 302.5672 432.0 108.8426 321.0 60.8094 0 0 0 0 0 0 0 0 5512.0 5512.0
480 800 2083.0 425.7188 10000 1418.0 334.9175 442.0 128.1546 328.0 64.3162 0 0 0 0 0 0 0 0 5451.0 5451.0
480 880 1982.0 480.711 10000 1349.0 381.5695 433.0 150.0623 285.0 46.19 0 0 0 0 0 0 0 0 5552.0 5552.0
480 960 1905.0 375.7774 10000 1291.0 275.6615 395.0 121.5719 277.0 43.8529 0 0 0 0 0 0 0 0 5484.0 5484.0
480 1040 1836.0 410.0226 10000 1238.0 314.9914 385.0 148.8908 249.0 26.8359 0 0 0 0 0 0 0 0 5483.0 5483.0
480 1120 1791.0 356.1249 10000 1235.0 251.5836 400.0 113.3189 274.0 62.3626 0 0 0 0 0 0 0 0 5460.0 5460.0
480 1200 1713.0 378.5815 10000 1178.0 276.7541 369.0 135.9779 272.0 51.6285 0 0 0 0 0 0 0 0 5408.0 5408.0
480 1280 1837.0 395.8401 10000 1238.0 280.4937 368.0 111.3585 269.0 44.7119 0 0 0 0 0 0 0 0 5356.0 5356.0
480 1360 1675.0 415.4703 10000 1151.0 292.2523 376.0 142.907 230.0 37.9554 0 0 0 0 0 0 0 0 5453.0 5453.0
480 1440 1674.0 392.6718 10000 1117.0 276.1895 343.0 123.1403 240.0 48.1893 0 0 0 0 0 0 0 0 5405.0 5405.0
480 1520 1714.0 399.2052 10000 1139.0 312.9855 335.0 159.2629 259.0 46.5673 0 0 0 0 0 0 0 0 5402.0 5402.0
480 1600 1568.0 377.3296 10000 1068.0 261.3813 325.0 106.9215 259.0 41.3286 0 0 0 0 0 0 0 0 5380.0 5380.0
480 1680 1684.0 327.5245 10000 1135.0 247.6069 328.0 99.4893 256.0 43.4683 0 0 0 0 0 0 0 0 5407.0 5407.0
480 1760 1655.0 396.8783 10000 1121.0 278.8666 331.0 107.7561 238.0 46.2858 0 0 0 0 0 0 0 0 5432.0 5432.0
480 1840 1697.0 397.7796 10000 1160.0 301.3627 322.0 148.3175 241.0 28.0094 0 0 0 0 0 0 0 0 5442.0 5442.0
480 1920 1713.0 394.4932 10000 1186.0 320.8867 354.0 137.7771 241.0 48.1909 0 0 0 0 0 0 0 0 5473.0 5473.0
480 2000 1697.0 341.7021 10000 1148.0 250.6544 334.0 103.10032 232.0 34.8521 0 0 0 0 0 0 0 0 5393.0 5393.0
560 160 0 0 0 0 0 0 0 0 0 0 0 0 0 0 0 0 0 0 0
560 240 0 0 0 0 0 0 0 0 0 0 0 0 0 0 0 0 0 0 0
560 320 0 0 0 0 0 0 0 0 0 0 0 0 0 0 0 0 0 0 0
560 400 1116.0 474.6659 10000 762.0 352.7985 235.0 127.9221 153.0 46.9272 0 0 0 0 0 0 0 0 5189.0 5189.0
560 480 2299.0 776.921 10000 1499.0 556.987 400.0 189.8037 345.0 108.903 0 0 0 0 0 0 0 0 5384.0 5384.0
560 560 2624.0 607.358 10000 1746.0 433.8234 515.0 177.3738 373.0 75.686 0 0 0 0 0 0 0 0 5735.0 5735.0
560 640 2847.0 523.563 10000 1944.0 362.1193 607.0 139.0546 412.0 62.273 0 0 0 0 0 0 0 0 5695.0 5695.0
560 720 2929.0 550.892 10000 1995.0 410.7191 649.0 166.2526 410.0 47.464 0 0 0 0 0 0 0 0 5866.0 5866.0
560 800 2802.0 566.918 10000 1888.0 397.4456 583.0 161.0877 445.0 67.235 0 0 0 0 0 0 0 0 5823.0 5823.0
560 880 2650.0 444.6682 10000 1797.0 316.5331 606.0 126.0935 374.0 54.8918 0 0 0 0 0 0 0 0 5788.0 5788.0
560 960 2656.0 466.686 10000 1784.0 343.2287 581.0 131.3016 363.0 59.574 0 0 0 0 0 0 0 0 5854.0 5854.0
560 1040 2639.0 419.0785 10000 1787.0 285.2571 585.0 113.6093 375.0 62.0486 0 0 0 0 0 0 0 0 5770.0 5770.0
560 1120 2581.0 489.0349 10000 1728.0 364.4605 566.0 180.3525 357.0 40.6504 0 0 0 0 0 0 0 0 5824.0 5824.0
560 1200 2592.0 517.264 10000 1778.0 384.6831 562.0 178.6559 345.0 72.095 0 0 0 0 0 0 0 0 5871.0 5871.0
560 1280 2479.0 449.3068 10000 1708.0 328.7629 579.0 135.5078 356.0 63.0182 0 0 0 0 0 0 0 0 5841.0 5841.0
560 1360 2552.0 439.2661 10000 1816.0 325.5384 589.0 119.2906 323.0 53.9859 0 0 0 0 0 0 0 0 5935.0 5935.0
560 1440 2475.0 519.093 10000 1690.0 391.4353 528.0 174.7668 359.0 49.421 0 0 0 0 0 0 0 0 5888.0 5888.0
560 1520 2467.0 515.419 10000 1676.0 391.4944 551.0 191.5883 323.0 76.648 0 0 0 0 0 0 0 0 5931.0 5931.0
560 1600 2409.0 482.062 10000 1623.0 363.8664 547.0 146.0382 345.0 44.113 0 0 0 0 0 0 0 0 5840.0 5840.0
560 1680 2429.0 490.064 10000 1650.0 351.8679 529.0 178.2953 366.0 59.307 0 0 0 0 0 0 0 0 5764.0 5764.0
560 1760 2415.0 414.7817 10000 1661.0 311.6846 546.0 120.207 334.0 53.9073 0 0 0 0 0 0 0 0 5825.0 5825.0
560 1840 2488.0 512.022 10000 1742.0 394.667 543.0 153.1094 347.0 64.005 0 0 0 0 0 0 0 0 5945.0 5945.0
560 1920 2490.0 529.183 10000 1726.0 401.1833 592.0 195.3217 307.0 39.09 0 0 0 0 0 0 0 0 5927.0 5927.0
560 2000 2488.0 541.696 10000 1704.0 393.105 559.0 170.8579 353.0 61.508 0 0 0 0 0 0 0 0 5901.0 5901.0
640 160 0 0 0 0 0 0 0 0 0 0 0 0 0 0 0 0 0 0 0
640 240 0 0 0 0 0 0 0 0 0 0 0 0 0 0 0 0 0 0 0
640 320 0 0 0 0 0 0 0 0 0 0 0 0 0 0 0 0 0 0 0
640 400 1184.0 502.352 10000 829.0 350.1153 297.0 144.6463 146.0 45.936 0 0 0 0 0 0 0 0 5399.0 5399.0
640 480 2517.0 817.992 10000 1637.0 602.037 474.0 218.0241 435.0 114.18 0 0 0 0 0 0 0 0 5436.0 5436.0
640 560 3118.0 970.487 10000 2038.0 690.41 537.0 250.3345 496.0 110.401 0 0 0 0 0 0 0 0 5552.0 5552.0
640 640 2967.0 643.845 10000 2069.0 478.8014 693.0 202.9314 404.0 95.024 0 0 0 0 0 0 0 0 6016.0 6016.0
640 720 3337.0 575.55 10000 2325.0 429.406 802.0 170.783 400.0 103.184 0 0 0 0 0 0 0 0 6095.0 6095.0
640 800 3186.0 635.566 10000 2205.0 475.082 805.0 213.7783 426.0 60.164 0 0 0 0 0 0 0 0 6064.0 6064.0
640 880 3186.0 597.093 10000 2243.0 451.169 841.0 212.7627 402.0 80.835 0 0 0 0 0 0 0 0 6157.0 6157.0
640 960 3245.0 570.05 10000 2294.0 387.973 863.0 181.5999 409.0 87.892 0 0 0 0 0 0 0 0 6119.0 6119.0
640 1040 3005.0 628.086 10000 2136.0 465.789 832.0 212.4797 389.0 67.6 0 0 0 0 0 0 0 0 6203.0 6203.0
640 1120 2977.0 538.928 10000 2054.0 404.105 794.0 166.2138 369.0 87.08 0 0 0 0 0 0 0 0 6121.0 6121.0
640 1200 3060.0 611.884 10000 2163.0 420.1426 816.0 183.3551 348.0 68.695 0 0 0 0 0 0 0 0 6201.0 6201.0
640 1280 2950.0 548.32 10000 2069.0 394.341 813.0 167.6808 350.0 48.713 0 0 0 0 0 0 0 0 6191.0 6191.0
640 1360 2881.0 496.905 10000 2045.0 363.4873 767.0 164.2749 384.0 54.897 0 0 0 0 0 0 0 0 6185.0 6185.0
640 1440 2878.0 530.029 10000 2038.0 380.0283 740.0 179.6483 370.0 64.2 0 0 0 0 0 0 0 0 6257.0 6257.0
640 1520 2944.0 506.949 10000 2041.0 377.5977 761.0 181.5627 380.0 54.742 0 0 0 0 0 0 0 0 6203.0 6203.0
640 1600 2942.0 556.205 10000 2062.0 419.1109 795.0 164.1972 371.0 87.724 0 0 0 0 0 0 0 0 6142.0 6142.0
640 1680 2879.0 528.589 10000 2023.0 392.9939 734.0 176.8076 374.0 47.515 0 0 0 0 0 0 0 0 6218.0 6218.0
640 1760 2924.0 562.3 10000 2072.0 401.6024 774.0 178.6182 379.0 67.519 0 0 0 0 0 0 0 0 6270.0 6270.0
640 1840 2975.0 568.534 10000 2071.0 423.7661 795.0 218.6902 350.0 62.402 0 0 0 0 0 0 0 0 6166.0 6166.0
640 1920 2999.0 561.71 10000 2134.0 415.9826 785.0 214.4893 347.0 63.983 0 0 0 0 0 0 0 0 6269.0 6269.0
640 2000 2907.0 540.874 10000 2050.0 390.4181 769.0 187.9829 391.0 69.893 0 0 0 0 0 0 0 0 6212.0 6212.0
720 160 0 0 0 0 0 0 0 0 0 0 0 0 0 0 0 0 0 0 0
720 240 0 0 0 0 0 0 0 0 0 0 0 0 0 0 0 0 0 0 0
720 320 0 0 0 0 0 0 0 0 0 0 0 0 0 0 0 0 0 0 0
720 400 1050.0 401.8532 10000 716.0 295.8027 233.0 116.8179 147.0 64.9018 0 0 0 0 0 0 0 0 5113.0 5113.0
720 480 2413.0 832.896 10000 1625.0 589.749 464.0 191.1334 394.0 121.537 0 0 0 0 0 0 0 0 5427.0 5427.0
720 560 3276.0 951.686 10000 2189.0 663.027 592.0 233.3327 459.0 98.934 0 0 0 0 0 0 0 0 5654.0 5654.0
720 640 3608.0 991.841 10000 2409.0 704.974 698.0 266.5673 547.0 159.248 0 0 0 0 0 0 0 0 5728.0 5728.0
720 720 3321.0 694.191 10000 2433.0 522.755 952.0 221.4158 355.0 73.721 0 0 0 0 0 0 0 0 6405.0 6405.0
720 800 3538.0 705.06 10000 2623.0 512.162 1081.0 240.8051 403.0 79.811 0 0 0 0 0 0 0 0 6480.0 6480.0
720 880 3468.0 664.473 10000 2540.0 465.811 1063.0 195.2571 393.0 72.959 0 0 0 0 0 0 0 0 6544.0 6544.0
720 960 3499.0 710.282 10000 2550.0 523.006 1088.0 227.9954 367.0 72.971 0 0 0 0 0 0 0 0 6499.0 6499.0
720 1040 3393.0 671.729 10000 2481.0 474.206 1043.0 196.3478 392.0 88.158 0 0 0 0 0 0 0 0 6542.0 6542.0
720 1120 3232.0 621.495 10000 2343.0 467.235 1030.0 212.2811 362.0 66.553 0 0 0 0 0 0 0 0 6523.0 6523.0
720 1200 3351.0 654.446 10000 2462.0 481.6251 1077.0 262.5236 393.0 78.019 0 0 0 0 0 0 0 0 6489.0 6489.0
720 1280 3174.0 636.994 10000 2332.0 451.0774 972.0 229.8868 380.0 69.198 0 0 0 0 0 0 0 0 6539.0 6539.0
720 1360 3222.0 596.055 10000 2365.0 414.7583 1056.0 174.1939 373.0 87.601 0 0 0 0 0 0 0 0 6552.0 6552.0
720 1440 3221.0 620.419 10000 2403.0 437.749 990.0 197.367 363.0 80.864 0 0 0 0 0 0 0 0 6587.0 6587.0
720 1520 3238.0 671.4 10000 2352.0 469.1876 974.0 215.9544 368.0 69.35 0 0 0 0 0 0 0 0 6465.0 6465.0
720 1600 3227.0 693.316 10000 2368.0 574.88 1002.0 296.0436 361.0 60.021 0 0 0 0 0 0 0 0 6570.0 6570.0
720 1680 3147.0 651.252 10000 2314.0 470.3275 1039.0 216.4007 370.0 61.982 0 0 0 0 0 0 0 0 6594.0 6594.0
720 1760 3213.0 612.586 10000 2344.0 471.493 990.0 198.1851 356.0 71.394 0 0 0 0 0 0 0 0 6499.0 6499.0
720 1840 3186.0 639.693 10000 2313.0 485.7987 1027.0 204.6094 380.0 58.292 0 0 0 0 0 0 0 0 6531.0 6531.0
720 1920 3196.0 692.823 10000 2337.0 527.858 1015.0 248.8491 344.0 81.015 0 0 0 0 0 0 0 0 6537.0 6537.0
720 2000 3208.0 680.687 10000 2384.0 508.431 1058.0 231.2896 372.0 79.996 0 0 0 0 0 0 0 0 6602.0 6602.0
800 160 0 0 0 0 0 0 0 0 0 0 0 0 0 0 0 0 0 0 0
800 240 0 0 0 0 0 0 0 0 0 0 0 0 0 0 0 0 0 0 0
800 320 0 0 0 0 0 0 0 0 0 0 0 0 0 0 0 0 0 0 0
800 400 1000.0 390.0127 10000 711.0 286.018 248.0 109.3176 134.0 44.5065 0 0 0 0 0 0 0 0 5178.0 5178.0
800 480 2414.0 770.464 10000 1648.0 565.561 470.0 179.8389 342.0 110.009 0 0 0 0 0 0 0 0 5566.0 5566.0
800 560 3222.0 903.903 10000 2130.0 657.502 610.0 211.8323 512.0 136.435 0 0 0 0 0 0 0 0 5616.0 5616.0
800 640 3631.0 1028.151 10000 2530.0 754.67 780.0 252.4995 501.0 107.509 0 0 0 0 0 0 0 0 5925.0 5925.0
800 720 3817.0 1126.85 10000 2588.0 814.84 862.0 316.0971 523.0 146.376 0 0 0 0 0 0 0 0 5947.0 5947.0
800 800 3564.0 800.047 10000 2687.0 615.5 1277.0 281.8459 335.0 72.881 0 0 0 0 0 0 0 0 6772.0 6772.0
800 880 3753.0 868.797 10000 2841.0 645.403 1360.0 291.8453 321.0 104.468 0 0 0 0 0 0 0 0 6862.0 6862.0
800 960 3689.0 693.819 10000 2795.0 531.913 1348.0 233.8873 378.0 85.743 0 0 0 0 0 0 0 0 6911.0 6911.0
800 1040 3572.0 829.139 10000 2702.0 644.238 1315.0 291.4979 321.0 59.137 0 0 0 0 0 0 0 0 6966.0 6966.0
800 1120 3461.0 756.163 10000 2613.0 567.861 1249.0 265.3058 305.0 97.083 0 0 0 0 0 0 0 0 6868.0 6868.0
800 1200 3492.0 734.828 10000 2658.0 538.588 1300.0 258.0969 299.0 64.417 0 0 0 0 0 0 0 0 6905.0 6905.0
800 1280 3441.0 657.344 10000 2628.0 469.971 1307.0 262.7045 329.0 68.785 0 0 0 0 0 0 0 0 6910.0 6910.0
800 1360 3403.0 675.683 10000 2603.0 525.6915 1253.0 276.5951 385.0 96.024 0 0 0 0 0 0 0 0 6853.0 6853.0
800 1440 3438.0 733.394 10000 2607.0 533.967 1250.0 287.5028 319.0 88.599 0 0 0 0 0 0 0 0 6855.0 6855.0
800 1520 3362.0 657.93 10000 2553.0 465.997 1253.0 236.0307 367.0 86.543 0 0 0 0 0 0 0 0 6875.0 6875.0
800 1600 3395.0 769.957 10000 2589.0 575.112 1218.0 283.4681 336.0 92.605 0 0 0 0 0 0 0 0 6855.0 6855.0
800 1680 3405.0 616.858 10000 2626.0 463.895 1225.0 280.6431 295.0 83.326 0 0 0 0 0 0 0 0 6961.0 6961.0
800 1760 3330.0 762.949 10000 2537.0 587.408 1211.0 268.416 323.0 97.533 0 0 0 0 0 0 0 0 6993.0 6993.0
800 1840 3345.0 767.097 10000 2507.0 534.0477 1217.0 275.011 309.0 73.802 0 0 0 0 0 0 0 0 6882.0 6882.0
800 1920 3364.0 666.225 10000 2574.0 488.711 1247.0 253.0237 332.0 86.963 0 0 0 0 0 0 0 0 6853.0 6853.0
800 2000 3390.0 651.174 10000 2570.0 492.868 1258.0 220.7155 328.0 67.203 0 0 0 0 0 0 0 0 6879.0 6879.0
880 160 0 0 0 0 0 0 0 0 0 0 0 0 0 0 0 0 0 0 0
880 240 0 0 0 0 0 0 0 0 0 0 0 0 0 0 0 0 0 0 0
880 320 0 0 0 0 0 0 0 0 0 0 0 0 0 0 0 0 0 0 0
880 400 922.0 420.2418 10000 650.0 309.7029 250.0 135.8386 133.0 45.2692 0 0 0 0 0 0 0 0 5223.0 5223.0
880 480 2408.0 833.862 10000 1586.0 606.071 504.0 213.6867 360.0 103.313 0 0 0 0 0 0 0 0 5481.0 5481.0
880 560 3247.0 934.479 10000 2163.0 641.403 630.0 229.6235 469.0 131.73 0 0 0 0 0 0 0 0 5648.0 5648.0
880 640 3627.0 1048.446 10000 2493.0 761.585 761.0 288.8411 548.0 127.178 0 0 0 0 0 0 0 0 5832.0 5832.0
880 720 3822.0 1110.803 10000 2656.0 785.007 898.0 300.0477 517.0 144.451 0 0 0 0 0 0 0 0 6040.0 6040.0
880 800 3803.0 1243.934 10000 2721.0 881.885 1024.0 364.4263 477.0 160.476 0 0 0 0 0 0 0 0 6313.0 6313.0
880 880 3583.0 916.185 10000 2833.0 681.032 1427.0 356.642 335.0 113.658 0 0 0 0 0 0 0 0 7150.0 7150.0
880 960 3713.0 939.046 10000 2899.0 712.454 1494.0 340.8574 308.0 101.727 0 0 0 0 0 0 0 0 7161.0 7161.0
880 1040 3716.0 982.544 10000 2893.0 750.045 1509.0 430.8049 308.0 122.226 0 0 0 0 0 0 0 0 7199.0 7199.0
880 1120 3617.0 746.713 10000 2790.0 554.8534 1478.0 288.5007 291.0 73.807 0 0 0 0 0 0 0 0 7078.0 7078.0
880 1200 3587.0 856.618 10000 2783.0 634.641 1434.0 348.7368 307.0 86.108 0 0 0 0 0 0 0 0 7143.0 7143.0
880 1280 3525.0 840.401 10000 2762.0 671.204 1414.0 315.2773 331.0 70.791 0 0 0 0 0 0 0 0 7206.0 7206.0
880 1360 3569.0 822.629 10000 2842.0 651.615 1542.0 368.615 268.0 88.965 0 0 0 0 0 0 0 0 7247.0 7247.0
880 1440 3415.0 762.067 10000 2684.0 570.444 1446.0 294.5318 330.0 77.998 0 0 0 0 0 0 0 0 7208.0 7208.0
880 1520 3452.0 848.229 10000 2701.0 614.943 1415.0 334.6617 297.0 101.616 0 0 0 0 0 0 0 0 7168.0 7168.0
880 1600 3578.0 794.267 10000 2825.0 580.556 1480.0 312.2944 294.0 100.668 0 0 0 0 0 0 0 0 7232.0 7232.0
880 1680 3497.0 776.202 10000 2786.0 599.957 1467.0 331.4684 286.0 82.629 0 0 0 0 0 0 0 0 7234.0 7234.0
880 1760 3566.0 777.015 10000 2799.0 592.011 1488.0 282.2703 312.0 94.074 0 0 0 0 0 0 0 0 7142.0 7142.0
880 1840 3578.0 786.121 10000 2798.0 598.422 1518.0 316.2303 296.0 71.122 0 0 0 0 0 0 0 0 7183.0 7183.0
880 1920 3421.0 782.051 10000 2678.0 634.415 1476.0 313.5491 291.0 100.176 0 0 0 0 0 0 0 0 7192.0 7192.0
880 2000 3520.0 871.915 10000 2779.0 658.815 1466.0 368.2163 320.0 66.791 0 0 0 0 0 0 0 0 7226.0 7226.0
960 160 0 0 0 0 0 0 0 0 0 0 0 0 0 0 0 0 0 0 0
960 240 0 0 0 0 0 0 0 0 0 0 0 0 0 0 0 0 0 0 0
960 320 0 0 0 0 0 0 0 0 0 0 0 0 0 0 0 0 0 0 0
960 400 887.0 421.8455 10000 659.0 293.1659 223.0 136.4274 107.0 55.0715 0 0 0 0 0 0 0 0 5181.0 5181.0
960 480 2229.0 778.727 10000 1523.0 543.498 464.0 187.5319 328.0 99.698 0 0 0 0 0 0 0 0 5561.0 5561.0
960 560 3141.0 822.276 10000 2090.0 562.17 605.0 191.1724 498.0 119.526 0 0 0 0 0 0 0 0 5683.0 5683.0
960 640 3599.0 974.007 10000 2424.0 707.343 763.0 244.3427 515.0 153.613 0 0 0 0 0 0 0 0 5830.0 5830.0
960 720 3849.0 1090.893 10000 2658.0 758.003 934.0 310.4796 520.0 154.964 0 0 0 0 0 0 0 0 6083.0 6083.0
960 800 3982.0 1241.291 10000 2790.0 924.224 1047.0 371.8634 485.0 143.758 0 0 0 0 0 0 0 0 6231.0 6231.0
960 880 3929.0 1310.435 10000 2839.0 916.18 1215.0 397.5991 452.0 141.511 0 0 0 0 0 0 0 0 6421.0 6421.0
960 960 3635.0 1053.411 10000 2885.0 810.517 1585.0 462.963 306.0 129.95 0 0 0 0 0 0 0 0 7419.0 7419.0
960 1040 3776.0 1058.078 10000 3033.0 779.133 1706.0 439.3711 288.0 66.803 0 0 0 0 0 0 0 0 7404.0 7404.0
960 1120 3758.0 977.142 10000 3048.0 741.103 1712.0 366.6174 278.0 115.66 0 0 0 0 0 0 0 0 7488.0 7488.0
960 1200 3683.0 978.758 10000 2945.0 783.283 1649.0 389.7542 285.0 86.775 0 0 0 0 0 0 0 0 7387.0 7387.0
960 1280 3620.0 971.459 10000 2951.0 787.522 1717.0 409.3367 280.0 83.124 0 0 0 0 0 0 0 0 7481.0 7481.0
960 1360 3641.0 866.038 10000 2949.0 647.816 1681.0 329.3231 277.0 69.3 0 0 0 0 0 0 0 0 7504.0 7504.0
960 1440 3571.0 850.499 10000 2884.0 654.838 1623.0 336.9883 271.0 82.804 0 0 0 0 0 0 0 0 7502.0 7502.0
960 1520 3574.0 1004.457 10000 2869.0 782.641 1702.0 416.3821 246.0 71.407 0 0 0 0 0 0 0 0 7496.0 7496.0
960 1600 3626.0 894.842 10000 2944.0 715.131 1727.0 403.5364 292.0 56.491 0 0 0 0 0 0 0 0 7438.0 7438.0
960 1680 3560.0 909.516 10000 2866.0 693.748 1639.0 350.1386 273.0 121.446 0 0 0 0 0 0 0 0 7446.0 7446.0
960 1760 3590.0 886.27 10000 2930.0 694.172 1669.0 354.639 278.0 134.408 0 0 0 0 0 0 0 0 7504.0 7504.0
960 1840 3596.0 916.85 10000 2888.0 709.598 1623.0 396.1452 294.0 68.59 0 0 0 0 0 0 0 0 7412.0 7412.0
960 1920 3522.0 843.936 10000 2847.0 664.145 1674.0 361.2965 286.0 113.076 0 0 0 0 0 0 0 0 7452.0 7452.0
960 2000 3666.0 882.541 10000 2959.0 685.151 1660.0 307.8717 243.0 93.933 0 0 0 0 0 0 0 0 7490.0 7490.0
1040 160 0 0 0 0 0 0 0 0 0 0 0 0 0 0 0 0 0 0 0
1040 240 0 0 0 0 0 0 0 0 0 0 0 0 0 0 0 0 0 0 0
1040 320 0 0 0 0 0 0 0 0 0 0 0 0 0 0 0 0 0 0 0
1040 400 832.0 322.9435 10000 595.0 223.4578 208.0 88.2804 114.0 45.5469 0 0 0 0 0 0 0 0 5099.0 5099.0
1040 480 2216.0 715.236 10000 1540.0 506.1 442.0 173.0061 299.0 109.435 0 0 0 0 0 0 0 0 5453.0 5453.0
1040 560 3126.0 904.706 10000 2104.0 629.412 647.0 216.0712 442.0 122.788 0 0 0 0 0 0 0 0 5766.0 5766.0
1040 640 3555.0 966.713 10000 2445.0 704.863 782.0 235.8251 559.0 122.932 0 0 0 0 0 0 0 0 5946.0 5946.0
1040 720 3865.0 1058.267 10000 2654.0 733.11 916.0 256.6452 508.0 131.309 0 0 0 0 0 0 0 0 6079.0 6079.0
1040 800 3929.0 1096.808 10000 2819.0 784.022 1088.0 308.0944 463.0 128.063 0 0 0 0 0 0 0 0 6280.0 6280.0
1040 880 3930.0 1220.16 10000 2920.0 882.914 1222.0 371.118 423.0 147.479 0 0 0 0 0 0 0 0 6590.0 6590.0
1040 960 4069.0 1484.074 10000 3046.0 1088.923 1387.0 482.4 412.0 182.717 0 0 0 0 0 0 0 0 6781.0 6781.0
1040 1040 3784.0 1288.176 10000 3097.0 1022.251 1901.0 539.73 256.0 108.342 0 0 0 0 0 0 0 0 7611.0 7611.0
1040 1120 3847.0 1180.92 10000 3168.0 914.904 1880.0 445.626 283.0 108.003 0 0 0 0 0 0 0 0 7643.0 7643.0
1040 1200 3789.0 1265.057 10000 3145.0 1009.667 1944.0 530.273 251.0 147.347 0 0 0 0 0 0 0 0 7724.0 7724.0
1040 1280 3658.0 1135.147 10000 3069.0 940.78 1897.0 509.602 228.0 93.397 0 0 0 0 0 0 0 0 7719.0 7719.0
1040 1360 3720.0 1000.737 10000 3007.0 799.164 1821.0 512.497 263.0 99.103 0 0 0 0 0 0 0 0 7593.0 7593.0
1040 1440 3705.0 1186.46 10000 3055.0 897.476 1895.0 485.889 235.0 111.359 0 0 0 0 0 0 0 0 7712.0 7712.0
1040 1520 3709.0 1016.542 10000 3072.0 801.422 1887.0 485.4172 240.0 66.353 0 0 0 0 0 0 0 0 7714.0 7714.0
1040 1600 3612.0 1128.048 10000 2939.0 849.763 1842.0 496.573 272.0 112.897 0 0 0 0 0 0 0 0 7638.0 7638.0
1040 1680 3677.0 1045.603 10000 3053.0 820.086 1900.0 488.3378 238.0 88.137 0 0 0 0 0 0 0 0 7687.0 7687.0
1040 1760 3606.0 1060.921 10000 3000.0 803.989 1834.0 467.1777 234.0 106.334 0 0 0 0 0 0 0 0 7690.0 7690.0
1040 1840 3639.0 1079.018 10000 3008.0 905.224 1846.0 564.843 235.0 83.78 0 0 0 0 0 0 0 0 7718.0 7718.0
1040 1920 3576.0 1113.449 10000 2940.0 872.381 1769.0 464.664 233.0 108.15 0 0 0 0 0 0 0 0 7675.0 7675.0
1040 2000 3649.0 1034.873 10000 3007.0 824.533 1826.0 489.8364 253.0 60.127 0 0 0 0 0 0 0 0 7633.0 7633.0
1120 160 0 0 0 0 0 0 0 0 0 0 0 0 0 0 0 0 0 0 0
1120 240 0 0 0 0 0 0 0 0 0 0 0 0 0 0 0 0 0 0 0
1120 320 0 0 0 0 0 0 0 0 0 0 0 0 0 0 0 0 0 0 0
1120 400 783.0 318.7647 10000 568.0 233.4371 217.0 91.9011 105.0 41.9668 0 0 0 0 0 0 0 0 5080.0 5080.0
1120 480 2067.0 726.184 10000 1453.0 524.326 392.0 184.252 288.0 124.88 0 0 0 0 0 0 0 0 5424.0 5424.0
1120 560 3048.0 912.335 10000 2009.0 643.229 595.0 234.0168 461.0 113.36 0 0 0 0 0 0 0 0 5655.0 5655.0
1120 640 3706.0 953.798 10000 2510.0 682.014 812.0 228.3755 504.0 121.576 0 0 0 0 0 0 0 0 5932.0 5932.0
1120 720 3885.0 1075.731 10000 2764.0 753.869 988.0 314.9054 535.0 173.083 0 0 0 0 0 0 0 0 6224.0 6224.0
1120 800 4051.0 1173.113 10000 2877.0 863.386 1083.0 353.774 452.0 137.239 0 0 0 0 0 0 0 0 6365.0 6365.0
1120 880 3942.0 1312.269 10000 2836.0 932.949 1219.0 416.6849 450.0 152.199 0 0 0 0 0 0 0 0 6461.0 6461.0
1120 960 3940.0 1486.858 10000 2973.0 1089.919 1376.0 490.219 423.0 177.557 0 0 0 0 0 0 0 0 6780.0 6780.0
1120 1040 4045.0 1617.318 10000 3070.0 1176.887 1463.0 531.678 385.0 193.104 0 0 0 0 0 0 0 0 6940.0 6940.0
1120 1120 3764.0 1307.198 10000 3118.0 1035.571 1967.0 584.682 277.0 138.609 0 0 0 0 0 0 0 0 7771.0 7771.0
1120 1200 3736.0 1359.127 10000 3138.0 1112.878 2018.0 697.666 231.0 133.829 0 0 0 0 0 0 0 0 7867.0 7867.0
1120 1280 3871.0 1269.521 10000 3297.0 1044.258 2102.0 662.533 214.0 142.306 0 0 0 0 0 0 0 0 7886.0 7886.0
1120 1360 3752.0 1253.97 10000 3146.0 975.382 2032.0 582.386 236.0 73.711 0 0 0 0 0 0 0 0 7847.0 7847.0
1120 1440 3639.0 1263.355 10000 3051.0 1016.595 1953.0 584.609 202.0 75.766 0 0 0 0 0 0 0 0 7901.0 7901.0
1120 1520 3769.0 1276.628 10000 3194.0 1019.599 2101.0 583.679 219.0 105.012 0 0 0 0 0 0 0 0 7894.0 7894.0
1120 1600 3747.0 1328.849 10000 3111.0 991.577 2027.0 535.386 227.0 65.907 0 0 0 0 0 0 0 0 7876.0 7876.0
1120 1680 3626.0 1316.701 10000 3064.0 970.228 1964.0 521.202 229.0 216.79 0 0 0 0 0 0 0 0 7898.0 7898.0
1120 1760 3647.0 1355.967 10000 3048.0 1083.469 1939.0 638.353 241.0 91.985 0 0 0 0 0 0 0 0 7854.0 7854.0
1120 1840 3651.0 1250.156 10000 3087.0 1054.366 2002.0 584.526 223.0 140.633 0 0 0 0 0 0 0 0 7964.0 7964.0
1120 1920 3667.0 1196.245 10000 3094.0 976.349 2002.0 608.448 236.0 92.239 0 0 0 0 0 0 0 0 7875.0 7875.0
1120 2000 3753.0 1075.007 10000 3182.0 888.547 2028.0 551.705 233.0 119.124 0 0 0 0 0 0 0 0 7880.0 7880.0
1200 160 0 0 0 0 0 0 0 0 0 0 0 0 0 0 0 0 0 0 0
1200 240 0 0 0 0 0 0 0 0 0 0 0 0 0 0 0 0 0 0 0
1200 320 0 0 0 0 0 0 0 0 0 0 0 0 0 0 0 0 0 0 0
1200 400 766.0 336.4345 10000 552.0 235.9566 182.0 70.7734 90.0 34.4477 0 0 0 0 0 0 0 0 5065.0 5065.0
1200 480 2055.0 689.173 10000 1390.0 482.511 398.0 173.4999 299.0 75.246 0 0 0 0 0 0 0 0 5444.0 5444.0
1200 560 2977.0 863.498 10000 2025.0 622.64 563.0 205.4459 435.0 114.566 0 0 0 0 0 0 0 0 5694.0 5694.0
1200 640 3607.0 978.044 10000 2469.0 688.644 751.0 253.5885 523.0 110.571 0 0 0 0 0 0 0 0 5847.0 5847.0
1200 720 3737.0 1068.497 10000 2625.0 763.439 893.0 326.7616 526.0 126.599 0 0 0 0 0 0 0 0 6117.0 6117.0
1200 800 3949.0 1206.987 10000 2792.0 860.815 1077.0 345.3033 503.0 134.938 0 0 0 0 0 0 0 0 6322.0 6322.0
1200 880 3894.0 1247.382 10000 2835.0 912.57 1226.0 384.5686 435.0 156.669 0 0 0 0 0 0 0 0 6605.0 6605.0
1200 960 3956.0 1296.65 10000 2959.0 962.549 1335.0 401.1542 393.0 226.894 0 0 0 0 0 0 0 0 6811.0 6811.0
1200 1040 4025.0 1419.546 10000 3052.0 1009.372 1455.0 449.7606 377.0 165.261 0 0 0 0 0 0 0 0 6908.0 6908.0
1200 1120 4123.0 1776.253 10000 3243.0 1312.432 1749.0 654.291 368.0 188.738 0 0 0 0 0 0 0 0 7144.0 7144.0
1200 1200 3735.0 1511.51 10000 3190.0 1171.401 2091.0 674.706 207.0 101.872 0 0 0 0 0 0 0 0 8035.0 8035.0
1200 1280 3886.0 1564.67 10000 3329.0 1271.804 2204.0 783.011 227.0 133.97 0 0 0 0 0 0 0 0 8047.0 8047.0
1200 1360 3783.0 1383.73 10000 3233.0 1136.562 2209.0 742.704 197.0 90.355 0 0 0 0 0 0 0 0 8097.0 8097.0
1200 1440 3718.0 1540.753 10000 3162.0 1228.873 2087.0 770.918 224.0 111.121 0 0 0 0 0 0 0 0 8039.0 8039.0
1200 1520 3642.0 1394.723 10000 3144.0 1090.743 2111.0 639.052 212.0 54.464 0 0 0 0 0 0 0 0 8124.0 8124.0
1200 1600 3705.0 1389.176 10000 3189.0 1139.397 2143.0 744.931 227.0 148.415 0 0 0 0 0 0 0 0 8098.0 8098.0
1200 1680 3798.0 1509.264 10000 3243.0 1187.493 2157.0 654.113 217.0 109.666 0 0 0 0 0 0 0 0 8071.0 8071.0
1200 1760 3685.0 1393.054 10000 3146.0 1152.852 2147.0 671.051 207.0 115.288 0 0 0 0 0 0 0 0 8066.0 8066.0
1200 1840 3677.0 1430.528 10000 3171.0 1212.505 2161.0 760.783 186.0 77.094 0 0 0 0 0 0 0 0 8101.0 8101.0
1200 1920 3731.0 1347.961 10000 3189.0 1120.592 2153.0 661.429 203.0 109.707 0 0 0 0 0 0 0 0 8038.0 8038.0
1200 2000 3722.0 1257.416 10000 3166.0 1039.216 2110.0 610.19 207.0 119.215 0 0 0 0 0 0 0 0 8029.0 8029.0
1280 160 0 0 0 0 0 0 0 0 0 0 0 0 0 0 0 0 0 0 0
1280 240 0 0 0 0 0 0 0 0 0 0 0 0 0 0 0 0 0 0 0
1280 320 0 0 0 0 0 0 0 0 0 0 0 0 0 0 0 0 0 0 0
1280 400 733.0 312.1985 10000 507.0 225.7199 170.0 89.107 104.0 45.9521 0 0 0 0 0 0 0 0 5020.0 5020.0
1280 480 2006.0 581.541 10000 1378.0 426.8562 399.0 141.8639 318.0 103.502 0 0 0 0 0 0 0 0 5473.0 5473.0
1280 560 2923.0 785.53 10000 1948.0 552.019 559.0 178.9738 440.0 105.939 0 0 0 0 0 0 0 0 5580.0 5580.0
1280 640 3547.0 996.194 10000 2373.0 710.184 755.0 257.9862 500.0 130.338 0 0 0 0 0 0 0 0 5859.0 5859.0
1280 720 3768.0 1016.844 10000 2597.0 727.701 951.0 267.8733 511.0 126.366 0 0 0 0 0 0 0 0 6116.0 6116.0
1280 800 3893.0 1114.896 10000 2771.0 787.421 1125.0 337.1385 476.0 173.077 0 0 0 0 0 0 0 0 6334.0 6334.0
1280 880 3930.0 1262.348 10000 2870.0 901.668 1213.0 366.1749 485.0 146.69 0 0 0 0 0 0 0 0 6483.0 6483.0
1280 960 3922.0 1413.517 10000 2970.0 1005.829 1379.0 431.7114 439.0 216.983 0 0 0 0 0 0 0 0 6839.0 6839.0
1280 1040 3989.0 1596.23 10000 3010.0 1147.822 1428.0 522.764 361.0 199.28 0 0 0 0 0 0 0 0 6956.0 6956.0
1280 1120 3956.0 1699.452 10000 3100.0 1259.562 1556.0 549.739 375.0 203.951 0 0 0 0 0 0 0 0 7160.0 7160.0
1280 1200 4127.0 1938.003 10000 3266.0 1506.203 1796.0 737.033 334.0 192.521 0 0 0 0 0 0 0 0 7432.0 7432.0
1280 1280 3823.0 1546.024 10000 3291.0 1304.681 2294.0 777.694 197.0 108.156 0 0 0 0 0 0 0 0 8132.0 8132.0
1280 1360 3835.0 1763.286 10000 3310.0 1462.565 2302.0 928.937 169.0 121.531 0 0 0 0 0 0 0 0 8261.0 8261.0
1280 1440 3755.0 1534.144 10000 3254.0 1256.066 2212.0 775.332 206.0 143.369 0 0 0 0 0 0 0 0 8124.0 8124.0
1280 1520 3680.0 1670.996 10000 3192.0 1373.895 2233.0 831.604 173.0 95.51 0 0 0 0 0 0 0 0 8291.0 8291.0
1280 1600 3726.0 1473.845 10000 3277.0 1217.607 2349.0 821.897 203.0 122.56 0 0 0 0 0 0 0 0 8188.0 8188.0
1280 1680 3774.0 1461.988 10000 3291.0 1241.435 2321.0 695.446 224.0 102.735 0 0 0 0 0 0 0 0 8206.0 8206.0
1280 1760 3685.0 1596.747 10000 3207.0 1289.883 2243.0 870.388 221.0 156.171 0 0 0 0 0 0 0 0 8166.0 8166.0
1280 1840 3727.0 1611.85 10000 3240.0 1334.357 2323.0 865.994 176.0 105.853 0 0 0 0 0 0 0 0 8269.0 8269.0
1280 1920 3736.0 1522.471 10000 3250.0 1259.67 2295.0 854.089 194.0 111.496 0 0 0 0 0 0 0 0 8260.0 8260.0
1280 2000 3765.0 1653.952 10000 3307.0 1346.164 2336.0 911.33 176.0 108.159 0 0 0 0 0 0 0 0 8275.0 8275.0
1360 160 0 0 0 0 0 0 0 0 0 0 0 0 0 0 0 0 0 0 0
1360 240 0 0 0 0 0 0 0 0 0 0 0 0 0 0 0 0 0 0 0
1360 320 0 0 0 0 0 0 0 0 0 0 0 0 0 0 0 0 0 0 0
1360 400 736.0 287.8868 10000 538.0 210.2807 183.0 79.1893 93.0 44.7553 0 0 0 0 0 0 0 0 5066.0 5066.0
1360 480 2012.0 655.985 10000 1328.0 455.623 349.0 152.2489 279.0 80.695 0 0 0 0 0 0 0 0 5336.0 5336.0
1360 560 2954.0 810.712 10000 2000.0 564.377 551.0 189.0147 453.0 111.467 0 0 0 0 0 0 0 0 5635.0 5635.0
1360 640 3423.0 924.543 10000 2290.0 663.971 683.0 238.0851 487.0 129.529 0 0 0 0 0 0 0 0 5756.0 5756.0
1360 720 3791.0 1088.17 10000 2636.0 799.966 878.0 280.3984 536.0 135.474 0 0 0 0 0 0 0 0 6024.0 6024.0
1360 800 3936.0 1067.724 10000 2825.0 776.776 1133.0 324.1845 489.0 141.082 0 0 0 0 0 0 0 0 6357.0 6357.0
1360 880 4007.0 1263.025 10000 2910.0 917.515 1248.0 396.5978 449.0 174.292 0 0 0 0 0 0 0 0 6525.0 6525.0
1360 960 4046.0 1339.516 10000 3001.0 947.192 1358.0 415.1904 417.0 151.948 0 0 0 0 0 0 0 0 6754.0 6754.0
1360 1040 4014.0 1525.907 10000 3063.0 1157.617 1469.0 507.828 428.0 155.394 0 0 0 0 0 0 0 0 6964.0 6964.0
1360 1120 3913.0 1683.279 10000 2997.0 1209.647 1587.0 562.743 380.0 157.692 0 0 0 0 0 0 0 0 7122.0 7122.0
1360 1200 3949.0 1903.228 10000 3152.0 1445.554 1761.0 783.915 329.0 186.121 0 0 0 0 0 0 0 0 7351.0 7351.0
1360 1280 4011.0 2246.073 10000 3250.0 1764.973 1921.0 956.389 294.0 156.729 0 0 0 0 0 0 0 0 7560.0 7560.0
1360 1360 3861.0 1876.505 10000 3383.0 1593.0 2409.0 1018.403 202.0 134.203 0 0 0 0 0 0 0 0 8353.0 8353.0
1360 1440 3817.0 1905.537 10000 3361.0 1571.76 2416.0 1040.985 175.0 171.92 0 0 0 0 0 0 0 0 8381.0 8381.0
1360 1520 3807.0 1881.593 10000 3333.0 1612.276 2360.0 1001.479 187.0 141.315 0 0 0 0 0 0 0 0 8319.0 8319.0
1360 1600 3772.0 1930.772 10000 3322.0 1575.606 2405.0 1066.441 172.0 144.332 0 0 0 0 0 0 0 0 8366.0 8366.0
1360 1680 3786.0 1751.259 10000 3367.0 1478.287 2464.0 957.866 175.0 138.967 0 0 0 0 0 0 0 0 8388.0 8388.0
1360 1760 3760.0 1701.333 10000 3298.0 1411.385 2368.0 977.458 201.0 128.685 0 0 0 0 0 0 0 0 8355.0 8355.0
1360 1840 3728.0 1842.931 10000 3305.0 1542.385 2408.0 983.847 171.0 105.389 0 0 0 0 0 0 0 0 8412.0 8412.0
1360 1920 3759.0 1756.145 10000 3294.0 1474.224 2369.0 984.408 185.0 110.826 0 0 0 0 0 0 0 0 8347.0 8347.0
1360 2000 3735.0 1793.76 10000 3259.0 1565.488 2361.0 1012.121 166.0 85.389 0 0 0 0 0 0 0 0 8327.0 8327.0
1440 160 0 0 0 0 0 0 0 0 0 0 0 0 0 0 0 0 0 0 0
1440 240 0 0 0 0 0 0 0 0 0 0 0 0 0 0 0 0 0 0 0
1440 320 0 0 0 0 0 0 0 0 0 0 0 0 0 0 0 0 0 0 0
1440 400 732.0 287.986 10000 510.0 191.5165 171.0 74.0624 102.0 48.8252 0 0 0 0 0 0 0 0 4952.0 4952.0
1440 480 1953.0 668.621 10000 1319.0 465.367 340.0 171.7532 303.0 81.436 0 0 0 0 0 0 0 0 5427.0 5427.0
1440 560 2935.0 790.484 10000 1939.0 563.188 560.0 227.6936 466.0 109.097 0 0 0 0 0 0 0 0 5555.0 5555.0
1440 640 3565.0 948.501 10000 2397.0 644.232 709.0 241.2251 541.0 135.98 0 0 0 0 0 0 0 0 5817.0 5817.0
1440 720 3776.0 1036.424 10000 2647.0 737.725 911.0 308.7781 549.0 143.296 0 0 0 0 0 0 0 0 6031.0 6031.0
1440 800 3843.0 1106.396 10000 2725.0 761.758 1034.0 302.7116 455.0 140.631 0 0 0 0 0 0 0 0 6290.0 6290.0
1440 880 3917.0 1302.087 10000 2875.0 944.528 1244.0 387.0478 450.0 177.743 0 0 0 0 0 0 0 0 6543.0 6543.0
1440 960 3961.0 1356.463 10000 2942.0 959.2 1332.0 421.5935 406.0 165.443 0 0 0 0 0 0 0 0 6761.0 6761.0
1440 1040 4091.0 1453.798 10000 3108.0 1032.111 1515.0 457.7385 366.0 175.674 0 0 0 0 0 0 0 0 6996.0 6996.0
1440 1120 3936.0 1703.668 10000 3026.0 1305.726 1590.0 619.618 366.0 187.448 0 0 0 0 0 0 0 0 7122.0 7122.0
1440 1200 4110.0 1929.723 10000 3260.0 1419.133 1738.0 716.706 312.0 189.229 0 0 0 0 0 0 0 0 7313.0 7313.0
1440 1280 4060.0 2029.745 10000 3222.0 1555.52 1857.0 786.302 328.0 245.326 0 0 0 0 0 0 0 0 7407.0 7407.0
1440 1360 4057.0 2281.066 10000 3301.0 1737.436 1978.0 933.021 259.0 261.799 0 0 0 0 0 0 0 0 7623.0 7623.0
1440 1440 3808.0 2040.873 10000 3362.0 1727.951 2486.0 1087.451 154.0 174.577 0 0 0 0 0 0 0 0 8460.0 8460.0
1440 1520 3790.0 2051.092 10000 3360.0 1730.113 2464.0 1182.602 177.0 116.37 0 0 0 0 0 0 0 0 8485.0 8485.0
1440 1600 3863.0 2153.992 10000 3404.0 1908.903 2555.0 1190.459 160.0 154.401 0 0 0 0 0 0 0 0 8448.0 8448.0
1440 1680 3761.0 2397.386 10000 3314.0 2056.265 2410.0 1443.871 165.0 174.464 0 0 0 0 0 0 0 0 8507.0 8507.0
1440 1760 3804.0 1919.22 10000 3339.0 1608.081 2486.0 1101.362 143.0 120.773 0 0 0 0 0 0 0 0 8452.0 8452.0
1440 1840 3748.0 1751.306 10000 3342.0 1511.838 2512.0 924.24 162.0 142.022 0 0 0 0 0 0 0 0 8520.0 8520.0
1440 1920 3759.0 1981.329 10000 3345.0 1697.87 2454.0 1177.877 160.0 175.6 0 0 0 0 0 0 0 0 8478.0 8478.0
1440 2000 3772.0 1995.942 10000 3343.0 1677.093 2484.0 1184.42 163.0 134.962 0 0 0 0 0 0 0 0 8465.0 8465.0
1520 160 0 0 0 0 0 0 0 0 0 0 0 0 0 0 0 0 0 0 0
1520 240 0 0 0 0 0 0 0 0 0 0 0 0 0 0 0 0 0 0 0
1520 320 0 0 0 0 0 0 0 0 0 0 0 0 0 0 0 0 0 0 0
1520 400 703.0 327.0647 10000 482.0 228.1336 172.0 114.4772 101.0 24.5826 0 0 0 0 0 0 0 0 5058.0 5058.0
1520 480 1997.0 652.731 10000 1358.0 465.8251 362.0 157.7183 332.0 90.164 0 0 0 0 0 0 0 0 5335.0 5335.0
1520 560 2875.0 761.542 10000 1896.0 557.779 513.0 197.2391 446.0 102.945 0 0 0 0 0 0 0 0 5486.0 5486.0
1520 640 3529.0 923.672 10000 2398.0 627.525 716.0 214.3267 477.0 116.601 0 0 0 0 0 0 0 0 5726.0 5726.0
1520 720 3883.0 1054.713 10000 2661.0 744.149 880.0 270.0139 505.0 161.964 0 0 0 0 0 0 0 0 6002.0 6002.0
1520 800 3965.0 1097.487 10000 2800.0 790.566 1085.0 340.13 498.0 128.43 0 0 0 0 0 0 0 0 6248.0 6248.0
1520 880 4002.0 1387.08 10000 2954.0 991.394 1262.0 400.2335 472.0 177.434 0 0 0 0 0 0 0 0 6602.0 6602.0
1520 960 3962.0 1317.822 10000 2960.0 982.805 1348.0 426.245 428.0 160.854 0 0 0 0 0 0 0 0 6751.0 6751.0
1520 1040 4048.0 1477.3 10000 3090.0 1035.182 1484.0 465.293 369.0 153.424 0 0 0 0 0 0 0 0 6974.0 6974.0
1520 1120 3997.0 1684.466 10000 3120.0 1277.082 1669.0 606.635 345.0 186.391 0 0 0 0 0 0 0 0 7182.0 7182.0
1520 1200 4062.0 1860.014 10000 3173.0 1367.991 1738.0 690.367 348.0 172.319 0 0 0 0 0 0 0 0 7317.0 7317.0
1520 1280 3984.0 2009.109 10000 3205.0 1538.464 1830.0 806.834 338.0 160.988 0 0 0 0 0 0 0 0 7475.0 7475.0
1520 1360 3889.0 2386.506 10000 3167.0 1787.851 1853.0 1002.418 288.0 209.082 0 0 0 0 0 0 0 0 7665.0 7665.0
1520 1440 4080.0 2593.527 10000 3429.0 1990.561 2220.0 1132.297 234.0 231.338 0 0 0 0 0 0 0 0 7849.0 7849.0
1520 1520 3824.0 2413.007 10000 3437.0 2016.185 2559.0 1307.113 148.0 85.832 0 0 0 0 0 0 0 0 8554.0 8554.0
1520 1600 3799.0 2223.092 10000 3379.0 1909.26 2545.0 1373.445 159.0 167.459 0 0 0 0 0 0 0 0 8583.0 8583.0
1520 1680 3823.0 2171.148 10000 3454.0 1851.555 2652.0 1310.517 158.0 133.813 0 0 0 0 0 0 0 0 8589.0 8589.0
1520 1760 3832.0 2166.765 10000 3438.0 1905.699 2587.0 1246.012 144.0 101.583 0 0 0 0 0 0 0 0 8605.0 8605.0
1520 1840 3823.0 1929.327 10000 3395.0 1641.021 2588.0 1093.144 163.0 59.063 0 0 0 0 0 0 0 0 8518.0 8518.0
1520 1920 3752.0 2090.327 10000 3362.0 1807.465 2564.0 1235.417 146.0 134.248 0 0 0 0 0 0 0 0 8583.0 8583.0
1520 2000 3734.0 2133.988 10000 3314.0 1865.414 2482.0 1336.827 143.0 145.317 0 0 0 0 0 0 0 0 8578.0 8578.0
1600 160 0 0 0 0 0 0 0 0 0 0 0 0 0 0 0 0 0 0 0
1600 240 0 0 0 0 0 0 0 0 0 0 0 0 0 0 0 0 0 0 0
1600 320 0 0 0 0 0 0 0 0 0 0 0 0 0 0 0 0 0 0 0
1600 400 695.0 288.3446 10000 481.0 213.8811 162.0 76.7896 82.0 28.8881 0 0 0 0 0 0 0 0 5059.0 5059.0
1600 480 2052.0 617.524 10000 1404.0 454.2882 372.0 178.3896 299.0 74.258 0 0 0 0 0 0 0 0 5347.0 5347.0
1600 560 2906.0 777.737 10000 1957.0 558.903 498.0 171.1187 465.0 88.471 0 0 0 0 0 0 0 0 5574.0 5574.0
1600 640 3563.0 914.828 10000 2407.0 642.379 734.0 231.576 506.0 119.638 0 0 0 0 0 0 0 0 5770.0 5770.0
1600 720 3701.0 962.75 10000 2550.0 698.745 823.0 236.7921 510.0 115.862 0 0 0 0 0 0 0 0 6020.0 6020.0
1600 800 3887.0 1025.875 10000 2772.0 769.884 1041.0 301.1589 513.0 135.348 0 0 0 0 0 0 0 0 6268.0 6268.0
1600 880 4089.0 1229.094 10000 3001.0 905.046 1270.0 412.8906 450.0 164.931 0 0 0 0 0 0 0 0 6534.0 6534.0
1600 960 3966.0 1327.31 10000 2973.0 968.243 1333.0 452.7733 396.0 175.654 0 0 0 0 0 0 0 0 6792.0 6792.0
1600 1040 4068.0 1546.29 10000 3127.0 1158.211 1519.0 554.672 389.0 179.444 0 0 0 0 0 0 0 0 7005.0 7005.0
1600 1120 4009.0 1553.98 10000 3113.0 1108.903 1632.0 516.497 384.0 194.75 0 0 0 0 0 0 0 0 7132.0 7132.0
1600 1200 4050.0 1826.974 10000 3220.0 1414.023 1747.0 706.905 360.0 188.227 0 0 0 0 0 0 0 0 7329.0 7329.0
1600 1280 4014.0 1909.668 10000 3237.0 1438.296 1826.0 693.284 300.0 173.426 0 0 0 0 0 0 0 0 7470.0 7470.0
1600 1360 3990.0 2120.199 10000 3269.0 1674.571 1942.0 916.179 287.0 237.748 0 0 0 0 0 0 0 0 7581.0 7581.0
1600 1440 4087.0 2274.968 10000 3360.0 1775.979 2113.0 1061.945 269.0 178.762 0 0 0 0 0 0 0 0 7757.0 7757.0
1600 1520 4078.0 2897.496 10000 3469.0 2395.73 2273.0 1404.478 268.0 178.892 0 0 0 0 0 0 0 0 7997.0 7997.0
1600 1600 3714.0 2474.051 9999 3336.0 2155.259 2566.0 1460.382 156.0 94.246 0 0 0 0 0 0 0 0 8590.0 8590.0
1600 1680 3711.0 2415.416 10000 3356.0 2038.139 2585.0 1408.673 166.0 183.473 0 0 0 0 0 0 0 0 8627.0 8627.0
1600 1760 3736.0 2380.287 10000 3364.0 2061.33 2594.0 1431.122 149.0 113.996 0 0 0 0 0 0 0 0 8590.0 8590.0
1600 1840 3845.0 2300.832 9999 3455.0 1991.141 2723.0 1473.893 149.0 150.962 0 0 0 0 0 0 0 0 8602.0 8602.0
1600 1920 3789.0 2433.181 10000 3407.0 2057.993 2632.0 1419.655 143.0 189.119 0 0 0 0 0 0 0 0 8606.0 8606.0
1600 2000 3764.0 2195.563 10000 3405.0 1870.353 2642.0 1359.383 171.0 207.286 0 0 0 0 0 0 0 0 8658.0 8658.0
1680 160 0 0 0 0 0 0 0 0 0 0 0 0 0 0 0 0 0 0 0
1680 240 0 0 0 0 0 0 0 0 0 0 0 0 0 0 0 0 0 0 0
1680 320 0 0 0 0 0 0 0 0 0 0 0 0 0 0 0 0 0 0 0
1680 400 753.0 314.6316 10000 531.0 224.951 174.0 84.6911 103.0 46.0542 0 0 0 0 0 0 0 0 4974.0 4974.0
1680 480 1976.0 609.819 10000 1326.0 409.7429 395.0 144.5614 308.0 77.904 0 0 0 0 0 0 0 0 5308.0 5308.0
1680 560 2937.0 797.522 10000 1931.0 563.556 512.0 203.1306 435.0 101.789 0 0 0 0 0 0 0 0 5466.0 5466.0
1680 640 3426.0 858.261 10000 2319.0 607.505 675.0 223.1501 517.0 113.147 0 0 0 0 0 0 0 0 5720.0 5720.0
1680 720 3715.0 983.679 10000 2565.0 694.423 841.0 272.2935 545.0 116.582 0 0 0 0 0 0 0 0 5934.0 5934.0
1680 800 3924.0 1037.91 10000 2751.0 728.603 1019.0 301.2177 488.0 137.881 0 0 0 0 0 0 0 0 6213.0 6213.0
1680 880 3954.0 1220.9 10000 2841.0 863.088 1152.0 391.3071 452.0 146.065 0 0 0 0 0 0 0 0 6437.0 6437.0
1680 960 4051.0 1424.145 10000 3009.0 1001.914 1326.0 450.7737 406.0 211.507 0 0 0 0 0 0 0 0 6746.0 6746.0
1680 1040 4042.0 1449.016 10000 3074.0 1068.117 1515.0 499.838 387.0 196.286 0 0 0 0 0 0 0 0 6921.0 6921.0
1680 1120 4013.0 1574.925 10000 3117.0 1160.85 1638.0 566.543 390.0 149.257 0 0 0 0 0 0 0 0 7152.0 7152.0
1680 1200 3982.0 1826.531 9999 3140.0 1357.541 1719.0 688.968 340.0 168.647 0 0 0 0 0 0 0 0 7285.0 7285.0
1680 1280 3894.0 1817.74 10000 3138.0 1390.548 1831.0 693.765 348.0 201.528 0 0 0 0 0 0 0 0 7506.0 7506.0
1680 1360 4010.0 2108.553 10000 3225.0 1657.748 1859.0 841.007 314.0 209.096 0 0 0 0 0 0 0 0 7543.0 7543.0
1680 1440 4042.0 2168.677 10000 3355.0 1700.33 2162.0 935.052 274.0 231.704 0 0 0 0 0 0 0 0 7709.0 7709.0
1680 1520 3988.0 2547.687 10000 3342.0 2027.137 2140.0 1207.093 244.0 224.881 0 0 0 0 0 0 0 0 7900.0 7900.0
1680 1600 3997.0 2928.952 10000 3399.0 2347.214 2322.0 1455.723 259.0 282.607 0 0 0 0 0 0 0 0 7975.0 7975.0
1680 1680 3586.0 2614.525 10000 3249.0 2276.274 2561.0 1663.41 145.0 157.713 0 0 0 0 0 0 0 0 8654.0 8654.0
1680 1760 3763.0 2628.515 10000 3397.0 2208.043 2699.0 1636.695 127.0 205.911 0 0 0 0 0 0 0 0 8695.0 8695.0
1680 1840 3740.0 2538.997 9997 3398.0 2194.751 2688.0 1698.975 147.0 138.38 0 0 0 0 0 0 0 0 8627.0 8627.0
1680 1920 3753.0 2557.299 10000 3381.0 2187.096 2666.0 1561.477 133.0 146.816 0 0 0 0 0 0 0 0 8657.0 8657.0
1680 2000 3716.0 2868.011 10000 3366.0 2452.449 2649.0 1641.868 107.0 129.569 0 0 0 0 0 0 0 0 8724.0 8724.0
1760 160 0 0 0 0 0 0 0 0 0 0 0 0 0 0 0 0 0 0 0
1760 240 0 0 0 0 0 0 0 0 0 0 0 0 0 0 0 0 0 0 0
1760 320 0 0 0 0 0 0 0 0 0 0 0 0 0 0 0 0 0 0 0
1760 400 686.0 267.3136 10000 468.0 185.9838 151.0 62.4082 115.0 51.3142 0 0 0 0 0 0 0 0 4958.0 4958.0
1760 480 1944.0 567.739 10000 1289.0 414.65 355.0 131.8763 315.0 69.888 0 0 0 0 0 0 0 0 5365.0 5365.0
1760 560 2956.0 799.881 10000 1980.0 577.627 530.0 210.6963 463.0 110.08 0 0 0 0 0 0 0 0 5535.0 5535.0
1760 640 3489.0 847.314 10000 2329.0 597.823 703.0 222.596 527.0 118.418 0 0 0 0 0 0 0 0 5664.0 5664.0
1760 720 3802.0 994.937 10000 2583.0 718.998 868.0 308.269 515.0 116.738 0 0 0 0 0 0 0 0 5954.0 5954.0
1760 800 3980.0 1031.323 10000 2773.0 728.566 1048.0 312.2299 519.0 141.083 0 0 0 0 0 0 0 0 6151.0 6151.0
1760 880 4056.0 1187.739 10000 2979.0 858.754 1206.0 321.6122 448.0 156.651 0 0 0 0 0 0 0 0 6533.0 6533.0
1760 960 4004.0 1316.032 10000 2969.0 923.707 1345.0 406.9716 426.0 162.397 0 0 0 0 0 0 0 0 6720.0 6720.0
1760 1040 3968.0 1519.803 10000 3003.0 1093.739 1460.0 490.045 398.0 177.39 0 0 0 0 0 0 0 0 6879.0 6879.0
1760 1120 4055.0 1643.595 10000 3172.0 1213.93 1641.0 565.87 360.0 163.426 0 0 0 0 0 0 0 0 7245.0 7245.0
1760 1200 4027.0 1668.239 10000 3148.0 1204.698 1699.0 587.09 351.0 223.323 0 0 0 0 0 0 0 0 7253.0 7253.0
1760 1280 3991.0 1816.982 9999 3215.0 1410.264 1856.0 789.815 298.0 145.871 0 0 0 0 0 0 0 0 7498.0 7498.0
1760 1360 3973.0 2202.004 10000 3260.0 1670.406 1922.0 867.312 294.0 225.564 0 0 0 0 0 0 0 0 7528.0 7528.0
1760 1440 3868.0 2078.421 10000 3172.0 1578.799 1903.0 870.792 295.0 197.189 0 0 0 0 0 0 0 0 7688.0 7688.0
1760 1520 3983.0 2302.495 10000 3288.0 1785.074 2084.0 1015.766 272.0 211.017 0 0 0 0 0 0 0 0 7772.0 7772.0
1760 1600 3925.0 2716.124 10000 3304.0 2204.411 2137.0 1266.888 228.0 262.279 0 0 0 0 0 0 0 0 7895.0 7895.0
1760 1680 4080.0 3288.829 10000 3497.0 2710.978 2459.0 1683.771 197.0 222.113 0 0 0 0 0 0 0 0 8102.0 8102.0
1760 1760 3624.0 2765.503 10000 3277.0 2443.809 2610.0 1715.566 118.0 152.076 0 0 0 0 0 0 0 0 8610.0 8610.0
1760 1840 3619.0 2758.828 10000 3290.0 2415.981 2612.0 1720.627 130.0 169.91 0 0 0 0 0 0 0 0 8662.0 8662.0
1760 1920 3668.0 2583.927 9999 3352.0 2221.126 2668.0 1695.664 113.0 126.585 0 0 0 0 0 0 0 0 8737.0 8737.0
1760 2000 3621.0 2890.105 10000 3282.0 2397.219 2633.0 1884.975 114.0 164.154 0 0 0 0 0 0 0 0 8658.0 8658.0
1840 160 0 0 0 0 0 0 0 0 0 0 0 0 0 0 0 0 0 0 0
1840 240 0 0 0 0 0 0 0 0 0 0 0 0 0 0 0 0 0 0 0
1840 320 0 0 0 0 0 0 0 0 0 0 0 0 0 0 0 0 0 0 0
1840 400 699.0 284.8698 10000 505.0 216.7265 175.0 81.7661 88.0 29.5171 0 0 0 0 0 0 0 0 5059.0 5059.0
1840 480 1948.0 663.706 10000 1305.0 482.514 338.0 181.8117 303.0 80.116 0 0 0 0 0 0 0 0 5354.0 5354.0
1840 560 2872.0 775.706 10000 1894.0 571.151 491.0 192.5415 465.0 100.127 0 0 0 0 0 0 0 0 5557.0 5557.0
1840 640 3520.0 892.97 10000 2376.0 628.737 664.0 218.4142 490.0 131.354 0 0 0 0 0 0 0 0 5740.0 5740.0
1840 720 3801.0 941.305 10000 2546.0 645.388 815.0 239.7071 517.0 152.622 0 0 0 0 0 0 0 0 5860.0 5860.0
1840 800 3946.0 1003.85 10000 2797.0 700.089 1003.0 264.618 488.0 119.07 0 0 0 0 0 0 0 0 6262.0 6262.0
1840 880 4072.0 1179.074 10000 2929.0 816.563 1224.0 350.4148 457.0 130.6 0 0 0 0 0 0 0 0 6474.0 6474.0
1840 960 4118.0 1272.68 10000 3031.0 885.3 1343.0 370.3197 393.0 159.172 0 0 0 0 0 0 0 0 6630.0 6630.0
1840 1040 4108.0 1508.176 10000 3115.0 1070.208 1529.0 477.5246 400.0 150.388 0 0 0 0 0 0 0 0 6864.0 6864.0
1840 1120 4009.0 1525.724 10000 3140.0 1131.897 1654.0 568.84 400.0 212.968 0 0 0 0 0 0 0 0 7133.0 7133.0
1840 1200 4024.0 1734.807 10000 3229.0 1294.723 1781.0 652.549 315.0 194.219 0 0 0 0 0 0 0 0 7330.0 7330.0
1840 1280 4010.0 1983.122 9999 3246.0 1532.266 1826.0 814.355 318.0 145.162 0 0 0 0 0 0 0 0 7429.0 7429.0
1840 1360 3944.0 1931.376 10000 3203.0 1464.729 1899.0 753.459 267.0 222.038 0 0 0 0 0 0 0 0 7569.0 7569.0
1840 1440 3922.0 2020.084 9999 3259.0 1501.073 1997.0 779.807 268.0 148.195 0 0 0 0 0 0 0 0 7703.0 7703.0
1840 1520 3919.0 2292.952 10000 3247.0 1857.286 2057.0 1020.019 257.0 194.349 0 0 0 0 0 0 0 0 7734.0 7734.0
1840 1600 3893.0 2472.755 10000 3263.0 1954.804 2150.0 1152.75 227.0 178.112 0 0 0 0 0 0 0 0 7898.0 7898.0
1840 1680 3790.0 2821.676 9999 3194.0 2248.313 2144.0 1405.255 225.0 191.143 0 0 0 0 0 0 0 0 7899.0 7899.0
1840 1760 3934.0 3133.829 10000 3433.0 2541.145 2441.0 1609.433 208.0 249.669 0 0 0 0 0 0 0 0 8090.0 8090.0
1840 1840 3467.0 2853.966 10000 3153.0 2487.728 2561.0 1807.057 111.0 98.262 0 0 0 0 0 0 0 0 8667.0 8667.0
1840 1920 3508.0 2839.521 9997 3211.0 2461.909 2616.0 1868.745 109.0 178.337 0 0 0 0 0 0 0 0 8621.0 8621.0
1840 2000 3631.0 2839.737 10000 3331.0 2512.997 2687.0 1879.19 83.0 110.251 0 0 0 0 0 0 0 0 8691.0 8691.0
1920 160 0 0 0 0 0 0 0 0 0 0 0 0 0 0 0 0 0 0 0
1920 240 0 0 0 0 0 0 0 0 0 0 0 0 0 0 0 0 0 0 0
1920 320 0 0 0 0 0 0 0 0 0 0 0 0 0 0 0 0 0 0 0
1920 400 687.0 273.7386 10000 486.0 187.3367 148.0 74.7062 117.0 39.2966 0 0 0 0 0 0 0 0 4891.0 4891.0
1920 480 1891.0 615.812 10000 1268.0 443.737 332.0 148.2002 317.0 84.103 0 0 0 0 0 0 0 0 5300.0 5300.0
1920 560 2913.0 747.745 10000 1906.0 534.024 501.0 193.9639 458.0 123.59 0 0 0 0 0 0 0 0 5477.0 5477.0
1920 640 3435.0 924.383 10000 2347.0 671.399 698.0 252.9689 506.0 131.135 0 0 0 0 0 0 0 0 5731.0 5731.0
1920 720 3727.0 998.934 10000 2566.0 715.666 844.0 288.671 514.0 133.697 0 0 0 0 0 0 0 0 5885.0 5885.0
1920 800 3933.0 1055.355 10000 2793.0 763.124 1003.0 305.2338 514.0 129.096 0 0 0 0 0 0 0 0 6121.0 6121.0
1920 880 3991.0 1139.047 10000 2873.0 787.901 1145.0 321.2512 443.0 175.779 0 0 0 0 0 0 0 0 6438.0 6438.0
1920 960 4005.0 1240.852 10000 2927.0 892.92 1328.0 409.8602 411.0 155.613 0 0 0 0 0 0 0 0 6682.0 6682.0
1920 1040 4059.0 1351.841 10000 3107.0 1012.743 1472.0 447.756 408.0 180.223 0 0 0 0 0 0 0 0 7026.0 7026.0
1920 1120 4079.0 1596.166 10000 3161.0 1144.61 1606.0 547.156 343.0 152.918 0 0 0 0 0 0 0 0 7158.0 7158.0
1920 1200 3995.0 1664.789 10000 3146.0 1243.356 1674.0 633.157 351.0 199.426 0 0 0 0 0 0 0 0 7235.0 7235.0
1920 1280 4054.0 1789.865 10000 3242.0 1369.181 1847.0 740.191 336.0 163.592 0 0 0 0 0 0 0 0 7446.0 7446.0
1920 1360 3962.0 1878.045 10000 3241.0 1434.762 1921.0 738.688 313.0 208.345 0 0 0 0 0 0 0 0 7550.0 7550.0
1920 1440 3867.0 2125.094 10000 3179.0 1653.437 2015.0 886.657 255.0 209.642 0 0 0 0 0 0 0 0 7663.0 7663.0
1920 1520 3859.0 2158.722 10000 3218.0 1653.489 2019.0 964.705 271.0 202.44 0 0 0 0 0 0 0 0 7715.0 7715.0
1920 1600 3764.0 2364.53 10000 3147.0 1805.738 2101.0 1087.669 221.0 172.054 0 0 0 0 0 0 0 0 7785.0 7785.0
1920 1680 3740.0 2540.581 10000 3200.0 2083.531 2146.0 1243.951 215.0 224.312 0 0 0 0 0 0 0 0 7917.0 7917.0
1920 1760 3799.0 2761.873 10000 3257.0 2156.714 2245.0 1273.153 211.0 237.609 0 0 0 0 0 0 0 0 7921.0 7921.0
1920 1840 3719.0 3213.781 9999 3247.0 2714.454 2331.0 1780.985 166.0 219.5 0 0 0 0 0 0 0 0 8109.0 8109.0
1920 1920 3285.0 2931.221 9999 3044.0 2605.227 2489.0 1974.621 114.0 133.985 0 0 0 0 0 0 0 0 8549.0 8549.0
1920 2000 3381.0 3084.071 10000 3116.0 2800.949 2554.0 2161.703 93.0 140.05 0 0 0 0 0 0 0 0 8511.0 8511.0
2000 160 0 0 0 0 0 0 0 0 0 0 0 0 0 0 0 0 0 0 0
2000 240 0 0 0 0 0 0 0 0 0 0 0 0 0 0 0 0 0 0 0
2000 320 0 0 0 0 0 0 0 0 0 0 0 0 0 0 0 0 0 0 0
2000 400 721.0 307.2843 10000 494.0 191.6875 169.0 87.1013 94.0 43.2988 0 0 0 0 0 0 0 0 4885.0 4885.0
2000 480 1895.0 617.792 10000 1297.0 452.3742 328.0 167.3911 308.0 75.486 0 0 0 0 0 0 0 0 5450.0 5450.0
2000 560 2795.0 736.497 10000 1870.0 530.935 502.0 170.4476 465.0 123.773 0 0 0 0 0 0 0 0 5491.0 5491.0
2000 640 3550.0 879.425 10000 2375.0 601.626 725.0 214.3092 547.0 106.352 0 0 0 0 0 0 0 0 5641.0 5641.0
2000 720 3824.0 973.109 10000 2625.0 688.555 830.0 270.4413 549.0 116.144 0 0 0 0 0 0 0 0 5922.0 5922.0
2000 800 3955.0 1081.429 10000 2848.0 799.877 1037.0 295.4288 507.0 156.949 0 0 0 0 0 0 0 0 6283.0 6283.0
2000 880 3894.0 1141.481 10000 2851.0 794.242 1162.0 342.8532 436.0 154.81 0 0 0 0 0 0 0 0 6470.0 6470.0
2000 960 4123.0 1218.335 10000 3058.0 914.857 1368.0 393.3198 436.0 150.321 0 0 0 0 0 0 0 0 6669.0 6669.0
2000 1040 4005.0 1421.625 10000 3007.0 1044.26 1425.0 473.376 399.0 153.88 0 0 0 0 0 0 0 0 6895.0 6895.0
2000 1120 4073.0 1563.229 10000 3152.0 1181.246 1539.0 592.76 374.0 152.11 0 0 0 0 0 0 0 0 7107.0 7107.0
2000 1200 4056.0 1634.667 10000 3222.0 1223.838 1721.0 603.028 335.0 158.15 0 0 0 0 0 0 0 0 7324.0 7324.0
2000 1280 3937.0 1971.333 10000 3154.0 1476.33 1761.0 739.233 329.0 192.035 0 0 0 0 0 0 0 0 7427.0 7427.0
2000 1360 4017.0 2111.953 9999 3351.0 1668.808 1973.0 891.501 286.0 204.658 0 0 0 0 0 0 0 0 7645.0 7645.0
2000 1440 3935.0 2034.011 10000 3228.0 1530.254 1966.0 836.96 263.0 164.799 0 0 0 0 0 0 0 0 7641.0 7641.0
2000 1520 3838.0 2183.484 9999 3183.0 1729.737 1962.0 1015.587 253.0 215.089 0 0 0 0 0 0 0 0 7714.0 7714.0
2000 1600 3661.0 2177.94 9999 3120.0 1759.41 2030.0 1049.883 230.0 162.229 0 0 0 0 0 0 0 0 7745.0 7745.0
2000 1680 3645.0 2433.808 10000 3070.0 1884.784 2086.0 1124.496 222.0 181.141 0 0 0 0 0 0 0 0 7761.0 7761.0
2000 1760 3584.0 2414.161 9999 3051.0 1950.479 2034.0 1155.667 215.0 169.455 0 0 0 0 0 0 0 0 7706.0 7706.0
2000 1840 3426.0 2604.781 10000 2994.0 2123.143 2117.0 1399.501 178.0 190.339 0 0 0 0 0 0 0 0 7789.0 7789.0
2000 1920 3371.0 2913.419 9997 2945.0 2424.481 2198.0 1658.064 154.0 210.062 0 0 0 0 0 0 0 0 7894.0 7894.0
2000 2000 2915.0 2864.795 9996 2690.0 2588.974 2209.0 1956.584 104.0 154.735 0 0 0 0 0 0 0 0 8278.0 8278.0
