160 160 0 0 0 0 0 0 0 0 0 0 0 0 0 0 0 0 0
160 240 0 0 0 0 0 0 0 0 0 0 0 0 0 0 0 0 0
160 320 0 0 0 0 0 0 0 0 0 0 0 0 0 0 0 0 0
160 400 0 0 0 0 0 0 0 0 0 0 0 0 0 0 0 0 0
160 480 0 0 0 0 0 0 0 0 0 0 0 0 0 0 0 0 0
160 560 0 0 0 0 0 0 0 0 0 0 0 0 0 0 0 0 0
160 640 0 0 0 0 0 0 0 0 0 0 0 0 0 0 0 0 0
160 720 0 0 0 0 0 0 0 0 0 0 0 0 0 0 0 0 0
160 800 0 0 0 0 0 0 0 0 0 0 0 0 0 0 0 0 0
160 880 0 0 0 0 0 0 0 0 0 0 0 0 0 0 0 0 0
160 960 0 0 0 0 0 0 0 0 0 0 0 0 0 0 0 0 0
160 1040 0 0 0 0 0 0 0 0 0 0 0 0 0 0 0 0 0
160 1120 0 0 0 0 0 0 0 0 0 0 0 0 0 0 0 0 0
160 1200 0 0 0 0 0 0 0 0 0 0 0 0 0 0 0 0 0
160 1280 0 0 0 0 0 0 0 0 0 0 0 0 0 0 0 0 0
160 1360 0 0 0 0 0 0 0 0 0 0 0 0 0 0 0 0 0
160 1440 0 0 0 0 0 0 0 0 0 0 0 0 0 0 0 0 0
160 1520 0 0 0 0 0 0 0 0 0 0 0 0 0 0 0 0 0
160 1600 0 0 0 0 0 0 0 0 0 0 0 0 0 0 0 0 0
160 1680 0 0 0 0 0 0 0 0 0 0 0 0 0 0 0 0 0
160 1760 0 0 0 0 0 0 0 0 0 0 0 0 0 0 0 0 0
160 1840 0 0 0 0 0 0 0 0 0 0 0 0 0 0 0 0 0
160 1920 0 0 0 0 0 0 0 0 0 0 0 0 0 0 0 0 0
160 2000 0 0 0 0 0 0 0 0 0 0 0 0 0 0 0 0 0
240 160 0 0 0 0 0 0 0 0 0 0 0 0 0 0 0 0 0
240 240 0 0 0 0 0 0 0 0 0 0 0 0 0 0 0 0 0
240 320 0 0 0 0 0 0 0 0 0 0 0 0 0 0 0 0 0
240 400 0 0 0 0 0 0 0 0 0 0 0 0 0 0 0 0 0
240 480 0 0 0 0 0 0 0 0 0 0 0 0 0 0 0 0 0
240 560 0 0 0 0 0 0 0 0 0 0 0 0 0 0 0 0 0
240 640 0 0 0 0 0 0 0 0 0 0 0 0 0 0 0 0 0
240 720 0 0 0 0 0 0 0 0 0 0 0 0 0 0 0 0 0
240 800 0 0 0 0 0 0 0 0 0 0 0 0 0 0 0 0 0
240 880 0 0 0 0 0 0 0 0 0 0 0 0 0 0 0 0 0
240 960 0 0 0 0 0 0 0 0 0 0 0 0 0 0 0 0 0
240 1040 0 0 0 0 0 0 0 0 0 0 0 0 0 0 0 0 0
240 1120 0 0 0 0 0 0 0 0 0 0 0 0 0 0 0 0 0
240 1200 0 0 0 0 0 0 0 0 0 0 0 0 0 0 0 0 0
240 1280 0 0 0 0 0 0 0 0 0 0 0 0 0 0 0 0 0
240 1360 0 0 0 0 0 0 0 0 0 0 0 0 0 0 0 0 0
240 1440 0 0 0 0 0 0 0 0 0 0 0 0 0 0 0 0 0
240 1520 0 0 0 0 0 0 0 0 0 0 0 0 0 0 0 0 0
240 1600 0 0 0 0 0 0 0 0 0 0 0 0 0 0 0 0 0
240 1680 0 0 0 0 0 0 0 0 0 0 0 0 0 0 0 0 0
240 1760 0 0 0 0 0 0 0 0 0 0 0 0 0 0 0 0 0
240 1840 0 0 0 0 0 0 0 0 0 0 0 0 0 0 0 0 0
240 1920 0 0 0 0 0 0 0 0 0 0 0 0 0 0 0 0 0
240 2000 0 0 0 0 0 0 0 0 0 0 0 0 0 0 0 0 0
320 160 0 0 0 0 0 0 0 0 0 0 0 0 0 0 0 0 0
320 240 0 0 0 0 0 0 0 0 0 0 0 0 0 0 0 0 0
320 320 0 0 0 0 0 0 0 0 0 0 0 0 0 0 0 0 0
320 400 0 0 0 0 0 0 0 0 0 0 0 0 0 0 0 0 0
320 480 0 0 0 0 0 0 0 0 0 0 0 0 0 0 0 0 0
320 560 0 0 0 0 0 0 0 0 0 0 0 0 0 0 0 0 0
320 640 0 0 0 0 0 0 0 0 0 0 0 0 0 0 0 0 0
320 720 0 0 0 0 0 0 0 0 0 0 0 0 0 0 0 0 0
320 800 0 0 0 0 0 0 0 0 0 0 0 0 0 0 0 0 0
320 880 0 0 0 0 0 0 0 0 0 0 0 0 0 0 0 0 0
320 960 0 0 0 0 0 0 0 0 0 0 0 0 0 0 0 0 0
320 1040 0 0 0 0 0 0 0 0 0 0 0 0 0 0 0 0 0
320 1120 0 0 0 0 0 0 0 0 0 0 0 0 0 0 0 0 0
320 1200 0 0 0 0 0 0 0 0 0 0 0 0 0 0 0 0 0
320 1280 0 0 0 0 0 0 0 0 0 0 0 0 0 0 0 0 0
320 1360 0 0 0 0 0 0 0 0 0 0 0 0 0 0 0 0 0
320 1440 0 0 0 0 0 0 0 0 0 0 0 0 0 0 0 0 0
320 1520 0 0 0 0 0 0 0 0 0 0 0 0 0 0 0 0 0
320 1600 0 0 0 0 0 0 0 0 0 0 0 0 0 0 0 0 0
320 1680 0 0 0 0 0 0 0 0 0 0 0 0 0 0 0 0 0
320 1760 0 0 0 0 0 0 0 0 0 0 0 0 0 0 0 0 0
320 1840 0 0 0 0 0 0 0 0 0 0 0 0 0 0 0 0 0
320 1920 0 0 0 0 0 0 0 0 0 0 0 0 0 0 0 0 0
320 2000 0 0 0 0 0 0 0 0 0 0 0 0 0 0 0 0 0
400 160 0 0 0 0 0 0 0 0 0 0 0 0 0 0 0 0 0
400 240 0 0 0 0 0 0 0 0 0 0 0 0 0 0 0 0 0
400 320 0 0 0 0 0 0 0 0 0 0 0 0 0 0 0 0 0
400 400 624.0 239.0211 10000 434.0 190.1986 162.0 92.2942 98.0 39.842 0 0 0 0 0 0 0 0
400 480 1093.0 340.9249 10000 747.0 238.9054 233.0 89.4294 153.0 51.1982 0 0 0 0 0 0 0 0
400 560 1076.0 377.9394 10000 741.0 287.8115 226.0 115.9967 186.0 42.9839 0 0 0 0 0 0 0 0
400 640 1008.0 294.2579 10000 702.0 230.1604 237.0 99.63641 120.0 44.6144 0 0 0 0 0 0 0 0
400 720 953.0 322.2886 10000 680.0 233.5623 237.0 77.6353 131.0 33.3609 0 0 0 0 0 0 0 0
400 800 825.0 281.4791 10000 574.0 200.9705 204.0 76.8433 119.0 39.6908 0 0 0 0 0 0 0 0
400 880 825.0 328.4781 10000 595.0 266.79 246.0 143.6954 110.0 27.4366 0 0 0 0 0 0 0 0
400 960 722.0 307.8636 10000 511.0 233.262 173.0 115.4003 76.0 26.0032 0 0 0 0 0 0 0 0
400 1040 758.0 342.89 10000 535.0 250.6809 170.0 121.5715 98.0 40.132 0 0 0 0 0 0 0 0
400 1120 608.0 263.223 10000 442.0 208.3477 170.0 119.7726 84.0 39.0116 0 0 0 0 0 0 0 0
400 1200 587.0 254.6889 10000 425.0 198.1153 136.0 92.3989 83.0 21.3194 0 0 0 0 0 0 0 0
400 1280 641.0 259.8565 10000 461.0 201.1481 174.0 90.61235 85.0 42.4649 0 0 0 0 0 0 0 0
400 1360 614.0 250.2177 10000 446.0 193.664 164.0 95.7195 77.0 24.4365 0 0 0 0 0 0 0 0
400 1440 573.0 216.4894 10000 420.0 174.7977 143.0 80.6273 64.0 24.6727 0 0 0 0 0 0 0 0
400 1520 562.0 259.6385 9999 392.0 190.8032 150.0 126.7484 94.0 37.9044 0 0 0 0 0 0 0 0
400 1600 584.0 230.2092 10000 426.0 172.1626 148.0 72.767 83.0 35.7498 0 0 0 0 0 0 0 0
400 1680 652.0 290.6746 10000 442.0 223.8644 156.0 87.5945 80.0 35.7642 0 0 0 0 0 0 0 0
400 1760 616.0 245.7697 10000 444.0 194.8194 156.0 100.0006 81.0 29.6343 0 0 0 0 0 0 0 0
400 1840 624.0 209.5976 10000 435.0 162.3254 159.0 82.3581 79.0 19.6048 0 0 0 0 0 0 0 0
400 1920 616.0 268.9561 10000 434.0 206.23 147.0 127.0459 91.0 13.7992 0 0 0 0 0 0 0 0
400 2000 596.0 208.1449 10000 402.0 158.959 144.0 70.2583 69.0 20.0434 0 0 0 0 0 0 0 0
480 160 0 0 0 0 0 0 0 0 0 0 0 0 0 0 0 0 0
480 240 0 0 0 0 0 0 0 0 0 0 0 0 0 0 0 0 0
480 320 0 0 0 0 0 0 0 0 0 0 0 0 0 0 0 0 0
480 400 1005.0 400.2313 10000 698.0 291.849 190.0 100.992 146.0 67.1437 0 0 0 0 0 0 0 0
480 480 1743.0 443.7027 10000 1159.0 307.429 314.0 132.52 301.0 63.5133 0 0 0 0 0 0 0 0
480 560 2299.0 460.623 10000 1559.0 348.0069 482.0 131.7317 329.0 79.627 0 0 0 0 0 0 0 0
480 640 2313.0 489.133 10000 1588.0 347.9765 451.0 101.7344 352.0 39.675 0 0 0 0 0 0 0 0
480 720 2195.0 398.0963 10000 1493.0 299.9592 431.0 108.4289 320.0 60.8111 0 0 0 0 0 0 0 0
480 800 2064.0 421.5606 10000 1401.0 331.6704 436.0 127.4686 326.0 64.3164 0 0 0 0 0 0 0 0
480 880 1961.0 470.829 10000 1336.0 376.122 429.0 149.1537 279.0 45.114 0 0 0 0 0 0 0 0
480 960 1884.0 372.6068 10000 1279.0 274.993 390.0 121.3895 276.0 43.8525 0 0 0 0 0 0 0 0
480 1040 1820.0 407.7898 10000 1229.0 313.1749 384.0 148.3475 247.0 26.8353 0 0 0 0 0 0 0 0
480 1120 1766.0 353.444 10000 1216.0 250.5263 396.0 113.3189 272.0 61.4033 0 0 0 0 0 0 0 0
480 1200 1691.0 373.208 10000 1165.0 273.5025 364.0 135.1462 270.0 51.458 0 0 0 0 0 0 0 0
480 1280 1819.0 388.9605 10000 1228.0 273.6143 365.0 108.9252 268.0 43.8715 0 0 0 0 0 0 0 0
480 1360 1660.0 401.5396 10000 1139.0 288.7758 373.0 141.1933 228.0 37.9554 0 0 0 0 0 0 0 0
480 1440 1661.0 389.1925 10000 1108.0 272.7102 339.0 122.4239 236.0 48.1753 0 0 0 0 0 0 0 0
480 1520 1699.0 398.7368 10000 1126.0 312.7156 333.0 159.2629 257.0 45.7911 0 0 0 0 0 0 0 0
480 1600 1552.0 372.2023 10000 1058.0 257.0599 323.0 103.546 256.0 41.3286 0 0 0 0 0 0 0 0
480 1680 1664.0 322.2076 10000 1127.0 242.5688 327.0 99.214 252.0 42.9579 0 0 0 0 0 0 0 0
480 1760 1637.0 392.2221 10000 1111.0 276.5459 326.0 107.5578 236.0 46.0623 0 0 0 0 0 0 0 0
480 1840 1675.0 396.8356 10000 1140.0 300.4189 319.0 148.3035 236.0 27.5464 0 0 0 0 0 0 0 0
480 1920 1695.0 388.6372 10000 1171.0 320.3101 350.0 137.7771 241.0 48.1913 0 0 0 0 0 0 0 0
480 2000 1684.0 336.8689 10000 1139.0 247.1278 333.0 101.37272 230.0 34.6598 0 0 0 0 0 0 0 0
560 160 0 0 0 0 0 0 0 0 0 0 0 0 0 0 0 0 0
560 240 0 0 0 0 0 0 0 0 0 0 0 0 0 0 0 0 0
560 320 0 0 0 0 0 0 0 0 0 0 0 0 0 0 0 0 0
560 400 1100.0 463.023 10000 751.0 344.6767 233.0 126.8402 150.0 46.9141 0 0 0 0 0 0 0 0
560 480 2291.0 773.387 10000 1492.0 555.367 398.0 189.8037 341.0 108.098 0 0 0 0 0 0 0 0
560 560 2594.0 597.342 10000 1728.0 426.2881 509.0 172.1953 369.0 73.407 0 0 0 0 0 0 0 0
560 640 2831.0 518.219 10000 1934.0 357.279 606.0 138.7637 405.0 62.272 0 0 0 0 0 0 0 0
560 720 2902.0 547.163 10000 1979.0 408.0015 644.0 165.0296 404.0 47.462 0 0 0 0 0 0 0 0
560 800 2782.0 561.871 10000 1877.0 393.1653 578.0 160.3813 442.0 66.452 0 0 0 0 0 0 0 0
560 880 2623.0 443.6969 10000 1778.0 316.2768 601.0 126.0935 370.0 53.6541 0 0 0 0 0 0 0 0
560 960 2639.0 463.618 10000 1775.0 341.2702 579.0 131.3016 358.0 58.573 0 0 0 0 0 0 0 0
560 1040 2610.0 411.4691 10000 1770.0 280.1329 576.0 109.7799 373.0 61.8203 0 0 0 0 0 0 0 0
560 1120 2561.0 483.7449 10000 1716.0 360.0231 565.0 178.5546 354.0 38.2331 0 0 0 0 0 0 0 0
560 1200 2566.0 511.464 10000 1757.0 380.3077 551.0 177.1019 341.0 71.674 0 0 0 0 0 0 0 0
560 1280 2457.0 447.6949 10000 1695.0 327.63 576.0 135.338 356.0 63.0191 0 0 0 0 0 0 0 0
560 1360 2532.0 438.5311 10000 1800.0 324.8174 586.0 119.2906 322.0 53.9719 0 0 0 0 0 0 0 0
560 1440 2458.0 516.447 10000 1678.0 389.0987 524.0 173.9726 355.0 49.03 0 0 0 0 0 0 0 0
560 1520 2442.0 503.154 10000 1659.0 380.8812 547.0 181.0029 319.0 75.75 0 0 0 0 0 0 0 0
560 1600 2380.0 480.278 10000 1608.0 363.312 545.0 145.8678 342.0 44.086 0 0 0 0 0 0 0 0
560 1680 2404.0 487.006 10000 1635.0 350.5096 526.0 177.9273 362.0 58.752 0 0 0 0 0 0 0 0
560 1760 2387.0 407.9657 10000 1644.0 306.1716 540.0 115.2682 328.0 52.8853 0 0 0 0 0 0 0 0
560 1840 2463.0 506.544 10000 1725.0 389.4012 535.0 149.1867 340.0 63.776 0 0 0 0 0 0 0 0
560 1920 2464.0 524.443 10000 1710.0 397.2871 586.0 192.9782 305.0 39.09 0 0 0 0 0 0 0 0
560 2000 2461.0 532.264 10000 1688.0 383.6862 557.0 168.5098 351.0 60.369 0 0 0 0 0 0 0 0
640 160 0 0 0 0 0 0 0 0 0 0 0 0 0 0 0 0 0
640 240 0 0 0 0 0 0 0 0 0 0 0 0 0 0 0 0 0
640 320 0 0 0 0 0 0 0 0 0 0 0 0 0 0 0 0 0
640 400 1150.0 492.672 10000 803.0 342.382 286.0 144.3763 144.0 45.437 0 0 0 0 0 0 0 0
640 480 2503.0 815.014 10000 1629.0 600.498 471.0 217.7662 433.0 112.929 0 0 0 0 0 0 0 0
640 560 3115.0 967.7 10000 2036.0 689.022 537.0 250.1544 494.0 110.401 0 0 0 0 0 0 0 0
640 640 2943.0 639.275 10000 2054.0 476.5691 687.0 200.9739 402.0 94.829 0 0 0 0 0 0 0 0
640 720 3313.0 568.886 10000 2311.0 422.9958 795.0 167.7817 396.0 100.906 0 0 0 0 0 0 0 0
640 800 3167.0 631.637 10000 2187.0 471.88 800.0 213.5415 420.0 60.149 0 0 0 0 0 0 0 0
640 880 3156.0 591.188 10000 2222.0 446.446 836.0 209.66 400.0 80.835 0 0 0 0 0 0 0 0
640 960 3213.0 561.155 10000 2271.0 379.0946 857.0 178.2072 407.0 87.894 0 0 0 0 0 0 0 0
640 1040 2970.0 626.825 10000 2114.0 465.02 826.0 212.4797 383.0 64.081 0 0 0 0 0 0 0 0
640 1120 2956.0 536.13 10000 2040.0 402.1676 789.0 165.6726 366.0 86.143 0 0 0 0 0 0 0 0
640 1200 3029.0 603.266 10000 2144.0 413.2699 812.0 181.0773 347.0 68.696 0 0 0 0 0 0 0 0
640 1280 2915.0 543.072 10000 2044.0 389.3587 802.0 162.8832 347.0 48.445 0 0 0 0 0 0 0 0
640 1360 2851.0 492.183 10000 2025.0 359.6343 761.0 161.2116 383.0 53.905 0 0 0 0 0 0 0 0
640 1440 2841.0 526.229 10000 2011.0 376.9682 730.0 177.4649 367.0 63.389 0 0 0 0 0 0 0 0
640 1520 2915.0 501.451 10000 2023.0 373.2424 753.0 180.0045 373.0 52.682 0 0 0 0 0 0 0 0
640 1600 2915.0 552.284 10000 2045.0 417.3286 789.0 163.7542 367.0 87.723 0 0 0 0 0 0 0 0
640 1680 2846.0 523.143 10000 1996.0 392.2071 726.0 176.2403 372.0 47.514 0 0 0 0 0 0 0 0
640 1760 2896.0 536.334 10000 2053.0 377.8803 769.0 171.3949 376.0 67.35 0 0 0 0 0 0 0 0
640 1840 2951.0 566.08 10000 2054.0 421.8213 789.0 218.2326 348.0 62.402 0 0 0 0 0 0 0 0
640 1920 2965.0 552.289 10000 2109.0 406.7317 780.0 213.9684 344.0 63.984 0 0 0 0 0 0 0 0
640 2000 2871.0 533.662 10000 2027.0 384.2881 760.0 184.1881 390.0 69.894 0 0 0 0 0 0 0 0
720 160 0 0 0 0 0 0 0 0 0 0 0 0 0 0 0 0 0
720 240 0 0 0 0 0 0 0 0 0 0 0 0 0 0 0 0 0
720 320 0 0 0 0 0 0 0 0 0 0 0 0 0 0 0 0 0
720 400 1032.0 396.11 10000 701.0 291.9903 230.0 113.6467 145.0 55.5766 0 0 0 0 0 0 0 0
720 480 2408.0 825.205 10000 1621.0 583.252 463.0 189.1973 391.0 120.854 0 0 0 0 0 0 0 0
720 560 3274.0 947.041 10000 2187.0 661.854 592.0 232.8535 459.0 98.931 0 0 0 0 0 0 0 0
720 640 3603.0 990.817 10000 2406.0 703.951 697.0 266.5673 547.0 159.247 0 0 0 0 0 0 0 0
720 720 3294.0 690.839 10000 2409.0 519.784 944.0 219.8849 351.0 73.72 0 0 0 0 0 0 0 0
720 800 3504.0 703.088 10000 2598.0 510.19 1069.0 240.7911 398.0 79.612 0 0 0 0 0 0 0 0
720 880 3449.0 662.729 10000 2524.0 464.2756 1056.0 194.8632 389.0 70.595 0 0 0 0 0 0 0 0
720 960 3466.0 704.993 10000 2527.0 518.22 1083.0 227.4149 364.0 70.844 0 0 0 0 0 0 0 0
720 1040 3357.0 667.314 10000 2455.0 472.306 1038.0 195.3318 390.0 88.158 0 0 0 0 0 0 0 0
720 1120 3210.0 616.3 10000 2325.0 462.662 1023.0 209.1353 358.0 65.957 0 0 0 0 0 0 0 0
720 1200 2477.0 466.559 7500 1814.0 339.7895 794.0 196.5049 303.0 54.978 0 0 0 0 0 0 0 0
720 1280 1532.0 333.045 5000 1138.0 246.129 457.0 124.2735 186.0 35.486 0 0 0 0 0 0 0 0
720 1360 1642.0 304.325 5000 1214.0 196.1335 570.0 84.23 177.0 37.626 0 0 0 0 0 0 0 0
720 1440 789.0 151.376 2500 594.0 107.866 260.0 44.4796 96.0 8.961 0 0 0 0 0 0 0 0
720 1520 3197.0 666.237 10000 2321.0 465.9606 961.0 214.4022 363.0 67.148 0 0 0 0 0 0 0 0
720 1600 781.0 173.12 2500 565.0 135.822 258.0 82.5601 91.0 7.599 0 0 0 0 0 0 0 0
720 1680 784.0 157.141 2500 597.0 117.693 262.0 62.4456 89.0 14.161 0 0 0 0 0 0 0 0
720 1760 3165.0 607.407 10000 2310.0 466.328 979.0 196.6371 352.0 70.695 0 0 0 0 0 0 0 0
720 1840 2334.0 347.171 5000 1701.0 257.5435 754.0 128.1886 281.0 33.741 0 0 0 0 0 0 0 0
720 1920 809.0 206.166 2500 601.0 153.832 267.0 69.5157 69.0 31.837 0 0 0 0 0 0 0 0
720 2000 798.0 166.438 2487 598.0 132.923 260.0 80.734 81.0 22.797 0 0 0 0 0 0 0 0
800 160 0 0 0 0 0 0 0 0 0 0 0 0 0 0 0 0 0
800 240 0 0 0 0 0 0 0 0 0 0 0 0 0 0 0 0 0
800 320 0 0 0 0 0 0 0 0 0 0 0 0 0 0 0 0 0
800 400 973.0 382.5297 10000 691.0 279.7086 245.0 105.7078 133.0 44.138 0 0 0 0 0 0 0 0
800 480 1087.0 142.806 2176 740.0 105.478 204.0 32.5343 129.0 24.329 0 0 0 0 0 0 0 0
800 560 2295.0 634.47 7038 1527.0 472.398 428.0 144.2379 349.0 93.668 0 0 0 0 0 0 0 0
800 640 1832.0 481.77 5000 1277.0 355.003 386.0 117.5337 253.0 62.362 0 0 0 0 0 0 0 0
800 720 2366.0 662.377 6179 1614.0 483.141 550.0 198.381 321.0 105.227 0 0 0 0 0 0 0 0
800 800 3524.0 793.6 10000 2654.0 609.492 1257.0 279.8914 330.0 72.881 0 0 0 0 0 0 0 0
800 880 1772.0 401.948 4699 1352.0 298.984 648.0 142.8511 135.0 45.001 0 0 0 0 0 0 0 0
800 960 3541.0 507.689 7500 2683.0 391.509 1293.0 166.1818 366.0 57.87 0 0 0 0 0 0 0 0
800 1040 3410.0 794.113 9638 2583.0 623.835 1264.0 277.9051 303.0 57.075 0 0 0 0 0 0 0 0
800 1120 3419.0 751.861 10000 2579.0 566.774 1229.0 264.8228 300.0 95.968 0 0 0 0 0 0 0 0
800 1200 2512.0 549.991 7170 1907.0 402.742 947.0 193.1289 200.0 49.015 0 0 0 0 0 0 0 0
800 1280 3404.0 647.142 10000 2598.0 460.369 1290.0 262.1211 326.0 68.518 0 0 0 0 0 0 0 0
800 1360 3350.0 672.771 10000 2561.0 523.6054 1232.0 275.6332 385.0 95.488 0 0 0 0 0 0 0 0
800 1440 3302.0 697.318 9737 2494.0 512.795 1195.0 275.8866 299.0 88.586 0 0 0 0 0 0 0 0
800 1520 3223.0 643.727 9704 2442.0 452.9511 1197.0 228.2648 353.0 85.388 0 0 0 0 0 0 0 0
800 1600 3357.0 763.92 10000 2563.0 570.391 1204.0 281.6667 333.0 92.605 0 0 0 0 0 0 0 0
800 1680 3366.0 615.753 10000 2595.0 463.117 1208.0 280.1193 293.0 82.497 0 0 0 0 0 0 0 0
800 1760 3294.0 758.547 10000 2507.0 583.311 1194.0 266.7957 322.0 97.531 0 0 0 0 0 0 0 0
800 1840 3185.0 722.03 9646 2386.0 508.1935 1155.0 263.6293 296.0 72.69 0 0 0 0 0 0 0 0
800 1920 3217.0 627.722 9593 2461.0 467.134 1192.0 243.6814 317.0 82.466 0 0 0 0 0 0 0 0
800 2000 3344.0 645.397 10000 2540.0 488.092 1245.0 217.4088 326.0 67.204 0 0 0 0 0 0 0 0
880 160 0 0 0 0 0 0 0 0 0 0 0 0 0 0 0 0 0
880 240 0 0 0 0 0 0 0 0 0 0 0 0 0 0 0 0 0
880 320 0 0 0 0 0 0 0 0 0 0 0 0 0 0 0 0 0
880 400 451.0 203.0186 5000 316.0 153.6383 122.0 76.7092 72.0 22.4614 0 0 0 0 0 0 0 0
880 480 1039.0 375.62 4479 669.0 277.803 213.0 94.2444 172.0 40.798 0 0 0 0 0 0 0 0
880 560 575.0 177.358 1820 383.0 112.479 106.0 37.5999 80.0 27.921 0 0 0 0 0 0 0 0
880 640 1510.0 445.632 5971 1044.0 313.644 305.0 112.7742 240.0 49.258 0 0 0 0 0 0 0 0
880 720 122.0 45.7816 370 91.0 33.42344 26.0 11.14111 23.0 5.5153 0 0 0 0 0 0 0 0
880 800 1556.0 479.225 4153 1101.0 333.837 416.0 124.3192 192.0 60.835 0 0 0 0 0 0 0 0
880 880 3541.0 910.884 10000 2800.0 675.73 1409.0 353.2078 332.0 113.643 0 0 0 0 0 0 0 0
880 960 3276.0 828.161 8896 2549.0 636.27 1313.0 305.701 271.0 87.014 0 0 0 0 0 0 0 0
880 1040 1850.0 443.601 5000 1443.0 347.369 767.0 179.5895 160.0 86.093 0 0 0 0 0 0 0 0
880 1120 1595.0 354.004 4448 1230.0 260.2687 670.0 134.8277 132.0 39.413 0 0 0 0 0 0 0 0
880 1200 895.0 210.688 2500 695.0 147.326 338.0 91.2774 82.0 15.243 0 0 0 0 0 0 0 0
880 1280 673.0 155.538 1956 520.0 120.577 260.0 57.4685 62.0 15.185 0 0 0 0 0 0 0 0
880 1360 840.0 212.426 2500 679.0 167.205 370.0 89.5147 69.0 20.203 0 0 0 0 0 0 0 0
880 1440 2385.0 530.611 7012 1879.0 412.225 1018.0 211.774 240.0 51.626 0 0 0 0 0 0 0 0
880 1520 873.0 189.822 2500 698.0 140.224 370.0 70.2923 69.0 21.731 0 0 0 0 0 0 0 0
880 1600 19.0 0.028 0 18.0 0.028 10.0 0.014 3.0 0.0 0 0 0 0 0 0 0 0
880 1680 842.0 160.186 2500 675.0 128.084 374.0 67.6148 77.0 21.023 0 0 0 0 0 0 0 0
880 1760 698.0 140.824 1997 557.0 108.356 312.0 51.1109 59.0 18.056 0 0 0 0 0 0 0 0
880 1840 1394.0 279.557 3927 1085.0 212.288 569.0 117.3321 124.0 28.133 0 0 0 0 0 0 0 0
880 1920 858.0 246.614 2500 680.0 198.844 380.0 100.973 64.0 41.068 0 0 0 0 0 0 0 0
880 2000 2970.0 728.126 8521 2351.0 552.401 1226.0 304.2013 282.0 53.88 0 0 0 0 0 0 0 0
960 160 0 0 0 0 0 0 0 0 0 0 0 0 0 0 0 0 0
960 240 0 0 0 0 0 0 0 0 0 0 0 0 0 0 0 0 0
960 320 0 0 0 0 0 0 0 0 0 0 0 0 0 0 0 0 0
960 400 863.0 415.4288 10000 641.0 287.9271 216.0 133.0137 104.0 55.0712 0 0 0 0 0 0 0 0
960 480 1524.0 532.076 6853 1055.0 385.1236 320.0 141.6647 225.0 66.233 0 0 0 0 0 0 0 0
960 560 2102.0 564.082 6751 1421.0 379.1727 403.0 124.4557 349.0 76.77 0 0 0 0 0 0 0 0
960 640 3272.0 900.08 9068 2209.0 646.802 702.0 225.0951 459.0 139.181 0 0 0 0 0 0 0 0
960 720 1902.0 562.413 5000 1303.0 389.386 482.0 169.4053 264.0 92.294 0 0 0 0 0 0 0 0
960 800 2998.0 946.738 7500 2096.0 696.143 797.0 272.6114 365.0 109.5 0 0 0 0 0 0 0 0
960 880 2555.0 822.779 6502 1842.0 579.51 773.0 230.4598 302.0 99.021 0 0 0 0 0 0 0 0
960 960 2709.0 748.221 7500 2152.0 588.512 1178.0 338.087 225.0 109.384 0 0 0 0 0 0 0 0
960 1040 3744.0 1044.866 10000 3008.0 769.999 1699.0 433.1981 281.0 66.446 0 0 0 0 0 0 0 0
960 1120 1861.0 436.034 5000 1516.0 307.871 840.0 150.8344 132.0 41.909 0 0 0 0 0 0 0 0
960 1200 677.0 138.84 1851 537.0 107.351 280.0 46.1555 51.0 20.258 0 0 0 0 0 0 0 0
960 1280 898.0 271.018 2500 743.0 229.983 428.0 115.955 68.0 15.552 0 0 0 0 0 0 0 0
960 1360 850.0 184.702 4348 701.0 132.036 372.0 60.8314 75.0 13.564 0 0 0 0 0 0 0 0
960 1440 2664.0 622.927 7500 2150.0 469.045 1173.0 231.5805 205.0 70.241 0 0 0 0 0 0 0 0
960 1520 1746.0 500.903 5000 1394.0 407.085 841.0 243.56 125.0 26.633 0 0 0 0 0 0 0 0
960 1600 2508.0 587.94 6949 2040.0 469.06 1200.0 253.6719 211.0 41.404 0 0 0 0 0 0 0 0
960 1680 1499.0 203.445 2500 1204.0 149.378 672.0 56.0237 124.0 31.276 0 0 0 0 0 0 0 0
960 1760 2369.0 418.584 5000 1937.0 333.634 1092.0 153.7212 181.0 70.573 0 0 0 0 0 0 0 0
960 1840 3281.0 833.107 9317 2638.0 645.065 1487.0 357.3751 277.0 66.823 0 0 0 0 0 0 0 0
960 1920 866.0 194.613 2500 713.0 157.812 429.0 102.008 73.0 46.02 0 0 0 0 0 0 0 0
960 2000 918.0 239.152 2500 759.0 204.594 398.0 93.2604 55.0 22.832 0 0 0 0 0 0 0 0
1040 160 0 0 0 0 0 0 0 0 0 0 0 0 0 0 0 0 0
1040 240 0 0 0 0 0 0 0 0 0 0 0 0 0 0 0 0 0
1040 320 0 0 0 0 0 0 0 0 0 0 0 0 0 0 0 0 0
1040 400 389.0 170.8415 5000 272.0 120.9795 101.0 39.4929 54.0 25.7632 0 0 0 0 0 0 0 0
1040 480 1104.0 353.303 5000 758.0 252.687 222.0 84.656 150.0 52.562 0 0 0 0 0 0 0 0
1040 560 808.0 215.572 2500 539.0 150.26 176.0 62.973 108.0 28.378 0 0 0 0 0 0 0 0
1040 640 949.0 273.967 2648 651.0 198.5065 189.0 63.7643 142.0 36.144 0 0 0 0 0 0 0 0
1040 720 1877.0 544.858 4956 1281.0 366.2132 426.0 113.818 235.0 63.519 0 0 0 0 0 0 0 0
1040 800 1923.0 426.047 3723 1374.0 304.3086 533.0 138.9807 219.0 47.606 0 0 0 0 0 0 0 0
1040 880 1968.0 576.598 5000 1453.0 424.705 588.0 173.3185 204.0 66.547 0 0 0 0 0 0 0 0
1040 960 3538.0 1316.41 8686 2661.0 975.453 1212.0 423.8916 348.0 158.432 0 0 0 0 0 0 0 0
1040 1040 1876.0 675.067 5000 1534.0 535.683 952.0 263.871 137.0 62.327 0 0 0 0 0 0 0 0
1040 1120 977.0 265.045 2500 819.0 193.493 501.0 101.469 68.0 17.063 0 0 0 0 0 0 0 0
1040 1200 3756.0 1249.827 10000 3119.0 995.489 1929.0 516.561 248.0 144.111 0 0 0 0 0 0 0 0
1040 1280 2688.0 831.355 7500 2263.0 688.411 1383.0 376.186 174.0 65.723 0 0 0 0 0 0 0 0
1040 1360 2744.0 742.757 7500 2214.0 589.002 1348.0 399.277 189.0 66.009 0 0 0 0 0 0 0 0
1040 1440 3315.0 990.581 8979 2729.0 745.781 1697.0 414.6153 213.0 108.145 0 0 0 0 0 0 0 0
1040 1520 1416.0 382.636 3897 1171.0 298.088 722.0 178.2008 89.0 38.33 0 0 0 0 0 0 0 0
1040 1600 2639.0 835.153 7500 2145.0 624.759 1344.0 353.395 204.0 87.278 0 0 0 0 0 0 0 0
1040 1680 1802.0 491.261 5000 1497.0 396.836 927.0 225.3414 112.0 40.166 0 0 0 0 0 0 0 0
1040 1760 1787.0 521.723 5000 1482.0 387.969 904.0 209.995 111.0 52.971 0 0 0 0 0 0 0 0
1040 1840 1386.0 266.012 2500 1140.0 222.004 687.0 117.938 84.0 15.438 0 0 0 0 0 0 0 0
1040 1920 1793.0 515.23 5000 1481.0 414.575 888.0 217.559 114.0 67.299 0 0 0 0 0 0 0 0
1040 2000 1823.0 622.6 5000 1510.0 492.508 907.0 308.037 143.0 27.318 0 0 0 0 0 0 0 0
1120 160 0 0 0 0 0 0 0 0 0 0 0 0 0 0 0 0 0
1120 240 0 0 0 0 0 0 0 0 0 0 0 0 0 0 0 0 0
1120 320 0 0 0 0 0 0 0 0 0 0 0 0 0 0 0 0 0
1120 400 474.0 206.2277 6485 344.0 149.9697 128.0 59.4924 76.0 27.1525 0 0 0 0 0 0 0 0
1120 480 2054.0 718.662 10000 1442.0 518.7 389.0 183.1257 287.0 118.864 0 0 0 0 0 0 0 0
1120 560 724.0 223.054 2500 501.0 147.886 144.0 52.1586 124.0 36.256 0 0 0 0 0 0 0 0
1120 640 408.0 89.1094 0 281.0 62.993 88.0 20.0346 71.0 20.2586 0 0 0 0 0 0 0 0
1120 720 990.0 288.296 2500 707.0 203.039 242.0 94.6432 127.0 47.611 0 0 0 0 0 0 0 0
1120 800 419.0 124.728 1040 310.0 98.6225 116.0 41.1378 35.0 8.407 0 0 0 0 0 0 0 0
1120 880 1002.0 286.187 2500 723.0 216.242 323.0 98.7665 102.0 48.033 0 0 0 0 0 0 0 0
1120 960 2932.0 1150.574 7500 2212.0 845.738 1052.0 382.768 326.0 127.263 0 0 0 0 0 0 0 0
1120 1040 3062.0 1248.387 7500 2318.0 913.275 1081.0 404.138 290.0 139.069 0 0 0 0 0 0 0 0
1120 1120 833.0 149.874 1126 695.0 112.677 454.0 41.0036 71.0 15.806 0 0 0 0 0 0 0 0
1120 1200 2786.0 1025.906 7500 2334.0 840.347 1511.0 523.449 179.0 113.611 0 0 0 0 0 0 0 0
1120 1280 1343.0 312.149 2500 1157.0 277.303 722.0 158.235 75.0 36.569 0 0 0 0 0 0 0 0
1120 1360 2806.0 943.233 7500 2343.0 711.852 1513.0 431.946 173.0 49.797 0 0 0 0 0 0 0 0
1120 1440 3112.0 1102.39 8654 2615.0 900.0 1670.0 506.6207 168.0 61.147 0 0 0 0 0 0 0 0
1120 1520 2808.0 879.126 7500 2378.0 725.524 1580.0 410.358 173.0 81.886 0 0 0 0 0 0 0 0
1120 1600 1376.0 515.177 3689 1145.0 398.334 751.0 225.5505 79.0 34.185 0 0 0 0 0 0 0 0
1120 1680 878.0 341.0 2500 749.0 215.059 467.0 108.369 54.0 32.186 0 0 0 0 0 0 0 0
1120 1760 2717.0 995.14 7500 2285.0 812.489 1450.0 490.843 173.0 67.483 0 0 0 0 0 0 0 0
1120 1840 700.0 247.898 1999 586.0 194.5402 397.0 111.4589 45.0 29.79 0 0 0 0 0 0 0 0
1120 1920 1796.0 527.328 5000 1516.0 415.096 967.0 223.337 114.0 45.651 0 0 0 0 0 0 0 0
1120 2000 2786.0 799.649 7500 2363.0 662.321 1526.0 410.677 178.0 92.499 0 0 0 0 0 0 0 0
1200 160 0 0 0 0 0 0 0 0 0 0 0 0 0 0 0 0 0
1200 240 0 0 0 0 0 0 0 0 0 0 0 0 0 0 0 0 0
1200 320 0 0 0 0 0 0 0 0 0 0 0 0 0 0 0 0 0
1200 400 202.0 87.3641 2500 144.0 62.938 47.0 13.0593 18.0 7.4092 0 0 0 0 0 0 0 0
1200 480 2044.0 682.974 10000 1384.0 479.984 397.0 172.6457 298.0 74.544 0 0 0 0 0 0 0 0
1200 560 1447.0 446.084 5000 989.0 326.938 290.0 107.6225 230.0 63.299 0 0 0 0 0 0 0 0
1200 640 1237.0 379.632 3434 839.0 286.8078 263.0 100.563 171.0 36.516 0 0 0 0 0 0 0 0
1200 720 314.0 88.6579 907 215.0 63.306 78.0 29.4625 50.0 8.7592 0 0 0 0 0 0 0 0
1200 800 986.0 288.394 2500 687.0 230.724 278.0 87.0937 111.0 28.741 0 0 0 0 0 0 0 0
1200 880 1939.0 623.369 5000 1418.0 457.375 615.0 187.858 219.0 90.459 0 0 0 0 0 0 0 0
1200 960 3955.0 1296.238 10000 2958.0 962.549 1335.0 401.1542 393.0 226.894 0 0 0 0 0 0 0 0
1200 1040 1033.0 391.148 2500 782.0 270.286 364.0 130.035 92.0 40.58 0 0 0 0 0 0 0 0
1200 1120 2056.0 854.963 5000 1619.0 637.723 883.0 338.768 190.0 99.72 0 0 0 0 0 0 0 0
1200 1200 1291.0 531.898 3458 1086.0 424.348 715.0 235.4371 75.0 44.983 0 0 0 0 0 0 0 0
1200 1280 3857.0 1558.803 10000 3302.0 1269.235 2187.0 780.721 227.0 133.97 0 0 0 0 0 0 0 0
1200 1360 1888.0 764.569 5000 1616.0 631.719 1092.0 416.529 103.0 54.357 0 0 0 0 0 0 0 0
1200 1440 1854.0 780.199 5000 1587.0 625.525 1054.0 423.394 118.0 65.517 0 0 0 0 0 0 0 0
1200 1520 887.0 332.43 2500 769.0 238.103 503.0 146.525 60.0 19.707 0 0 0 0 0 0 0 0
1200 1600 1836.0 635.177 5000 1595.0 526.756 1079.0 377.005 120.0 55.469 0 0 0 0 0 0 0 0
1200 1680 1696.0 727.267 4506 1448.0 574.709 987.0 322.6443 88.0 45.981 0 0 0 0 0 0 0 0
1200 1760 1085.0 427.213 3012 926.0 349.779 638.0 188.6878 55.0 19.583 0 0 0 0 0 0 0 0
1200 1840 2759.0 1095.618 7500 2385.0 913.352 1627.0 572.79 138.0 55.478 0 0 0 0 0 0 0 0
1200 1920 1838.0 665.566 5000 1552.0 546.429 1053.0 300.895 98.0 47.315 0 0 0 0 0 0 0 0
1200 2000 2196.0 608.465 5000 1855.0 480.786 1218.0 300.364 124.0 68.611 0 0 0 0 0 0 0 0
1280 160 0 0 0 0 0 0 0 0 0 0 0 0 0 0 0 0 0
1280 240 0 0 0 0 0 0 0 0 0 0 0 0 0 0 0 0 0
1280 320 0 0 0 0 0 0 0 0 0 0 0 0 0 0 0 0 0
1280 400 715.0 303.8506 10000 493.0 221.393 167.0 88.8035 102.0 44.8344 0 0 0 0 0 0 0 0
1280 480 723.0 189.0951 3530 492.0 136.9562 130.0 47.5358 110.0 32.0573 0 0 0 0 0 0 0 0
1280 560 569.0 147.0826 1940 394.0 91.2469 113.0 21.7947 91.0 23.5036 0 0 0 0 0 0 0 0
1280 640 1166.0 311.9807 3408 790.0 220.2021 237.0 70.6433 163.0 40.7067 0 0 0 0 0 0 0 0
1280 720 1293.0 346.6528 3379 888.0 245.1104 328.0 85.6677 160.0 41.9564 0 0 0 0 0 0 0 0
1280 800 1280.0 373.5613 3328 912.0 271.8793 359.0 127.842 149.0 61.6551 0 0 0 0 0 0 0 0
1280 880 1007.0 336.476 2500 728.0 240.612 306.0 100.773 120.0 28.41 0 0 0 0 0 0 0 0
1280 960 986.0 327.408 2500 759.0 236.258 359.0 122.01 128.0 43.772 0 0 0 0 0 0 0 0
1280 1040 192.0 65.8636 495 150.0 53.0917 70.0 20.8873 17.0 6.2618 0 0 0 0 0 0 0 0
1280 1120 3956.0 1699.262 10000 3100.0 1259.373 1556.0 549.739 375.0 203.952 0 0 0 0 0 0 0 0
1280 1200 1220.0 573.7833 2910 960.0 416.91 554.0 202.4339 77.0 56.4332 0 0 0 0 0 0 0 0
1280 1280 2852.0 1159.863 7500 2457.0 1006.117 1710.0 588.937 152.0 83.581 0 0 0 0 0 0 0 0
1280 1360 3810.0 1749.11 10000 3288.0 1450.077 2284.0 925.663 168.0 121.531 0 0 0 0 0 0 0 0
1280 1440 904.0 329.339 2500 791.0 266.51 521.0 155.886 59.0 47.871 0 0 0 0 0 0 0 0
1280 1520 944.0 334.03 2500 809.0 257.731 568.0 129.731 42.0 34.954 0 0 0 0 0 0 0 0
1280 1600 921.0 376.531 2500 815.0 311.526 572.0 202.074 55.0 32.682 0 0 0 0 0 0 0 0
1280 1680 1899.0 726.747 5000 1646.0 602.603 1160.0 370.969 98.0 54.641 0 0 0 0 0 0 0 0
1280 1760 2608.0 1022.622 7040 2275.0 783.828 1565.0 514.776 155.0 115.04 0 0 0 0 0 0 0 0
1280 1840 2710.0 1210.137 7500 2362.0 1013.594 1698.0 677.244 131.0 94.253 0 0 0 0 0 0 0 0
1280 1920 3696.0 1520.325 10000 3217.0 1257.525 2270.0 853.711 193.0 111.496 0 0 0 0 0 0 0 0
1280 2000 2684.0 1196.876 7255 2352.0 974.802 1673.0 671.098 124.0 88.718 0 0 0 0 0 0 0 0
1360 160 0 0 0 0 0 0 0 0 0 0 0 0 0 0 0 0 0
1360 240 0 0 0 0 0 0 0 0 0 0 0 0 0 0 0 0 0
1360 320 0 0 0 0 0 0 0 0 0 0 0 0 0 0 0 0 0
1360 400 353.0 143.692 5000 257.0 100.7593 90.0 39.5995 39.0 14.9256 0 0 0 0 0 0 0 0
1360 480 1915.0 625.415 9598 1264.0 435.444 334.0 145.3277 263.0 77.033 0 0 0 0 0 0 0 0
1360 560 2202.0 623.99 7500 1494.0 428.963 405.0 139.7756 337.0 88.919 0 0 0 0 0 0 0 0
1360 640 2182.0 554.076 6336 1473.0 408.33 419.0 140.4847 305.0 91.39 0 0 0 0 0 0 0 0
1360 720 3789.0 1087.632 10000 2634.0 799.427 877.0 280.3984 535.0 134.935 0 0 0 0 0 0 0 0
1360 800 3618.0 971.227 9211 2583.0 707.521 1040.0 299.4767 457.0 129.789 0 0 0 0 0 0 0 0
1360 880 3780.0 1180.705 9379 2746.0 855.225 1176.0 370.4742 415.0 163.402 0 0 0 0 0 0 0 0
1360 960 4045.0 1339.516 10000 3000.0 947.192 1357.0 415.1904 415.0 151.948 0 0 0 0 0 0 0 0
1360 1040 4012.0 1525.66 10000 3061.0 1157.37 1467.0 507.595 428.0 155.395 0 0 0 0 0 0 0 0
1360 1120 1089.0 503.675 2850 805.0 336.602 405.0 174.2337 99.0 45.728 0 0 0 0 0 0 0 0
1360 1200 2945.0 1380.301 7500 2362.0 1056.405 1322.0 566.866 253.0 149.986 0 0 0 0 0 0 0 0
1360 1280 2604.0 1466.26 6483 2097.0 1144.486 1247.0 644.368 190.0 107.487 0 0 0 0 0 0 0 0
1360 1360 2733.0 1328.59 7065 2403.0 1136.991 1700.0 758.059 152.0 95.927 0 0 0 0 0 0 0 0
1360 1440 2897.0 1436.391 7500 2556.0 1224.745 1830.0 808.773 124.0 156.431 0 0 0 0 0 0 0 0
1360 1520 3188.0 1520.989 8358 2780.0 1314.41 1947.0 809.708 152.0 129.041 0 0 0 0 0 0 0 0
1360 1600 2873.0 1472.956 7729 2507.0 1190.153 1818.0 789.763 140.0 110.293 0 0 0 0 0 0 0 0
1360 1680 2810.0 1369.258 7500 2495.0 1167.699 1825.0 774.276 141.0 113.44 0 0 0 0 0 0 0 0
1360 1760 2796.0 1292.123 7500 2450.0 1104.403 1761.0 757.374 153.0 105.454 0 0 0 0 0 0 0 0
1360 1840 3700.0 1807.914 10000 3277.0 1514.212 2385.0 956.551 171.0 104.815 0 0 0 0 0 0 0 0
1360 1920 3603.0 1689.687 9708 3151.0 1413.668 2259.0 932.242 176.0 110.827 0 0 0 0 0 0 0 0
1360 2000 3532.0 1674.784 9503 3078.0 1476.345 2224.0 944.354 155.0 78.242 0 0 0 0 0 0 0 0
1440 160 0 0 0 0 0 0 0 0 0 0 0 0 0 0 0 0 0
1440 240 0 0 0 0 0 0 0 0 0 0 0 0 0 0 0 0 0
1440 320 0 0 0 0 0 0 0 0 0 0 0 0 0 0 0 0 0
1440 400 550.0 224.6149 7500 379.0 152.4687 126.0 59.5242 76.0 31.6346 0 0 0 0 0 0 0 0
1440 480 1938.0 667.193 10000 1311.0 464.457 340.0 171.0814 301.0 81.435 0 0 0 0 0 0 0 0
1440 560 2931.0 787.0 10000 1936.0 559.921 558.0 226.8189 465.0 109.099 0 0 0 0 0 0 0 0
1440 640 3025.0 788.024 8535 2069.0 533.337 607.0 194.4316 467.0 118.207 0 0 0 0 0 0 0 0
1440 720 3409.0 938.46 9012 2381.0 662.336 834.0 267.3416 492.0 128.233 0 0 0 0 0 0 0 0
1440 800 2487.0 701.26 6390 1748.0 488.5081 677.0 180.3191 289.0 85.468 0 0 0 0 0 0 0 0
1440 880 3913.0 1300.115 10000 2871.0 942.556 1242.0 386.8655 449.0 177.165 0 0 0 0 0 0 0 0
1440 960 2131.0 726.037 5481 1586.0 509.661 714.0 222.0722 222.0 95.154 0 0 0 0 0 0 0 0
1440 1040 3059.0 1317.549 9013 2353.0 941.797 1156.0 426.0668 276.0 147.194 0 0 0 0 0 0 0 0
1440 1120 3931.0 1703.497 10000 3021.0 1305.726 1586.0 619.618 364.0 187.448 0 0 0 0 0 0 0 0
1440 1200 2021.0 985.019 5000 1584.0 724.149 841.0 387.794 165.0 99.767 0 0 0 0 0 0 0 0
1440 1280 3043.0 1537.676 7475 2421.0 1174.425 1396.0 599.7876 234.0 168.7 0 0 0 0 0 0 0 0
1440 1360 3589.0 2057.272 8789 2936.0 1562.328 1756.0 824.404 222.0 212.802 0 0 0 0 0 0 0 0
1440 1440 3605.0 1946.086 9555 3177.0 1647.664 2346.0 1055.531 150.0 174.178 0 0 0 0 0 0 0 0
1440 1520 2811.0 1539.359 7500 2498.0 1280.951 1830.0 912.468 136.0 93.659 0 0 0 0 0 0 0 0
1440 1600 2848.0 1617.866 7500 2512.0 1431.108 1869.0 928.476 115.0 107.753 0 0 0 0 0 0 0 0
1440 1680 2700.0 1651.404 7223 2388.0 1434.843 1731.0 992.404 118.0 120.53 0 0 0 0 0 0 0 0
1440 1760 3669.0 1808.355 9720 3215.0 1512.196 2394.0 1045.475 140.0 120.129 0 0 0 0 0 0 0 0
1440 1840 1879.0 978.594 5000 1684.0 879.573 1278.0 566.92 66.0 75.626 0 0 0 0 0 0 0 0
1440 1920 3718.0 1947.683 10000 3313.0 1674.346 2432.0 1167.664 158.0 175.6 0 0 0 0 0 0 0 0
1440 2000 2824.0 1480.784 7500 2520.0 1243.469 1877.0 862.729 112.0 98.24 0 0 0 0 0 0 0 0
1520 160 0 0 0 0 0 0 0 0 0 0 0 0 0 0 0 0 0
1520 240 0 0 0 0 0 0 0 0 0 0 0 0 0 0 0 0 0
1520 320 0 0 0 0 0 0 0 0 0 0 0 0 0 0 0 0 0
1520 400 523.0 230.4785 7500 364.0 163.3591 128.0 85.298 76.0 16.8374 0 0 0 0 0 0 0 0
1520 480 1362.0 438.976 6768 906.0 308.9952 246.0 99.8624 215.0 63.133 0 0 0 0 0 0 0 0
1520 560 1770.0 474.482 6208 1184.0 348.0868 318.0 126.6243 259.0 66.989 0 0 0 0 0 0 0 0
1520 640 3200.0 838.687 9074 2171.0 572.162 656.0 196.2689 428.0 106.766 0 0 0 0 0 0 0 0
1520 720 967.0 279.407 2500 664.0 180.768 214.0 57.6311 119.0 30.136 0 0 0 0 0 0 0 0
1520 800 2004.0 546.118 5000 1435.0 401.026 554.0 171.6497 261.0 66.649 0 0 0 0 0 0 0 0
1520 880 4000.0 1382.946 10000 2952.0 987.26 1261.0 399.1661 470.0 177.436 0 0 0 0 0 0 0 0
1520 960 3613.0 1202.805 9179 2698.0 889.156 1226.0 382.8338 397.0 148.382 0 0 0 0 0 0 0 0
1520 1040 2834.0 1007.167 7072 2169.0 725.554 1032.0 340.9472 277.0 105.421 0 0 0 0 0 0 0 0
1520 1120 1004.0 424.921 2448 773.0 314.441 419.0 150.7167 91.0 49.947 0 0 0 0 0 0 0 0
1520 1200 3070.0 1374.065 7500 2407.0 1004.186 1326.0 508.118 266.0 122.979 0 0 0 0 0 0 0 0
1520 1280 2994.0 1516.145 7500 2424.0 1169.841 1375.0 617.38 235.0 124.917 0 0 0 0 0 0 0 0
1520 1360 2116.0 1258.122 5517 1727.0 989.674 1006.0 538.265 171.0 142.296 0 0 0 0 0 0 0 0
1520 1440 3599.0 2277.992 8808 3037.0 1750.313 1966.0 991.174 209.0 200.812 0 0 0 0 0 0 0 0
1520 1520 2548.0 1636.827 6711 2294.0 1375.549 1729.0 838.449 93.0 47.508 0 0 0 0 0 0 0 0
1520 1600 1363.0 790.688 3664 1196.0 671.009 910.0 475.786 51.0 57.678 0 0 0 0 0 0 0 0
1520 1680 2554.0 1498.192 6613 2303.0 1260.545 1777.0 871.659 101.0 76.496 0 0 0 0 0 0 0 0
1520 1760 3460.0 1521.379 6960 3115.0 1351.259 2349.0 899.554 133.0 65.056 0 0 0 0 0 0 0 0
1520 1840 3347.0 1737.746 8828 2973.0 1466.406 2283.0 1001.425 139.0 49.514 0 0 0 0 0 0 0 0
1520 1920 3597.0 2001.244 9686 3223.0 1723.89 2459.0 1178.917 140.0 131.437 0 0 0 0 0 0 0 0
1520 2000 3362.0 1956.666 9131 2990.0 1705.052 2248.0 1224.959 126.0 138.679 0 0 0 0 0 0 0 0
1600 160 0 0 0 0 0 0 0 0 0 0 0 0 0 0 0 0 0
1600 240 0 0 0 0 0 0 0 0 0 0 0 0 0 0 0 0 0
1600 320 0 0 0 0 0 0 0 0 0 0 0 0 0 0 0 0 0
1600 400 316.0 136.3014 4984 216.0 97.0872 78.0 36.2179 43.0 14.5275 0 0 0 0 0 0 0 0
1600 480 949.0 282.429 4633 636.0 210.078 174.0 84.0852 137.0 32.889 0 0 0 0 0 0 0 0
1600 560 1896.0 500.62 6645 1286.0 360.8315 344.0 113.7131 308.0 67.468 0 0 0 0 0 0 0 0
1600 640 3558.0 912.704 10000 2404.0 641.303 732.0 231.003 506.0 118.983 0 0 0 0 0 0 0 0
1600 720 2788.0 709.913 7500 1939.0 520.388 622.0 172.5727 369.0 85.961 0 0 0 0 0 0 0 0
1600 800 3883.0 1024.496 10000 2768.0 769.355 1039.0 300.9592 511.0 135.348 0 0 0 0 0 0 0 0
1600 880 3065.0 892.803 7500 2219.0 676.234 934.0 311.2316 332.0 108.504 0 0 0 0 0 0 0 0
1600 960 2936.0 979.581 7500 2192.0 711.003 991.0 323.0603 300.0 141.402 0 0 0 0 0 0 0 0
1600 1040 3035.0 1150.651 7517 2321.0 875.306 1126.0 438.144 304.0 132.3 0 0 0 0 0 0 0 0
1600 1120 2991.0 1184.933 7500 2335.0 834.066 1237.0 399.617 278.0 124.004 0 0 0 0 0 0 0 0
1600 1200 3044.0 1367.952 7500 2411.0 1063.947 1321.0 497.074 277.0 149.026 0 0 0 0 0 0 0 0
1600 1280 3004.0 1485.234 7500 2421.0 1111.186 1380.0 525.258 219.0 119.23 0 0 0 0 0 0 0 0
1600 1360 2971.0 1556.742 7451 2458.0 1258.707 1459.0 657.766 223.0 196.194 0 0 0 0 0 0 0 0
1600 1440 2667.0 1499.919 6482 2193.0 1171.399 1354.0 716.931 180.0 120.081 0 0 0 0 0 0 0 0
1600 1520 3054.0 2181.921 7500 2597.0 1789.377 1715.0 1049.165 194.0 120.673 0 0 0 0 0 0 0 0
1600 1600 1639.0 1160.936 4418 1479.0 1027.292 1112.0 705.519 57.0 25.728 0 0 0 0 0 0 0 0
1600 1680 3350.0 2198.34 9150 3030.0 1851.352 2340.0 1277.53 152.0 166.209 0 0 0 0 0 0 0 0
1600 1760 2465.0 1624.569 6656 2228.0 1409.219 1732.0 988.492 90.0 55.959 0 0 0 0 0 0 0 0
1600 1840 2855.0 1585.169 7500 2562.0 1395.076 2007.0 975.858 112.0 116.818 0 0 0 0 0 0 0 0
1600 1920 3570.0 2331.374 9516 3211.0 1959.293 2491.0 1354.019 139.0 180.275 0 0 0 0 0 0 0 0
1600 2000 3598.0 1696.699 7500 2538.0 1492.887 1974.0 1113.484 -678.0 124.298 0 0 0 0 0 0 0 0
1680 160 0 0 0 0 0 0 0 0 0 0 0 0 0 0 0 0 0
1680 240 0 0 0 0 0 0 0 0 0 0 0 0 0 0 0 0 0
1680 320 0 0 0 0 0 0 0 0 0 0 0 0 0 0 0 0 0
1680 400 722.0 305.334 9904 512.0 217.1968 169.0 83.9004 99.0 45.6464 0 0 0 0 0 0 0 0
1680 480 1967.0 600.973 10000 1321.0 402.2582 394.0 143.2541 307.0 77.904 0 0 0 0 0 0 0 0
1680 560 1487.0 417.157 5000 994.0 290.77 267.0 103.788 210.0 42.049 0 0 0 0 0 0 0 0
1680 640 3082.0 767.393 8968 2095.0 544.163 612.0 195.8955 465.0 98.537 0 0 0 0 0 0 0 0
1680 720 1822.0 467.941 5000 1267.0 333.897 424.0 141.1144 284.0 49.613 0 0 0 0 0 0 0 0
1680 800 2382.0 636.277 6077 1691.0 442.043 607.0 189.8217 286.0 83.183 0 0 0 0 0 0 0 0
1680 880 2186.0 675.879 5514 1564.0 472.29 655.0 204.5274 242.0 83.018 0 0 0 0 0 0 0 0
1680 960 1730.0 607.462 4316 1263.0 434.176 572.0 200.2017 188.0 104.687 0 0 0 0 0 0 0 0
1680 1040 2294.0 779.022 5705 1759.0 568.224 849.0 259.4827 209.0 92.688 0 0 0 0 0 0 0 0
1680 1120 1843.0 750.335 4630 1438.0 550.957 779.0 271.8831 168.0 76.878 0 0 0 0 0 0 0 0
1680 1200 1559.0 773.507 4006 1230.0 558.591 666.0 288.158 147.0 56.134 0 0 0 0 0 0 0 0
1680 1280 3392.0 1597.67 8746 2733.0 1233.853 1609.0 621.023 305.0 182.392 0 0 0 0 0 0 0 0
1680 1360 1010.0 460.764 2500 817.0 379.819 475.0 221.049 93.0 50.773 0 0 0 0 0 0 0 0
1680 1440 1545.0 850.741 3918 1280.0 641.887 826.0 365.723 107.0 95.934 0 0 0 0 0 0 0 0
1680 1520 3987.0 2540.305 10000 3341.0 2020.955 2139.0 1207.093 244.0 224.881 0 0 0 0 0 0 0 0
1680 1600 2092.0 1536.451 5209 1778.0 1250.721 1220.0 782.01 132.0 124.91 0 0 0 0 0 0 0 0
1680 1680 3559.0 2591.436 10000 3227.0 2257.615 2545.0 1645.517 145.0 157.711 0 0 0 0 0 0 0 0
1680 1760 3733.0 2608.164 10000 3371.0 2200.86 2678.0 1630.344 126.0 205.911 0 0 0 0 0 0 0 0
1680 1840 2459.0 1685.958 6585 2225.0 1497.768 1759.0 1188.435 102.0 66.711 0 0 0 0 0 0 0 0
1680 1920 3404.0 2359.049 9123 3070.0 2028.749 2416.0 1440.467 121.0 121.436 0 0 0 0 0 0 0 0
1680 2000 3479.0 2684.677 9450 3152.0 2285.195 2472.0 1560.973 99.0 127.726 0 0 0 0 0 0 0 0
1760 160 0 0 0 0 0 0 0 0 0 0 0 0 0 0 0 0 0
1760 240 0 0 0 0 0 0 0 0 0 0 0 0 0 0 0 0 0
1760 320 0 0 0 0 0 0 0 0 0 0 0 0 0 0 0 0 0
1760 400 660.0 261.5918 10000 453.0 183.8086 145.0 62.4082 114.0 48.3282 0 0 0 0 0 0 0 0
1760 480 841.0 258.946 4439 557.0 180.7233 165.0 65.8179 152.0 30.869 0 0 0 0 0 0 0 0
1760 560 2016.0 505.7 6822 1337.0 366.7128 374.0 130.6338 334.0 65.975 0 0 0 0 0 0 0 0
1760 640 2367.0 594.4 6775 1581.0 413.148 490.0 152.9734 344.0 70.28 0 0 0 0 0 0 0 0
1760 720 2242.0 597.692 5878 1518.0 439.462 514.0 182.7866 286.0 67.974 0 0 0 0 0 0 0 0
1760 800 3977.0 1030.598 10000 2771.0 727.841 1048.0 312.2299 519.0 141.083 0 0 0 0 0 0 0 0
1760 880 4053.0 1187.569 10000 2976.0 858.584 1204.0 321.442 448.0 156.455 0 0 0 0 0 0 0 0
1760 960 2019.0 671.888 5000 1508.0 488.201 686.0 219.456 203.0 74.568 0 0 0 0 0 0 0 0
1760 1040 2980.0 1122.184 7500 2261.0 820.585 1095.0 371.449 298.0 142.16 0 0 0 0 0 0 0 0
1760 1120 1995.0 853.449 5000 1567.0 660.83 838.0 293.77 181.0 67.854 0 0 0 0 0 0 0 0
1760 1200 2980.0 1209.304 7500 2328.0 878.796 1270.0 431.82 271.0 152.78 0 0 0 0 0 0 0 0
1760 1280 3017.0 1396.395 7499 2448.0 1086.294 1410.0 625.992 217.0 110.819 0 0 0 0 0 0 0 0
1760 1360 3009.0 1576.135 7500 2461.0 1179.097 1462.0 619.408 217.0 160.249 0 0 0 0 0 0 0 0
1760 1440 2902.0 1514.456 7500 2389.0 1171.569 1435.0 640.764 228.0 144.538 0 0 0 0 0 0 0 0
1760 1520 3009.0 1690.691 7500 2480.0 1310.229 1571.0 749.848 207.0 157.288 0 0 0 0 0 0 0 0
1760 1600 3919.0 2716.124 10000 3299.0 2204.411 2135.0 1266.888 228.0 262.279 0 0 0 0 0 0 0 0
1760 1680 3047.0 2583.77 7500 2611.0 2165.711 1842.0 1374.328 143.0 190.304 0 0 0 0 0 0 0 0
1760 1760 2688.0 1982.997 7500 2437.0 1756.145 1947.0 1195.023 89.0 119.742 0 0 0 0 0 0 0 0
1760 1840 2652.0 2042.203 7452 2402.0 1751.807 1911.0 1259.565 94.0 104.323 0 0 0 0 0 0 0 0
1760 1920 3644.0 2572.876 9999 3332.0 2210.074 2651.0 1690.508 110.0 126.584 0 0 0 0 0 0 0 0
1760 2000 2188.0 1685.344 6162 1982.0 1460.385 1599.0 1148.114 76.0 113.835 0 0 0 0 0 0 0 0
1840 160 0 0 0 0 0 0 0 0 0 0 0 0 0 0 0 0 0
1840 240 0 0 0 0 0 0 0 0 0 0 0 0 0 0 0 0 0
1840 320 0 0 0 0 0 0 0 0 0 0 0 0 0 0 0 0 0
1840 400 96.0 35.6312 1302 69.0 30.943 21.0 13.9339 9.0 4.6506 0 0 0 0 0 0 0 0
1840 480 1437.0 487.018 7500 960.0 360.238 248.0 126.4345 227.0 58.235 0 0 0 0 0 0 0 0
1840 560 2336.0 640.477 8160 1536.0 472.5226 400.0 160.2331 382.0 79.8585 0 0 0 0 0 0 0 0
1840 640 1751.0 419.11 5000 1193.0 305.196 350.0 99.6333 241.0 69.339 0 0 0 0 0 0 0 0
1840 720 1415.0 367.439 3721 959.0 258.483 324.0 105.4402 189.0 50.5052 0 0 0 0 0 0 0 0
1840 800 992.0 263.678 2500 708.0 178.911 262.0 83.7499 116.0 21.175 0 0 0 0 0 0 0 0
1840 880 2421.0 661.4137 5864 1756.0 433.8435 705.0 187.575 266.0 79.4193 0 0 0 0 0 0 0 0
1840 960 1009.0 311.873 2530 721.0 219.7464 315.0 78.3577 98.0 47.482 0 0 0 0 0 0 0 0
1840 1040 2000.0 716.943 4900 1543.0 490.0848 757.0 223.2025 196.0 77.852 0 0 0 0 0 0 0 0
1840 1120 2504.0 959.8277 6174 1942.0 706.1069 1020.0 374.4465 251.0 147.2544 0 0 0 0 0 0 0 0
1840 1200 2555.0 1055.5803 6329 2033.0 793.7248 1136.0 420.0716 197.0 122.1697 0 0 0 0 0 0 0 0
1840 1280 18.0 6.43698 47 18.0 6.24851 8.0 4.07091 1.0 0.0 0 0 0 0 0 0 0 0
1840 1360 1070.0 518.329 2674 870.0 398.2331 516.0 204.0944 73.0 65.9032 0 0 0 0 0 0 0 0
1840 1440 2133.0 1164.018 5380 1769.0 830.2359 1103.0 430.9233 141.0 71.1131 0 0 0 0 0 0 0 0
1840 1520 1980.0 1183.672 5000 1651.0 1003.645 1033.0 508.036 113.0 85.916 0 0 0 0 0 0 0 0
1840 1600 3883.0 2472.755 10000 3256.0 1954.804 2146.0 1152.75 227.0 178.112 0 0 0 0 0 0 0 0
1840 1680 2801.0 2221.654 7500 2367.0 1775.007 1584.0 1085.084 180.0 153.487 0 0 0 0 0 0 0 0
1840 1760 3929.0 3133.829 10000 3428.0 2541.145 2437.0 1609.433 207.0 249.669 0 0 0 0 0 0 0 0
1840 1840 2651.0 2129.1477 7729 2405.0 1809.4111 1949.0 1312.4345 80.0 51.939 0 0 0 0 0 0 0 0
1840 1920 2650.0 2154.959 7723 2420.0 1866.15 1972.0 1407.8531 84.0 149.638 0 0 0 0 0 0 0 0
1840 2000 2755.0 2125.6377 7722 2536.0 1892.4555 2041.0 1436.7103 70.0 71.816 0 0 0 0 0 0 0 0
1920 160 0 0 0 0 0 0 0 0 0 0 0 0 0 0 0 0 0
1920 240 0 0 0 0 0 0 0 0 0 0 0 0 0 0 0 0 0
1920 320 0 0 0 0 0 0 0 0 0 0 0 0 0 0 0 0 0
1920 400 516.0 209.7028 7785 373.0 137.94215 115.0 55.54402 92.0 30.166 0 0 0 0 0 0 0 0
1920 480 1878.0 608.73 10000 1263.0 438.379 330.0 147.767 315.0 82.602 0 0 0 0 0 0 0 0
1920 560 2233.0 574.3882 7718 1463.0 401.8091 378.0 154.12747 345.0 95.5169 0 0 0 0 0 0 0 0
1920 640 1114.0 321.5537 3122 756.0 239.08515 230.0 79.08339 150.0 37.4169 0 0 0 0 0 0 0 0
1920 720 1049.0 279.3611 2908 716.0 205.3326 229.0 73.33465 175.0 35.7003 0 0 0 0 0 0 0 0
1920 800 1228.0 328.3437 3096 874.0 254.1756 323.0 117.10116 170.0 39.2244 0 0 0 0 0 0 0 0
1920 880 1058.0 293.9544 2689 746.0 185.6362 293.0 82.79042 122.0 39.5138 0 0 0 0 0 0 0 0
1920 960 3018.0 964.93 7500 2212.0 689.336 1001.0 317.7342 306.0 126.354 0 0 0 0 0 0 0 0
1920 1040 211.0 79.2526 550 167.0 57.6791 75.0 20.31988 21.0 6.5506 0 0 0 0 0 0 0 0
1920 1120 1135.0 496.0156 2860 874.0 362.082 449.0 196.38563 102.0 40.0501 0 0 0 0 0 0 0 0
1920 1200 1178.0 550.4722 3024 903.0 428.2169 459.0 222.4399 102.0 66.6819 0 0 0 0 0 0 0 0
1920 1280 3085.0 1372.686 7500 2466.0 1056.837 1397.0 578.555 260.0 133.627 0 0 0 0 0 0 0 0
1920 1360 3958.0 1878.045 10000 3238.0 1434.762 1919.0 738.688 313.0 208.345 0 0 0 0 0 0 0 0
1920 1440 3857.0 2125.094 10000 3173.0 1653.437 2010.0 886.657 254.0 209.642 0 0 0 0 0 0 0 0
1920 1520 3852.0 2155.545 10000 3211.0 1650.312 2014.0 964.484 271.0 202.439 0 0 0 0 0 0 0 0
1920 1600 2875.0 1827.253 7671 2398.0 1366.0068 1594.0 843.50204 168.0 113.8266 0 0 0 0 0 0 0 0
1920 1680 3734.0 2539.692 10000 3194.0 2082.641 2143.0 1243.951 215.0 224.311 0 0 0 0 0 0 0 0
1920 1760 3791.0 2761.859 10000 3249.0 2156.7 2239.0 1273.139 210.0 237.609 0 0 0 0 0 0 0 0
1920 1840 2790.0 2393.964 7499 2435.0 2010.477 1728.0 1293.408 119.0 159.722 0 0 0 0 0 0 0 0
1920 1920 3263.0 2900.605 9999 3025.0 2574.61 2476.0 1944.004 113.0 133.984 0 0 0 0 0 0 0 0
1920 2000 3354.0 3077.582 10000 3093.0 2794.459 2540.0 2157.044 93.0 140.049 0 0 0 0 0 0 0 0
2000 160 0 0 0 0 0 0 0 0 0 0 0 0 0 0 0 0 0
2000 240 0 0 0 0 0 0 0 0 0 0 0 0 0 0 0 0 0
2000 320 0 0 0 0 0 0 0 0 0 0 0 0 0 0 0 0 0
2000 400 701.0 301.6176 10000 479.0 189.2705 165.0 86.7752 91.0 43.2988 0 0 0 0 0 0 0 0
2000 480 1884.0 611.293 10000 1291.0 446.2701 327.0 166.3881 307.0 75.312 0 0 0 0 0 0 0 0
2000 560 2787.0 733.106 10000 1863.0 527.999 501.0 170.2078 464.0 122.436 0 0 0 0 0 0 0 0
2000 640 3543.0 877.158 10000 2369.0 599.36 724.0 214.3092 547.0 105.718 0 0 0 0 0 0 0 0
2000 720 1972.0 524.1435 5132 1375.0 386.5047 435.0 142.90189 280.0 49.998 0 0 0 0 0 0 0 0
2000 800 3951.0 1080.797 10000 2845.0 799.247 1037.0 295.2127 507.0 156.621 0 0 0 0 0 0 0 0
2000 880 1023.0 311.4474 2735 736.0 210.68028 291.0 90.03435 114.0 36.4722 0 0 0 0 0 0 0 0
2000 960 4121.0 1218.335 10000 3056.0 914.857 1368.0 393.3198 436.0 150.321 0 0 0 0 0 0 0 0
2000 1040 4004.0 1421.625 10000 3006.0 1044.26 1424.0 473.376 397.0 153.88 0 0 0 0 0 0 0 0
2000 1120 4069.0 1563.229 10000 3148.0 1181.246 1535.0 592.76 373.0 152.11 0 0 0 0 0 0 0 0
2000 1200 4053.0 1634.653 10000 3219.0 1223.824 1720.0 603.014 335.0 157.924 0 0 0 0 0 0 0 0
2000 1280 3928.0 1970.728 10000 3147.0 1476.33 1758.0 739.233 329.0 192.036 0 0 0 0 0 0 0 0
2000 1360 4009.0 2111.953 9999 3346.0 1668.808 1970.0 891.501 286.0 204.658 0 0 0 0 0 0 0 0
2000 1440 3930.0 2026.68 10000 3225.0 1522.923 1964.0 834.612 263.0 164.798 0 0 0 0 0 0 0 0
2000 1520 3831.0 2183.484 9999 3176.0 1729.737 1959.0 1015.587 252.0 215.089 0 0 0 0 0 0 0 0
2000 1600 3654.0 2173.706 9999 3114.0 1755.175 2027.0 1048.927 230.0 162.229 0 0 0 0 0 0 0 0
2000 1680 3637.0 2433.78 10000 3063.0 1884.756 2081.0 1124.496 221.0 181.141 0 0 0 0 0 0 0 0
2000 1760 3578.0 2399.126 9999 3046.0 1949.778 2031.0 1155.667 215.0 169.455 0 0 0 0 0 0 0 0
2000 1840 3416.0 2603.634 10000 2984.0 2121.995 2111.0 1399.022 176.0 188.285 0 0 0 0 0 0 0 0
2000 1920 3362.0 2910.01 9997 2939.0 2421.071 2193.0 1654.654 154.0 210.061 0 0 0 0 0 0 0 0
2000 2000 2885.0 2863.607 9996 2664.0 2587.785 2186.0 1955.395 102.0 154.734 0 0 0 0 0 0 0 0
