400 400 707.0 258.0368 10000 486.0 204.5757 171.0 98.071 108.0 41.3638 0 0 0 0 0 0 0 0
400 480 1262.0 367.0667 10000 845.0 257.0726 256.0 91.5669 182.0 53.6139 0 0 0 0 0 0 0 0
400 560 1195.0 387.4084 10000 814.0 293.11 239.0 116.7359 211.0 44.6001 0 0 0 0 0 0 0 0
400 640 1128.0 311.2898 10000 774.0 240.8203 254.0 102.01079 135.0 45.7193 0 0 0 0 0 0 0 0
400 720 1061.0 335.0962 10000 749.0 241.6565 249.0 79.5791 144.0 41.5667 0 0 0 0 0 0 0 0
400 800 925.0 289.5425 10000 641.0 206.0883 226.0 79.8756 130.0 41.629 0 0 0 0 0 0 0 0
400 880 6659.0 2592.695 60000 4630.0 1916.0129 1586.0 794.3448 947.0 274.9765 0 0 0 0 0 0 0 0
400 960 822.0 316.4021 10000 580.0 238.1209 188.0 116.4129 94.0 28.2313 0 0 0 0 0 0 0 0
400 1040 847.0 348.8669 10000 588.0 254.1906 180.0 123.0326 109.0 40.5522 0 0 0 0 0 0 0 0
400 1120 683.0 270.8224 10000 485.0 214.5433 178.0 120.155 99.0 40.2841 0 0 0 0 0 0 0 0
400 1200 676.0 268.7811 10000 481.0 211.0799 148.0 101.6176 103.0 22.61 0 0 0 0 0 0 0 0
400 1280 730.0 267.4124 10000 514.0 206.1899 191.0 92.59605 99.0 43.3733 0 0 0 0 0 0 0 0
400 1360 720.0 263.7152 10000 514.0 205.9299 177.0 99.0513 91.0 24.4365 0 0 0 0 0 0 0 0
400 1440 663.0 236.4505 10000 480.0 189.543 152.0 89.568 89.0 25.3648 0 0 0 0 0 0 0 0
400 1520 654.0 279.8566 9999 452.0 209.0419 163.0 138.4346 109.0 40.2902 0 0 0 0 0 0 0 0
400 1600 662.0 242.6366 10000 472.0 180.9113 155.0 78.5757 92.0 37.0413 0 0 0 0 0 0 0 0
400 1680 742.0 298.7401 10000 493.0 230.7872 158.0 89.0438 93.0 36.5694 0 0 0 0 0 0 0 0
400 1760 692.0 250.6996 10000 489.0 197.1557 170.0 100.5244 95.0 30.4331 0 0 0 0 0 0 0 0
400 1840 721.0 219.1117 10000 495.0 169.6745 170.0 83.2767 94.0 24.8807 0 0 0 0 0 0 0 0
400 1920 703.0 279.4137 10000 498.0 210.351 158.0 127.943 101.0 14.6959 0 0 0 0 0 0 0 0
400 2000 690.0 217.4151 10000 465.0 165.5249 156.0 74.3712 90.0 20.4179 0 0 0 0 0 0 0 0
480 400 1149.0 425.722 10000 779.0 309.2063 200.0 112.488 178.0 71.908 0 0 0 0 0 0 0 0
480 480 1974.0 470.643 10000 1309.0 326.4775 350.0 135.2823 348.0 65.037 0 0 0 0 0 0 0 0
480 560 2543.0 478.069 10000 1706.0 359.7368 512.0 134.5075 367.0 80.537 0 0 0 0 0 0 0 0
480 640 2546.0 508.038 10000 1730.0 361.7979 476.0 106.7209 393.0 40.668 0 0 0 0 0 0 0 0
480 720 2417.0 409.3072 10000 1620.0 308.2763 462.0 110.7469 367.0 62.4891 0 0 0 0 0 0 0 0
480 800 2284.0 435.7788 10000 1520.0 341.8093 459.0 128.7207 352.0 65.5832 0 0 0 0 0 0 0 0
480 880 15387.0 4700.703 60000 10178.0 3436.5359 2895.0 1198.9128 2402.0 630.551 0 0 0 0 0 0 0 0
480 960 2096.0 398.4875 10000 1418.0 294.9799 418.0 126.4668 317.0 45.5753 0 0 0 0 0 0 0 0
480 1040 2045.0 426.46 10000 1363.0 327.002 409.0 155.9858 288.0 28.2037 0 0 0 0 0 0 0 0
480 1120 1990.0 369.6724 10000 1362.0 262.8573 428.0 120.5331 317.0 62.7529 0 0 0 0 0 0 0 0
480 1200 1897.0 393.1609 10000 1308.0 288.2901 403.0 143.008 309.0 52.0651 0 0 0 0 0 0 0 0
480 1280 2024.0 407.7501 10000 1357.0 288.8295 393.0 116.922 300.0 45.7319 0 0 0 0 0 0 0 0
480 1360 1887.0 416.6637 10000 1287.0 299.0581 396.0 145.4692 263.0 45.0489 0 0 0 0 0 0 0 0
480 1440 1896.0 406.9469 10000 1272.0 286.9665 378.0 126.8416 273.0 49.837 0 0 0 0 0 0 0 0
480 1520 1900.0 417.1121 10000 1252.0 326.8714 360.0 164.8811 293.0 46.877 0 0 0 0 0 0 0 0
480 1600 1770.0 389.9488 10000 1197.0 274.2788 350.0 105.8047 301.0 47.5843 0 0 0 0 0 0 0 0
480 1680 1883.0 342.1981 10000 1262.0 258.6413 360.0 104.4984 288.0 43.9932 0 0 0 0 0 0 0 0
480 1760 1884.0 413.1608 10000 1268.0 295.2437 366.0 119.7117 270.0 48.1862 0 0 0 0 0 0 0 0
480 1840 1912.0 412.409 10000 1284.0 312.4718 350.0 151.4614 282.0 30.661 0 0 0 0 0 0 0 0
480 1920 1885.0 401.6844 10000 1292.0 330.1135 375.0 139.1987 281.0 50.448 0 0 0 0 0 0 0 0
480 2000 1875.0 358.3991 10000 1261.0 262.7008 360.0 107.53992 262.0 35.9272 0 0 0 0 0 0 0 0
560 400 1227.0 483.7262 10000 844.0 358.3307 253.0 130.2627 171.0 49.4878 0 0 0 0 0 0 0 0
560 480 2567.0 811.341 10000 1660.0 584.057 423.0 197.6687 389.0 111.325 0 0 0 0 0 0 0 0
560 560 2762.0 617.399 10000 1847.0 442.4409 536.0 178.2282 396.0 75.03 0 0 0 0 0 0 0 0
560 640 3016.0 533.172 10000 2059.0 366.2679 638.0 141.0796 428.0 62.461 0 0 0 0 0 0 0 0
560 720 3065.0 563.235 10000 2083.0 418.9587 665.0 171.7637 430.0 49.163 0 0 0 0 0 0 0 0
560 800 2947.0 575.128 10000 1983.0 403.3894 606.0 164.5079 466.0 67.841 0 0 0 0 0 0 0 0
560 880 19107.0 4914.4229 60000 12691.0 3479.6045 3625.0 1253.8659 2825.0 617.4981 0 0 0 0 0 0 0 0
560 960 2835.0 489.771 10000 1905.0 362.7041 621.0 145.9967 381.0 64.686 0 0 0 0 0 0 0 0
560 1040 2773.0 420.8051 10000 1874.0 288.4308 595.0 114.3798 399.0 62.97 0 0 0 0 0 0 0 0
560 1120 2734.0 501.6629 10000 1833.0 375.8975 612.0 186.1172 385.0 40.2901 0 0 0 0 0 0 0 0
560 1200 2740.0 525.586 10000 1871.0 392.4433 580.0 180.8055 367.0 72.184 0 0 0 0 0 0 0 0
560 1280 2632.0 458.5385 10000 1809.0 334.1191 608.0 136.3145 387.0 63.3685 0 0 0 0 0 0 0 0
560 1360 2713.0 464.575 10000 1928.0 348.2037 627.0 134.2701 340.0 55.802 0 0 0 0 0 0 0 0
560 1440 2650.0 533.159 10000 1817.0 399.8077 564.0 178.5912 383.0 55.597 0 0 0 0 0 0 0 0
560 1520 2634.0 513.332 10000 1791.0 387.4725 584.0 182.6274 350.0 78.569 0 0 0 0 0 0 0 0
560 1600 2574.0 488.802 10000 1740.0 370.0226 584.0 148.7314 374.0 45.221 0 0 0 0 0 0 0 0
560 1680 2604.0 500.146 10000 1767.0 359.734 561.0 179.5372 389.0 58.965 0 0 0 0 0 0 0 0
560 1760 2566.0 429.7732 10000 1762.0 324.2662 568.0 126.6533 358.0 53.1018 0 0 0 0 0 0 0 0
560 1840 2638.0 522.001 10000 1845.0 400.5879 563.0 151.2848 369.0 66.114 0 0 0 0 0 0 0 0
560 1920 2656.0 537.731 10000 1851.0 404.236 622.0 194.6479 335.0 40.295 0 0 0 0 0 0 0 0
560 2000 2676.0 558.705 10000 1834.0 403.8443 597.0 181.0896 373.0 60.931 0 0 0 0 0 0 0 0
640 400 1269.0 520.816 10000 883.0 364.0325 305.0 148.8641 168.0 46.734 0 0 0 0 0 0 0 0
640 480 2741.0 868.743 10000 1779.0 646.419 501.0 241.0552 481.0 116.89 0 0 0 0 0 0 0 0
640 560 3308.0 990.297 10000 2155.0 705.629 555.0 253.8729 536.0 112.511 0 0 0 0 0 0 0 0
640 640 3092.0 662.567 10000 2159.0 496.279 719.0 209.5163 423.0 95.905 0 0 0 0 0 0 0 0
640 720 3428.0 583.617 10000 2388.0 433.626 818.0 177.2247 409.0 100.905 0 0 0 0 0 0 0 0
640 800 3280.0 647.087 10000 2271.0 481.245 828.0 215.6951 439.0 62.352 0 0 0 0 0 0 0 0
640 880 20497.0 4909.186 60000 14103.0 3565.9419 4507.0 1387.6867 2912.0 638.226 0 0 0 0 0 0 0 0
640 960 3323.0 576.658 10000 2341.0 387.8328 883.0 183.8294 417.0 88.566 0 0 0 0 0 0 0 0
640 1040 3109.0 633.483 10000 2207.0 468.73 863.0 213.2393 395.0 64.272 0 0 0 0 0 0 0 0
640 1120 3096.0 540.754 10000 2131.0 404.2355 818.0 166.6533 381.0 86.71 0 0 0 0 0 0 0 0
640 1200 3162.0 611.985 10000 2240.0 418.7885 847.0 183.903 368.0 70.381 0 0 0 0 0 0 0 0
640 1280 3043.0 551.834 10000 2136.0 397.4707 826.0 164.6843 367.0 49.598 0 0 0 0 0 0 0 0
640 1360 2979.0 516.569 10000 2118.0 378.8357 792.0 171.7041 403.0 54.082 0 0 0 0 0 0 0 0
640 1440 2972.0 532.798 10000 2110.0 382.5238 761.0 179.634 387.0 64.772 0 0 0 0 0 0 0 0
640 1520 3053.0 508.212 10000 2126.0 379.3679 787.0 182.773 389.0 53.157 0 0 0 0 0 0 0 0
640 1600 3039.0 560.933 10000 2129.0 424.7386 823.0 169.5598 383.0 89.027 0 0 0 0 0 0 0 0
640 1680 2967.0 541.562 10000 2082.0 405.3798 759.0 187.2997 391.0 49.523 0 0 0 0 0 0 0 0
640 1760 3043.0 557.627 10000 2154.0 390.2038 810.0 178.9803 398.0 68.479 0 0 0 0 0 0 0 0
640 1840 3092.0 582.701 10000 2163.0 431.3055 835.0 224.9554 369.0 66.944 0 0 0 0 0 0 0 0
640 1920 3112.0 569.45 10000 2210.0 417.0102 817.0 218.784 362.0 68.691 0 0 0 0 0 0 0 0
640 2000 2987.0 541.274 10000 2108.0 389.4163 790.0 188.489 407.0 69.908 0 0 0 0 0 0 0 0
720 400 1150.0 414.8118 10000 786.0 305.6732 252.0 120.3128 180.0 59.4552 0 0 0 0 0 0 0 0
720 480 2643.0 868.126 10000 1765.0 610.992 490.0 198.6603 427.0 127.796 0 0 0 0 0 0 0 0
720 560 3429.0 964.632 10000 2288.0 676.197 608.0 238.6255 478.0 101.014 0 0 0 0 0 0 0 0
720 640 3701.0 1011.84 10000 2467.0 714.061 714.0 270.3573 573.0 160.862 0 0 0 0 0 0 0 0
720 720 3398.0 700.569 10000 2477.0 526.24 969.0 220.7479 357.0 76.904 0 0 0 0 0 0 0 0
720 800 3586.0 717.413 10000 2660.0 519.466 1100.0 244.0739 406.0 79.808 0 0 0 0 0 0 0 0
720 880 21114.0 4768.478 60000 14820.0 3460.6447 5300.0 1394.4738 2641.0 588.887 0 0 0 0 0 0 0 0
720 960 3540.0 716.534 10000 2585.0 522.993 1104.0 229.8343 368.0 70.843 0 0 0 0 0 0 0 0
720 1040 3425.0 678.19 10000 2509.0 479.507 1062.0 200.4288 399.0 89.011 0 0 0 0 0 0 0 0
720 1120 3284.0 626.071 10000 2387.0 469.298 1052.0 213.0691 364.0 65.957 0 0 0 0 0 0 0 0
720 1200 3367.0 665.67 10000 2462.0 490.539 1076.0 267.0178 396.0 78.02 0 0 0 0 0 0 0 0
720 1280 3213.0 637.819 10000 2355.0 450.8872 984.0 232.2183 388.0 68.908 0 0 0 0 0 0 0 0
720 1360 3268.0 603.651 10000 2395.0 418.3295 1070.0 176.3107 374.0 87.935 0 0 0 0 0 0 0 0
720 1440 3269.0 618.199 10000 2441.0 438.673 1002.0 198.8221 373.0 80.395 0 0 0 0 0 0 0 0
720 1520 3289.0 671.989 10000 2385.0 470.357 982.0 214.8429 376.0 81.862 0 0 0 0 0 0 0 0
720 1600 3280.0 701.868 10000 2409.0 579.59 1022.0 297.7312 365.0 61.479 0 0 0 0 0 0 0 0
720 1680 3185.0 628.755 10000 2344.0 446.007 1047.0 211.4433 375.0 60.196 0 0 0 0 0 0 0 0
720 1760 3254.0 620.978 10000 2378.0 477.008 996.0 201.8696 359.0 72.329 0 0 0 0 0 0 0 0
720 1840 3240.0 642.94 10000 2361.0 490.2029 1047.0 213.7573 380.0 57.886 0 0 0 0 0 0 0 0
720 1920 3219.0 700.89 10000 2356.0 536.202 1022.0 258.6038 351.0 80.664 0 0 0 0 0 0 0 0
720 2000 3251.0 682.139 10000 2414.0 510.681 1071.0 234.6847 378.0 79.54 0 0 0 0 0 0 0 0
800 400 1075.0 401.2747 10000 748.0 292.2503 260.0 106.4661 154.0 47.5564 0 0 0 0 0 0 0 0
800 480 2639.0 802.832 10000 1784.0 586.174 504.0 186.7123 395.0 120.243 0 0 0 0 0 0 0 0
800 560 3391.0 925.5 10000 2234.0 673.016 639.0 218.5531 526.0 140.396 0 0 0 0 0 0 0 0
800 640 3716.0 1033.441 10000 2581.0 757.537 791.0 253.3346 517.0 110.066 0 0 0 0 0 0 0 0
800 720 3853.0 1129.613 10000 2613.0 816.406 870.0 317.0656 531.0 146.857 0 0 0 0 0 0 0 0
800 800 3574.0 807.669 10000 2689.0 623.06 1272.0 285.8467 337.0 74.501 0 0 0 0 0 0 0 0
800 880 20994.0 4862.336 60000 15208.0 3557.4884 6211.0 1571.7 2450.0 551.015 0 0 0 0 0 0 0 0
800 960 3694.0 696.128 10000 2795.0 532.239 1351.0 234.5262 380.0 85.924 0 0 0 0 0 0 0 0
800 1040 3573.0 832.271 10000 2704.0 647.057 1312.0 291.4963 326.0 58.595 0 0 0 0 0 0 0 0
800 1120 3459.0 767.958 10000 2610.0 582.399 1244.0 275.2016 304.0 97.549 0 0 0 0 0 0 0 0
800 1200 3503.0 735.314 10000 2663.0 536.813 1303.0 262.2359 301.0 64.738 0 0 0 0 0 0 0 0
800 1280 3462.0 672.515 10000 2644.0 485.741 1307.0 264.2871 330.0 68.687 0 0 0 0 0 0 0 0
800 1360 3389.0 674.291 10000 2593.0 525.1112 1246.0 275.829 389.0 95.664 0 0 0 0 0 0 0 0
800 1440 3446.0 739.578 10000 2610.0 536.467 1248.0 292.5452 320.0 89.415 0 0 0 0 0 0 0 0
800 1520 3390.0 664.452 10000 2582.0 470.6414 1266.0 239.9624 369.0 89.807 0 0 0 0 0 0 0 0
800 1600 3405.0 770.35 10000 2596.0 575.608 1220.0 282.1447 338.0 92.605 0 0 0 0 0 0 0 0
800 1680 3422.0 626.031 10000 2637.0 473.012 1221.0 280.1333 294.0 82.497 0 0 0 0 0 0 0 0
800 1760 3339.0 761.623 10000 2543.0 586.387 1208.0 268.1739 325.0 97.531 0 0 0 0 0 0 0 0
800 1840 3346.0 764.851 10000 2510.0 529.8595 1216.0 271.5103 306.0 73.8 0 0 0 0 0 0 0 0
800 1920 3378.0 673.797 10000 2581.0 495.994 1246.0 258.8939 331.0 88.449 0 0 0 0 0 0 0 0
800 2000 3377.0 654.395 10000 2569.0 496.712 1258.0 219.4099 331.0 68.568 0 0 0 0 0 0 0 0
880 400 1019.0 434.4372 10000 713.0 323.2953 262.0 143.3956 144.0 43.9358 0 0 0 0 0 0 0 0
880 480 2627.0 861.216 10000 1725.0 623.489 525.0 221.6271 398.0 106.831 0 0 0 0 0 0 0 0
880 560 3411.0 948.405 10000 2264.0 653.378 646.0 230.3716 496.0 134.386 0 0 0 0 0 0 0 0
880 640 3705.0 1060.516 10000 2545.0 770.318 775.0 292.8616 556.0 127.243 0 0 0 0 0 0 0 0
880 720 3857.0 1114.375 10000 2679.0 787.534 906.0 301.7183 520.0 144.464 0 0 0 0 0 0 0 0
880 800 3818.0 1245.723 10000 2732.0 881.687 1028.0 364.4263 479.0 160.478 0 0 0 0 0 0 0 0
880 880 16946.0 3541.2679 50000 12466.0 2598.2656 5379.0 1213.1188 1858.0 426.1241 0 0 0 0 0 0 0 0
880 960 3704.0 930.885 10000 2890.0 705.243 1493.0 338.7082 307.0 101.061 0 0 0 0 0 0 0 0
880 1040 3708.0 978.208 10000 2888.0 746.553 1504.0 427.1385 308.0 122.227 0 0 0 0 0 0 0 0
880 1120 3624.0 740.968 10000 2795.0 549.6677 1483.0 285.0934 292.0 73.805 0 0 0 0 0 0 0 0
880 1200 3571.0 850.258 10000 2771.0 626.329 1434.0 348.2324 308.0 88.653 0 0 0 0 0 0 0 0
880 1280 3521.0 837.558 10000 2759.0 670.78 1413.0 314.7586 333.0 70.774 0 0 0 0 0 0 0 0
880 1360 3571.0 820.878 10000 2837.0 647.658 1540.0 365.2198 266.0 87.884 0 0 0 0 0 0 0 0
880 1440 3405.0 771.339 10000 2678.0 576.383 1442.0 298.7046 328.0 78.318 0 0 0 0 0 0 0 0
880 1520 3455.0 839.895 10000 2704.0 615.9 1416.0 344.9496 296.0 102.558 0 0 0 0 0 0 0 0
880 1600 3576.0 807.845 10000 2825.0 594.131 1484.0 326.2549 295.0 100.651 0 0 0 0 0 0 0 0
880 1680 3497.0 773.649 10000 2786.0 597.107 1464.0 332.064 284.0 82.63 0 0 0 0 0 0 0 0
880 1760 3554.0 779.287 10000 2780.0 594.285 1476.0 284.5428 308.0 94.075 0 0 0 0 0 0 0 0
880 1840 3567.0 791.711 10000 2787.0 604.374 1506.0 328.4989 297.0 71.122 0 0 0 0 0 0 0 0
880 1920 3419.0 787.3 10000 2673.0 632.021 1474.0 310.7093 289.0 99.118 0 0 0 0 0 0 0 0
880 2000 3514.0 873.438 10000 2775.0 660.338 1467.0 368.9711 322.0 66.791 0 0 0 0 0 0 0 0
960 400 957.0 440.047 10000 704.0 310.8403 232.0 139.0898 121.0 56.955 0 0 0 0 0 0 0 0
960 480 2457.0 811.592 10000 1653.0 559.948 483.0 192.2783 382.0 103.818 0 0 0 0 0 0 0 0
960 560 3302.0 843.017 10000 2190.0 575.203 618.0 193.0968 525.0 120.648 0 0 0 0 0 0 0 0
960 640 3708.0 981.751 10000 2488.0 712.06 779.0 246.8415 531.0 154.705 0 0 0 0 0 0 0 0
960 720 3879.0 1091.724 10000 2677.0 759.209 944.0 310.0277 525.0 155.459 0 0 0 0 0 0 0 0
960 800 3994.0 1241.01 10000 2800.0 925.037 1050.0 372.4124 487.0 143.757 0 0 0 0 0 0 0 0
960 880 21031.0 4721.978 60000 15356.0 3427.0679 6667.0 1530.4939 2306.0 553.201 0 0 0 0 0 0 0 0
960 960 3628.0 1051.343 10000 2880.0 809.957 1580.0 459.823 306.0 129.951 0 0 0 0 0 0 0 0
960 1040 3753.0 1053.994 10000 3016.0 776.625 1704.0 436.473 283.0 66.447 0 0 0 0 0 0 0 0
960 1120 3739.0 973.659 10000 3031.0 739.266 1704.0 367.8664 276.0 115.66 0 0 0 0 0 0 0 0
960 1200 3669.0 975.46 10000 2935.0 782.228 1641.0 391.2957 286.0 85.542 0 0 0 0 0 0 0 0
960 1280 3612.0 969.56 10000 2938.0 786.366 1710.0 410.9447 279.0 81.663 0 0 0 0 0 0 0 0
960 1360 3614.0 862.412 10000 2927.0 644.999 1668.0 327.0559 277.0 69.299 0 0 0 0 0 0 0 0
960 1440 3553.0 850.983 10000 2866.0 655.75 1613.0 337.1625 271.0 82.804 0 0 0 0 0 0 0 0
960 1520 3557.0 1010.704 10000 2854.0 789.164 1691.0 417.1666 242.0 71.118 0 0 0 0 0 0 0 0
960 1600 3599.0 888.956 10000 2918.0 712.738 1713.0 402.4311 288.0 55.445 0 0 0 0 0 0 0 0
960 1680 3553.0 906.393 10000 2862.0 690.939 1638.0 347.1585 272.0 121.446 0 0 0 0 0 0 0 0
960 1760 3568.0 871.737 10000 2907.0 686.413 1655.0 348.8354 276.0 134.408 0 0 0 0 0 0 0 0
960 1840 3571.0 910.391 10000 2869.0 706.471 1611.0 394.8506 293.0 67.098 0 0 0 0 0 0 0 0
960 1920 3500.0 851.689 10000 2830.0 670.541 1660.0 367.7957 285.0 127.616 0 0 0 0 0 0 0 0
960 2000 3644.0 883.551 10000 2938.0 687.31 1648.0 311.047 245.0 93.438 0 0 0 0 0 0 0 0
1040 400 925.0 325.54 10000 654.0 225.7429 220.0 89.4547 125.0 46.8551 0 0 0 0 0 0 0 0
1040 480 2450.0 742.033 10000 1665.0 527.08 465.0 177.0335 342.0 116.209 0 0 0 0 0 0 0 0
1040 560 3342.0 924.298 10000 2236.0 643.937 672.0 220.7174 467.0 128.104 0 0 0 0 0 0 0 0
1040 640 3643.0 978.911 10000 2506.0 714.754 799.0 240.0544 568.0 124.691 0 0 0 0 0 0 0 0
1040 720 3890.0 1060.4 10000 2668.0 734.695 919.0 256.8982 517.0 131.323 0 0 0 0 0 0 0 0
1040 800 3942.0 1101.565 10000 2824.0 788.571 1090.0 313.4919 463.0 128.064 0 0 0 0 0 0 0 0
1040 880 16814.0 3784.2231 50000 12218.0 2765.9528 5056.0 1190.6622 1943.0 422.327 0 0 0 0 0 0 0 0
1040 960 4071.0 1484.28 10000 3049.0 1089.115 1388.0 482.4 412.0 182.717 0 0 0 0 0 0 0 0
1040 1040 3749.0 1275.335 10000 3067.0 1016.446 1882.0 532.686 254.0 108.327 0 0 0 0 0 0 0 0
1040 1120 3831.0 1180.175 10000 3154.0 914.932 1869.0 444.851 281.0 108.747 0 0 0 0 0 0 0 0
1040 1200 3767.0 1252.905 10000 3129.0 998.567 1936.0 519.625 249.0 144.11 0 0 0 0 0 0 0 0
1040 1280 3623.0 1120.534 10000 3037.0 926.673 1880.0 503.063 227.0 92.123 0 0 0 0 0 0 0 0
1040 1360 3687.0 997.339 10000 2981.0 795.245 1804.0 510.358 263.0 98.797 0 0 0 0 0 0 0 0
1040 1440 3680.0 1181.387 10000 3034.0 892.402 1879.0 483.669 235.0 111.359 0 0 0 0 0 0 0 0
1040 1520 3677.0 1005.788 10000 3049.0 791.53 1871.0 483.4804 239.0 65.866 0 0 0 0 0 0 0 0
1040 1600 3577.0 1113.852 10000 2909.0 835.845 1818.0 489.432 269.0 112.897 0 0 0 0 0 0 0 0
1040 1680 3651.0 1045.253 10000 3034.0 820.474 1887.0 487.4824 235.0 88.704 0 0 0 0 0 0 0 0
1040 1760 3588.0 1065.816 10000 2985.0 807.767 1822.0 469.6361 232.0 106.336 0 0 0 0 0 0 0 0
1040 1840 3621.0 1076.923 10000 2996.0 904.399 1835.0 562.383 233.0 83.782 0 0 0 0 0 0 0 0
1040 1920 3550.0 1112.443 10000 2925.0 868.25 1760.0 461.203 231.0 108.151 0 0 0 0 0 0 0 0
1040 2000 3631.0 1035.555 10000 2989.0 825.735 1809.0 490.6423 256.0 61.148 0 0 0 0 0 0 0 0
1120 400 869.0 336.6781 10000 620.0 242.4983 229.0 98.206 120.0 44.3977 0 0 0 0 0 0 0 0
1120 480 2308.0 748.441 10000 1612.0 536.829 424.0 187.8409 337.0 123.169 0 0 0 0 0 0 0 0
1120 560 3242.0 934.699 10000 2127.0 661.559 618.0 240.37 493.0 117.948 0 0 0 0 0 0 0 0
1120 640 3819.0 962.638 10000 2582.0 688.141 825.0 230.718 517.0 122.913 0 0 0 0 0 0 0 0
1120 720 3928.0 1082.011 10000 2792.0 757.857 993.0 318.516 539.0 174.425 0 0 0 0 0 0 0 0
1120 800 4064.0 1175.946 10000 2887.0 865.688 1086.0 354.0108 456.0 137.238 0 0 0 0 0 0 0 0
1120 880 16520.0 3748.1859 50000 11801.0 2764.779 4946.0 1257.7261 1886.0 442.7051 0 0 0 0 0 0 0 0
1120 960 3944.0 1487.294 10000 2977.0 1088.97 1378.0 493.287 423.0 177.557 0 0 0 0 0 0 0 0
1120 1040 4045.0 1617.318 10000 3069.0 1176.887 1462.0 531.678 385.0 193.104 0 0 0 0 0 0 0 0
1120 1120 3726.0 1306.032 10000 3092.0 1036.279 1947.0 585.798 275.0 138.609 0 0 0 0 0 0 0 0
1120 1200 3716.0 1351.799 10000 3124.0 1109.257 2011.0 697.468 230.0 132.869 0 0 0 0 0 0 0 0
1120 1280 3851.0 1260.576 10000 3283.0 1035.313 2096.0 653.632 214.0 142.306 0 0 0 0 0 0 0 0
1120 1360 3727.0 1248.671 10000 3126.0 970.083 2020.0 581.249 233.0 73.711 0 0 0 0 0 0 0 0
1120 1440 3605.0 1257.877 10000 3024.0 1011.117 1936.0 583.455 203.0 75.765 0 0 0 0 0 0 0 0
1120 1520 3745.0 1258.388 10000 3169.0 1006.462 2081.0 583.989 216.0 105.013 0 0 0 0 0 0 0 0
1120 1600 3725.0 1314.442 10000 3094.0 982.634 2014.0 531.134 223.0 65.906 0 0 0 0 0 0 0 0
1120 1680 3603.0 1302.231 10000 3045.0 956.717 1953.0 518.684 228.0 216.013 0 0 0 0 0 0 0 0
1120 1760 3615.0 1351.684 10000 3024.0 1081.689 1924.0 637.136 239.0 91.984 0 0 0 0 0 0 0 0
1120 1840 3610.0 1243.176 10000 3051.0 1048.765 1977.0 580.674 222.0 141.329 0 0 0 0 0 0 0 0
1120 1920 3640.0 1183.985 10000 3070.0 965.353 1987.0 606.524 237.0 91.83 0 0 0 0 0 0 0 0
1120 2000 3721.0 1059.985 10000 3157.0 873.895 2008.0 545.773 230.0 119.123 0 0 0 0 0 0 0 0
1200 400 861.0 355.9093 10000 612.0 252.2862 195.0 78.4486 112.0 36.8028 0 0 0 0 0 0 0 0
1200 480 2298.0 720.137 10000 1533.0 509.319 427.0 181.3835 341.0 78.162 0 0 0 0 0 0 0 0
1200 560 3164.0 885.702 10000 2149.0 636.141 581.0 207.6598 479.0 121.006 0 0 0 0 0 0 0 0
1200 640 3719.0 995.78 10000 2539.0 697.936 769.0 257.6335 547.0 113.588 0 0 0 0 0 0 0 0
1200 720 3778.0 1077.228 10000 2655.0 771.809 899.0 331.3055 531.0 128.154 0 0 0 0 0 0 0 0
1200 800 3957.0 1207.363 10000 2797.0 861.191 1078.0 345.0672 503.0 134.551 0 0 0 0 0 0 0 0
1200 880 16670.0 3788.672 50000 12074.0 2753.8888 5034.0 1281.2649 1868.0 443.252 0 0 0 0 0 0 0 0
1200 960 3958.0 1296.252 10000 2960.0 962.563 1337.0 401.1682 395.0 226.894 0 0 0 0 0 0 0 0
1200 1040 4028.0 1419.546 10000 3055.0 1009.372 1456.0 449.7606 377.0 165.261 0 0 0 0 0 0 0 0
1200 1120 4120.0 1773.885 10000 3241.0 1310.063 1748.0 651.936 368.0 188.737 0 0 0 0 0 0 0 0
1200 1200 3715.0 1520.495 10000 3172.0 1180.386 2082.0 683.435 205.0 99.15 0 0 0 0 0 0 0 0
1200 1280 3863.0 1565.086 10000 3306.0 1275.518 2188.0 786.99 229.0 133.97 0 0 0 0 0 0 0 0
1200 1360 3762.0 1377.798 10000 3212.0 1134.893 2191.0 739.481 196.0 90.356 0 0 0 0 0 0 0 0
1200 1440 3696.0 1531.44 10000 3142.0 1221.032 2077.0 763.619 222.0 109.954 0 0 0 0 0 0 0 0
1200 1520 3610.0 1387.827 10000 3116.0 1084.238 2092.0 637.733 211.0 56.594 0 0 0 0 0 0 0 0
1200 1600 3682.0 1374.913 10000 3171.0 1127.567 2131.0 733.113 226.0 148.415 0 0 0 0 0 0 0 0
1200 1680 3763.0 1486.521 10000 3216.0 1171.213 2139.0 643.142 214.0 109.666 0 0 0 0 0 0 0 0
1200 1760 3662.0 1379.034 10000 3129.0 1145.035 2136.0 666.546 207.0 115.274 0 0 0 0 0 0 0 0
1200 1840 3657.0 1430.509 10000 3155.0 1207.697 2153.0 758.488 183.0 77.093 0 0 0 0 0 0 0 0
1200 1920 3701.0 1342.664 10000 3165.0 1115.297 2132.0 659.062 200.0 109.71 0 0 0 0 0 0 0 0
1200 2000 3699.0 1273.631 10000 3143.0 1054.484 2092.0 622.501 207.0 117.226 0 0 0 0 0 0 0 0
1280 400 799.0 322.4446 10000 548.0 234.6201 181.0 93.6606 117.0 46.6627 0 0 0 0 0 0 0 0
1280 480 2222.0 601.978 10000 1520.0 440.9932 414.0 143.7831 352.0 107.23 0 0 0 0 0 0 0 0
1280 560 3164.0 811.928 10000 2100.0 570.914 586.0 181.757 479.0 107.482 0 0 0 0 0 0 0 0
1280 640 3679.0 998.682 10000 2466.0 713.576 781.0 258.8553 527.0 131.406 0 0 0 0 0 0 0 0
1280 720 3812.0 1020.684 10000 2625.0 731.248 955.0 268.1042 522.0 128.462 0 0 0 0 0 0 0 0
1280 800 3913.0 1115.457 10000 2788.0 790.066 1127.0 338.6211 477.0 173.077 0 0 0 0 0 0 0 0
1280 880 16282.0 3578.9625 50000 11815.0 2566.118 4940.0 1163.1091 1957.0 397.2525 0 0 0 0 0 0 0 0
1280 960 3921.0 1414.263 10000 2969.0 1006.415 1379.0 431.7114 439.0 216.983 0 0 0 0 0 0 0 0
1280 1040 3993.0 1596.909 10000 3011.0 1148.487 1429.0 523.429 361.0 199.28 0 0 0 0 0 0 0 0
1280 1120 3957.0 1699.276 10000 3100.0 1259.373 1556.0 549.739 375.0 203.952 0 0 0 0 0 0 0 0
1280 1200 4124.0 1921.773 10000 3265.0 1489.973 1796.0 717.47 334.0 192.521 0 0 0 0 0 0 0 0
1280 1280 3787.0 1540.766 10000 3260.0 1299.434 2271.0 778.338 196.0 108.154 0 0 0 0 0 0 0 0
1280 1360 3812.0 1749.124 10000 3289.0 1450.091 2284.0 925.663 169.0 121.531 0 0 0 0 0 0 0 0
1280 1440 3728.0 1514.304 10000 3228.0 1238.985 2194.0 758.249 205.0 142.292 0 0 0 0 0 0 0 0
1280 1520 3649.0 1657.704 10000 3168.0 1360.617 2220.0 819.74 172.0 88.977 0 0 0 0 0 0 0 0
1280 1600 3703.0 1471.96 10000 3256.0 1216.303 2329.0 821.305 202.0 122.56 0 0 0 0 0 0 0 0
1280 1680 3734.0 1461.28 10000 3255.0 1240.728 2298.0 695.446 221.0 102.735 0 0 0 0 0 0 0 0
1280 1760 3654.0 1592.646 10000 3179.0 1285.782 2225.0 866.286 219.0 154.639 0 0 0 0 0 0 0 0
1280 1840 3695.0 1600.903 10000 3212.0 1331.216 2301.0 865.593 175.0 105.853 0 0 0 0 0 0 0 0
1280 1920 3700.0 1521.13 10000 3221.0 1258.33 2273.0 853.711 193.0 111.496 0 0 0 0 0 0 0 0
1280 2000 3733.0 1645.624 10000 3278.0 1340.066 2315.0 910.902 175.0 108.159 0 0 0 0 0 0 0 0
1360 400 810.0 295.3248 10000 593.0 215.6377 198.0 82.0092 104.0 43.5754 0 0 0 0 0 0 0 0
1360 480 2267.0 686.799 10000 1487.0 475.239 380.0 155.6568 333.0 84.001 0 0 0 0 0 0 0 0
1360 560 3163.0 833.318 10000 2132.0 581.927 574.0 192.1481 486.0 115.425 0 0 0 0 0 0 0 0
1360 640 3544.0 939.513 10000 2366.0 675.126 705.0 243.0773 501.0 130.273 0 0 0 0 0 0 0 0
1360 720 3836.0 1093.013 10000 2660.0 804.595 884.0 282.3295 538.0 135.402 0 0 0 0 0 0 0 0
1360 800 3955.0 1071.798 10000 2833.0 780.177 1136.0 324.3833 491.0 140.697 0 0 0 0 0 0 0 0
1360 880 16362.0 3524.169 50000 11949.0 2589.5971 4986.0 1154.7117 1956.0 468.726 0 0 0 0 0 0 0 0
1360 960 4049.0 1339.693 10000 3002.0 947.37 1357.0 415.1904 415.0 151.949 0 0 0 0 0 0 0 0
1360 1040 4018.0 1525.66 10000 3066.0 1157.37 1470.0 507.595 428.0 155.395 0 0 0 0 0 0 0 0
1360 1120 3914.0 1683.089 10000 2997.0 1209.647 1587.0 562.743 380.0 157.691 0 0 0 0 0 0 0 0
1360 1200 3949.0 1903.242 10000 3152.0 1445.568 1761.0 783.915 329.0 186.121 0 0 0 0 0 0 0 0
1360 1280 4009.0 2236.686 10000 3248.0 1755.407 1919.0 956.375 294.0 156.73 0 0 0 0 0 0 0 0
1360 1360 3834.0 1861.189 10000 3358.0 1577.683 2386.0 1006.966 200.0 134.205 0 0 0 0 0 0 0 0
1360 1440 3783.0 1895.454 10000 3331.0 1564.151 2392.0 1033.583 174.0 171.92 0 0 0 0 0 0 0 0
1360 1520 3770.0 1877.825 10000 3301.0 1610.312 2330.0 1002.007 187.0 141.341 0 0 0 0 0 0 0 0
1360 1600 3736.0 1925.428 10000 3290.0 1570.71 2383.0 1061.544 171.0 143.711 0 0 0 0 0 0 0 0
1360 1680 3765.0 1748.564 10000 3349.0 1474.774 2451.0 954.67 170.0 138.966 0 0 0 0 0 0 0 0
1360 1760 3734.0 1698.111 10000 3271.0 1410.261 2347.0 976.94 201.0 128.687 0 0 0 0 0 0 0 0
1360 1840 3704.0 1808.276 10000 3281.0 1514.573 2387.0 956.551 171.0 104.815 0 0 0 0 0 0 0 0
1360 1920 3720.0 1746.451 10000 3258.0 1464.53 2341.0 976.524 182.0 110.827 0 0 0 0 0 0 0 0
1360 2000 3704.0 1782.55 10000 3230.0 1555.401 2340.0 1008.032 164.0 85.39 0 0 0 0 0 0 0 0
1440 400 808.0 297.9248 10000 550.0 197.7717 178.0 72.512 117.0 51.772 0 0 0 0 0 0 0 0
1440 480 2172.0 705.577 10000 1447.0 489.967 369.0 177.5196 333.0 84.841 0 0 0 0 0 0 0 0
1440 560 3180.0 808.919 10000 2086.0 571.898 602.0 231.0188 503.0 110.324 0 0 0 0 0 0 0 0
1440 640 3709.0 968.44 10000 2494.0 659.715 739.0 245.5507 564.0 135.449 0 0 0 0 0 0 0 0
1440 720 3840.0 1039.1 10000 2688.0 739.643 922.0 309.8655 553.0 144.078 0 0 0 0 0 0 0 0
1440 800 3870.0 1109.554 10000 2744.0 764.916 1039.0 304.8308 460.0 140.57 0 0 0 0 0 0 0 0
1440 880 18153.0 4130.9779 60000 13128.0 2987.176 5198.0 1363.4818 2185.0 517.181 0 0 0 0 0 0 0 0
1440 960 3965.0 1361.343 10000 2944.0 963.22 1332.0 423.6681 406.0 165.442 0 0 0 0 0 0 0 0
1440 1040 4093.0 1453.798 10000 3111.0 1032.125 1516.0 457.7525 367.0 175.674 0 0 0 0 0 0 0 0
1440 1120 3933.0 1703.497 10000 3023.0 1305.726 1588.0 619.618 364.0 187.448 0 0 0 0 0 0 0 0
1440 1200 4115.0 1930.245 10000 3264.0 1419.642 1739.0 716.706 312.0 189.23 0 0 0 0 0 0 0 0
1440 1280 4056.0 2029.745 10000 3219.0 1555.52 1855.0 786.302 328.0 245.326 0 0 0 0 0 0 0 0
1440 1360 4052.0 2281.066 10000 3296.0 1737.436 1976.0 933.021 259.0 261.799 0 0 0 0 0 0 0 0
1440 1440 3782.0 2034.626 10000 3336.0 1724.934 2466.0 1082.864 152.0 174.179 0 0 0 0 0 0 0 0
1440 1520 3767.0 2033.755 10000 3339.0 1720.494 2447.0 1179.978 175.0 116.356 0 0 0 0 0 0 0 0
1440 1600 3836.0 2141.078 10000 3383.0 1895.989 2539.0 1185.084 161.0 154.226 0 0 0 0 0 0 0 0
1440 1680 3728.0 2390.565 10000 3282.0 2049.444 2388.0 1437.381 164.0 174.464 0 0 0 0 0 0 0 0
1440 1760 3771.0 1894.663 10000 3306.0 1590.072 2464.0 1097.804 141.0 120.774 0 0 0 0 0 0 0 0
1440 1840 3724.0 1736.27 10000 3324.0 1500.291 2498.0 922.26 162.0 142.022 0 0 0 0 0 0 0 0
1440 1920 3719.0 1947.697 10000 3314.0 1674.36 2433.0 1167.678 158.0 175.6 0 0 0 0 0 0 0 0
1440 2000 3743.0 1973.869 10000 3319.0 1657.476 2466.0 1166.759 161.0 134.962 0 0 0 0 0 0 0 0
1520 400 777.0 336.893 10000 526.0 238.435 185.0 119.0584 117.0 26.3058 0 0 0 0 0 0 0 0
1520 480 2251.0 678.87 10000 1512.0 482.205 387.0 160.8668 380.0 95.292 0 0 0 0 0 0 0 0
1520 560 3120.0 798.111 10000 2033.0 584.339 543.0 207.3683 480.0 105.972 0 0 0 0 0 0 0 0
1520 640 3661.0 943.77 10000 2478.0 639.985 738.0 217.9643 490.0 117.057 0 0 0 0 0 0 0 0
1520 720 3950.0 1064.056 10000 2698.0 746.651 890.0 271.805 516.0 164.344 0 0 0 0 0 0 0 0
1520 800 3985.0 1098.89 10000 2816.0 791.969 1088.0 340.5463 499.0 128.178 0 0 0 0 0 0 0 0
1520 880 18278.0 4158.4001 60000 13097.0 3022.1572 5244.0 1384.2669 2248.0 527.709 0 0 0 0 0 0 0 0
1520 960 3967.0 1317.822 10000 2962.0 982.805 1350.0 426.245 428.0 160.854 0 0 0 0 0 0 0 0
1520 1040 4054.0 1477.05 10000 3093.0 1034.608 1485.0 465.293 369.0 153.41 0 0 0 0 0 0 0 0
1520 1120 3999.0 1687.106 10000 3121.0 1276.537 1668.0 606.268 345.0 185.736 0 0 0 0 0 0 0 0
1520 1200 4062.0 1860.014 10000 3171.0 1367.991 1737.0 690.367 348.0 172.319 0 0 0 0 0 0 0 0
1520 1280 3985.0 2009.109 10000 3208.0 1538.464 1831.0 806.834 338.0 160.988 0 0 0 0 0 0 0 0
1520 1360 3887.0 2386.929 10000 3165.0 1788.275 1853.0 1002.841 288.0 208.767 0 0 0 0 0 0 0 0
1520 1440 4080.0 2589.115 10000 3429.0 1986.149 2220.0 1132.297 234.0 231.338 0 0 0 0 0 0 0 0
1520 1520 3797.0 2380.756 10000 3411.0 1987.94 2540.0 1290.865 146.0 84.068 0 0 0 0 0 0 0 0
1520 1600 3767.0 2206.925 10000 3350.0 1903.557 2528.0 1368.249 159.0 167.459 0 0 0 0 0 0 0 0
1520 1680 3807.0 2172.929 10000 3440.0 1853.336 2644.0 1310.489 158.0 118.902 0 0 0 0 0 0 0 0
1520 1760 3799.0 2125.436 10000 3408.0 1864.371 2563.0 1224.901 141.0 101.583 0 0 0 0 0 0 0 0
1520 1840 3795.0 1925.606 10000 3369.0 1637.3 2567.0 1090.783 162.0 59.063 0 0 0 0 0 0 0 0
1520 1920 3715.0 2089.592 10000 3329.0 1808.216 2542.0 1242.22 145.0 134.234 0 0 0 0 0 0 0 0
1520 2000 3706.0 2099.06 10000 3286.0 1830.752 2462.0 1302.552 143.0 145.316 0 0 0 0 0 0 0 0
1600 400 762.0 295.7963 10000 522.0 218.8143 169.0 79.1448 100.0 29.7576 0 0 0 0 0 0 0 0
1600 480 2282.0 645.46 10000 1533.0 473.7 388.0 182.9343 336.0 78.243 0 0 0 0 0 0 0 0
1600 560 3141.0 802.006 10000 2093.0 577.126 516.0 178.7262 506.0 90.328 0 0 0 0 0 0 0 0
1600 640 3721.0 935.781 10000 2514.0 659.828 760.0 239.363 530.0 122.737 0 0 0 0 0 0 0 0
1600 720 3763.0 969.787 10000 2595.0 703.19 833.0 238.3358 518.0 117.092 0 0 0 0 0 0 0 0
1600 800 3909.0 1029.198 10000 2781.0 772.607 1045.0 301.3126 515.0 135.667 0 0 0 0 0 0 0 0
1600 880 18169.0 4137.7418 60000 13081.0 3126.03 5274.0 1416.3054 2213.0 502.4933 0 0 0 0 0 0 0 0
1600 960 3969.0 1327.31 10000 2976.0 968.243 1334.0 452.7733 398.0 174.402 0 0 0 0 0 0 0 0
1600 1040 4072.0 1546.2 10000 3128.0 1157.902 1518.0 554.686 389.0 178.046 0 0 0 0 0 0 0 0
1600 1120 4011.0 1552.682 10000 3113.0 1107.857 1631.0 516.497 384.0 194.736 0 0 0 0 0 0 0 0
1600 1200 4052.0 1827.871 10000 3221.0 1414.919 1747.0 706.905 360.0 187.003 0 0 0 0 0 0 0 0
1600 1280 4014.0 1902.333 10000 3236.0 1430.96 1826.0 686.157 303.0 172.003 0 0 0 0 0 0 0 0
1600 1360 3991.0 2120.199 10000 3270.0 1674.571 1943.0 916.179 287.0 237.748 0 0 0 0 0 0 0 0
1600 1440 4085.0 2274.666 10000 3357.0 1775.678 2110.0 1061.643 269.0 178.762 0 0 0 0 0 0 0 0
1600 1520 4077.0 2895.183 10000 3468.0 2393.727 2272.0 1402.489 268.0 178.892 0 0 0 0 0 0 0 0
1600 1600 3686.0 2468.591 9999 3313.0 2150.925 2549.0 1456.049 156.0 94.231 0 0 0 0 0 0 0 0
1600 1680 3674.0 2391.267 10000 3321.0 2013.99 2556.0 1395.769 165.0 183.473 0 0 0 0 0 0 0 0
1600 1760 3710.0 2366.736 10000 3340.0 2047.779 2573.0 1420.741 147.0 113.995 0 0 0 0 0 0 0 0
1600 1840 3810.0 2282.063 9999 3423.0 1979.408 2697.0 1465.915 149.0 150.96 0 0 0 0 0 0 0 0
1600 1920 3757.0 2431.219 10000 3380.0 2056.031 2612.0 1417.888 144.0 191.778 0 0 0 0 0 0 0 0
1600 2000 3742.0 2187.563 10000 3384.0 1862.34 2626.0 1352.576 171.0 206.879 0 0 0 0 0 0 0 0
1680 400 851.0 321.5578 10000 596.0 225.9789 186.0 84.8509 123.0 47.2122 0 0 0 0 0 0 0 0
1680 480 2231.0 638.949 10000 1485.0 432.4327 429.0 153.0372 355.0 82.395 0 0 0 0 0 0 0 0
1680 560 3154.0 817.131 10000 2074.0 579.828 547.0 207.4555 487.0 105.698 0 0 0 0 0 0 0 0
1680 640 3598.0 871.932 10000 2421.0 618.263 698.0 224.6348 540.0 112.193 0 0 0 0 0 0 0 0
1680 720 3778.0 995.821 10000 2611.0 703.106 853.0 277.5071 558.0 116.974 0 0 0 0 0 0 0 0
1680 800 3949.0 1039.902 10000 2769.0 729.432 1027.0 300.7442 493.0 138.606 0 0 0 0 0 0 0 0
1680 880 18029.0 3862.4971 60000 12943.0 2810.1291 5104.0 1358.4141 2191.0 441.2382 0 0 0 0 0 0 0 0
1680 960 4053.0 1420.751 10000 3009.0 998.053 1326.0 450.6037 408.0 211.508 0 0 0 0 0 0 0 0
1680 1040 4040.0 1441.317 10000 3073.0 1060.418 1514.0 492.695 388.0 196.286 0 0 0 0 0 0 0 0
1680 1120 4017.0 1575.432 10000 3121.0 1161.357 1640.0 567.05 389.0 149.257 0 0 0 0 0 0 0 0
1680 1200 3986.0 1825.867 9999 3144.0 1356.877 1720.0 688.797 339.0 168.647 0 0 0 0 0 0 0 0
1680 1280 3893.0 1821.951 10000 3137.0 1394.759 1831.0 695.523 349.0 198.733 0 0 0 0 0 0 0 0
1680 1360 4008.0 2107.0 10000 3225.0 1656.369 1858.0 842.306 313.0 208.693 0 0 0 0 0 0 0 0
1680 1440 4040.0 2168.677 10000 3355.0 1700.33 2162.0 935.052 273.0 231.704 0 0 0 0 0 0 0 0
1680 1520 3989.0 2540.305 10000 3343.0 2020.955 2141.0 1207.093 245.0 224.881 0 0 0 0 0 0 0 0
1680 1600 3995.0 2928.952 10000 3397.0 2347.214 2321.0 1455.723 259.0 282.607 0 0 0 0 0 0 0 0
1680 1680 3566.0 2592.471 10000 3231.0 2258.415 2549.0 1646.316 145.0 157.711 0 0 0 0 0 0 0 0
1680 1760 3736.0 2608.164 10000 3373.0 2200.86 2679.0 1630.344 126.0 205.911 0 0 0 0 0 0 0 0
1680 1840 3704.0 2515.279 9997 3363.0 2171.032 2658.0 1684.796 147.0 134.214 0 0 0 0 0 0 0 0
1680 1920 3728.0 2544.016 10000 3357.0 2178.059 2646.0 1558.27 133.0 139.528 0 0 0 0 0 0 0 0
1680 2000 3690.0 2840.737 10000 3345.0 2437.554 2630.0 1626.972 107.0 129.569 0 0 0 0 0 0 0 0
1760 400 766.0 283.2372 10000 520.0 198.4764 160.0 66.33428 129.0 51.3155 0 0 0 0 0 0 0 0
1760 480 2199.0 590.579 10000 1439.0 430.323 382.0 135.083 379.0 77.015 0 0 0 0 0 0 0 0
1760 560 3160.0 828.084 10000 2098.0 592.911 549.0 217.357 512.0 113.867 0 0 0 0 0 0 0 0
1760 640 3638.0 861.436 10000 2419.0 605.726 730.0 227.0053 547.0 118.996 0 0 0 0 0 0 0 0
1760 720 3880.0 1006.315 10000 2631.0 728.778 882.0 315.1904 526.0 119.262 0 0 0 0 0 0 0 0
1760 800 4009.0 1034.401 10000 2796.0 731.455 1057.0 314.9313 522.0 141.42 0 0 0 0 0 0 0 0
1760 880 18147.0 3971.66 60000 13085.0 2932.6077 5153.0 1217.1112 2158.0 496.757 0 0 0 0 0 0 0 0
1760 960 4007.0 1317.081 10000 2972.0 924.756 1346.0 409.0026 424.0 162.384 0 0 0 0 0 0 0 0
1760 1040 3974.0 1519.418 10000 3009.0 1098.903 1463.0 494.886 398.0 177.747 0 0 0 0 0 0 0 0
1760 1120 4052.0 1642.38 10000 3169.0 1213.482 1642.0 565.408 362.0 165.096 0 0 0 0 0 0 0 0
1760 1200 4025.0 1673.835 10000 3147.0 1210.295 1698.0 592.687 352.0 223.324 0 0 0 0 0 0 0 0
1760 1280 3992.0 1825.009 9999 3214.0 1418.291 1855.0 798.231 298.0 145.871 0 0 0 0 0 0 0 0
1760 1360 3983.0 2200.211 10000 3270.0 1670.126 1926.0 867.312 294.0 225.565 0 0 0 0 0 0 0 0
1760 1440 3868.0 2078.364 10000 3171.0 1578.799 1903.0 870.792 296.0 197.189 0 0 0 0 0 0 0 0
1760 1520 3983.0 2301.369 10000 3288.0 1783.947 2083.0 1014.639 272.0 211.017 0 0 0 0 0 0 0 0
1760 1600 3922.0 2718.977 10000 3301.0 2204.411 2135.0 1266.888 228.0 262.279 0 0 0 0 0 0 0 0
1760 1680 4075.0 3288.95 10000 3492.0 2711.099 2458.0 1683.722 197.0 222.113 0 0 0 0 0 0 0 0
1760 1760 3591.0 2759.28 10000 3246.0 2437.601 2586.0 1715.381 115.0 152.076 0 0 0 0 0 0 0 0
1760 1840 3591.0 2777.683 10000 3266.0 2434.837 2592.0 1712.839 130.0 169.91 0 0 0 0 0 0 0 0
1760 1920 3648.0 2572.876 9999 3334.0 2210.074 2653.0 1690.508 110.0 126.598 0 0 0 0 0 0 0 0
1760 2000 3589.0 2884.321 10000 3255.0 2391.433 2609.0 1878.588 114.0 159.527 0 0 0 0 0 0 0 0
1840 400 783.0 291.7701 10000 554.0 222.3679 187.0 85.7796 95.0 31.0211 0 0 0 0 0 0 0 0
1840 480 2210.0 706.831 10000 1469.0 508.286 364.0 192.4531 364.0 81.612 0 0 0 0 0 0 0 0
1840 560 3114.0 798.029 10000 2027.0 585.971 517.0 195.6783 504.0 102.382 0 0 0 0 0 0 0 0
1840 640 3669.0 903.84 10000 2462.0 636.566 684.0 221.0894 510.0 131.101 0 0 0 0 0 0 0 0
1840 720 3843.0 947.666 10000 2571.0 649.544 822.0 241.9448 528.0 152.623 0 0 0 0 0 0 0 0
1840 800 3980.0 1004.551 10000 2817.0 699.488 1011.0 264.1711 489.0 118.017 0 0 0 0 0 0 0 0
1840 880 18301.0 4104.988 60000 13094.0 2982.0026 5236.0 1363.3705 2165.0 426.004 0 0 0 0 0 0 0 0
1840 960 4120.0 1275.102 10000 3034.0 887.723 1346.0 373.1716 393.0 159.173 0 0 0 0 0 0 0 0
1840 1040 4112.0 1511.914 10000 3117.0 1072.397 1530.0 477.5386 401.0 150.388 0 0 0 0 0 0 0 0
1840 1120 4013.0 1529.718 10000 3143.0 1131.154 1655.0 568.362 400.0 212.65 0 0 0 0 0 0 0 0
1840 1200 4026.0 1735.142 10000 3227.0 1294.74 1781.0 652.378 316.0 194.22 0 0 0 0 0 0 0 0
1840 1280 4009.0 1984.01 9999 3243.0 1533.139 1823.0 814.927 318.0 144.935 0 0 0 0 0 0 0 0
1840 1360 3950.0 1930.589 10000 3209.0 1463.942 1902.0 753.668 268.0 222.212 0 0 0 0 0 0 0 0
1840 1440 3925.0 2021.788 9999 3259.0 1499.861 1996.0 779.807 268.0 148.195 0 0 0 0 0 0 0 0
1840 1520 3923.0 2290.772 10000 3249.0 1855.106 2057.0 1017.84 255.0 194.336 0 0 0 0 0 0 0 0
1840 1600 3887.0 2482.988 10000 3259.0 1965.037 2148.0 1162.983 228.0 178.111 0 0 0 0 0 0 0 0
1840 1680 3787.0 2826.401 9999 3190.0 2253.038 2139.0 1404.338 225.0 191.143 0 0 0 0 0 0 0 0
1840 1760 3932.0 3133.829 10000 3431.0 2541.145 2439.0 1609.433 209.0 249.669 0 0 0 0 0 0 0 0
1840 1840 3444.0 2841.125 10000 3129.0 2476.226 2540.0 1803.145 112.0 105.458 0 0 0 0 0 0 0 0
1840 1920 3475.0 2838.112 9997 3178.0 2459.938 2592.0 1867.485 110.0 178.337 0 0 0 0 0 0 0 0
1840 2000 3607.0 2825.565 10000 3311.0 2503.41 2672.0 1869.603 83.0 110.251 0 0 0 0 0 0 0 0
1920 400 763.0 282.4875 10000 533.0 192.4955 159.0 76.0428 137.0 40.9638 0 0 0 0 0 0 0 0
1920 480 2132.0 636.387 10000 1412.0 458.958 352.0 150.1103 372.0 86.796 0 0 0 0 0 0 0 0
1920 560 3136.0 768.527 10000 2040.0 549.222 524.0 197.1028 498.0 125.734 0 0 0 0 0 0 0 0
1920 640 3591.0 934.404 10000 2446.0 679.254 722.0 256.255 532.0 136.801 0 0 0 0 0 0 0 0
1920 720 3789.0 1004.659 10000 2607.0 719.962 855.0 288.315 528.0 138.843 0 0 0 0 0 0 0 0
1920 800 3960.0 1078.396 10000 2811.0 785.562 1009.0 324.5778 522.0 129.758 0 0 0 0 0 0 0 0
1920 880 18249.0 4022.2064 60000 13166.0 2971.0627 5227.0 1391.1953 2104.0 506.274 0 0 0 0 0 0 0 0
1920 960 4009.0 1242.472 10000 2928.0 894.54 1329.0 409.3102 411.0 155.613 0 0 0 0 0 0 0 0
1920 1040 4063.0 1351.464 10000 3111.0 1012.366 1472.0 447.756 409.0 180.223 0 0 0 0 0 0 0 0
1920 1120 4081.0 1596.152 10000 3162.0 1144.596 1606.0 547.142 344.0 152.918 0 0 0 0 0 0 0 0
1920 1200 3997.0 1660.694 10000 3147.0 1239.616 1675.0 632.921 351.0 199.426 0 0 0 0 0 0 0 0
1920 1280 4055.0 1780.583 10000 3244.0 1359.898 1850.0 730.909 335.0 163.591 0 0 0 0 0 0 0 0
1920 1360 3964.0 1878.747 10000 3243.0 1435.464 1920.0 738.688 313.0 209.284 0 0 0 0 0 0 0 0
1920 1440 3863.0 2125.094 10000 3179.0 1653.437 2015.0 886.657 254.0 209.642 0 0 0 0 0 0 0 0
1920 1520 3853.0 2157.289 10000 3211.0 1652.056 2014.0 964.484 271.0 202.439 0 0 0 0 0 0 0 0
1920 1600 3759.0 2368.955 10000 3141.0 1807.317 2099.0 1088.891 220.0 172.053 0 0 0 0 0 0 0 0
1920 1680 3737.0 2540.066 10000 3196.0 2083.015 2143.0 1243.951 215.0 224.311 0 0 0 0 0 0 0 0
1920 1760 3796.0 2761.859 10000 3252.0 2156.7 2240.0 1273.139 211.0 237.609 0 0 0 0 0 0 0 0
1920 1840 3716.0 3213.767 9999 3244.0 2714.44 2328.0 1780.971 166.0 219.5 0 0 0 0 0 0 0 0
1920 1920 3268.0 2900.799 9999 3029.0 2574.805 2479.0 1944.004 113.0 133.985 0 0 0 0 0 0 0 0
1920 2000 3357.0 3077.582 10000 3094.0 2794.459 2541.0 2157.044 93.0 140.049 0 0 0 0 0 0 0 0
2000 400 825.0 316.4828 10000 560.0 197.4718 186.0 90.5288 105.0 44.881 0 0 0 0 0 0 0 0
2000 480 2163.0 649.522 10000 1460.0 474.048 354.0 174.6782 358.0 80.201 0 0 0 0 0 0 0 0
2000 560 3062.0 763.089 10000 2024.0 551.879 540.0 181.9709 506.0 127.014 0 0 0 0 0 0 0 0
2000 640 3689.0 894.971 10000 2464.0 609.67 749.0 217.3952 570.0 107.979 0 0 0 0 0 0 0 0
2000 720 3887.0 976.129 10000 2664.0 690.989 841.0 270.4413 553.0 116.666 0 0 0 0 0 0 0 0
2000 800 3981.0 1087.626 10000 2873.0 805.412 1045.0 296.6088 514.0 157.818 0 0 0 0 0 0 0 0
2000 880 18067.0 3937.6641 60000 13042.0 2858.4264 5239.0 1274.06632 2191.0 469.9562 0 0 0 0 0 0 0 0
2000 960 4132.0 1218.335 10000 3063.0 914.857 1371.0 393.3198 436.0 150.321 0 0 0 0 0 0 0 0
2000 1040 4009.0 1421.806 10000 3010.0 1044.44 1425.0 473.376 397.0 153.88 0 0 0 0 0 0 0 0
2000 1120 4075.0 1563.229 10000 3153.0 1181.246 1538.0 592.76 373.0 152.11 0 0 0 0 0 0 0 0
2000 1200 4056.0 1634.653 10000 3221.0 1223.824 1722.0 603.014 335.0 157.924 0 0 0 0 0 0 0 0
2000 1280 3932.0 1970.728 10000 3150.0 1476.33 1760.0 739.233 329.0 192.036 0 0 0 0 0 0 0 0
2000 1360 4013.0 2112.124 9999 3349.0 1668.98 1971.0 891.501 286.0 204.658 0 0 0 0 0 0 0 0
2000 1440 3939.0 2026.68 10000 3231.0 1522.923 1967.0 834.612 264.0 164.798 0 0 0 0 0 0 0 0
2000 1520 3835.0 2183.484 9999 3179.0 1729.737 1961.0 1015.587 253.0 215.089 0 0 0 0 0 0 0 0
2000 1600 3661.0 2175.798 9999 3120.0 1757.267 2029.0 1048.927 232.0 162.229 0 0 0 0 0 0 0 0
2000 1680 3642.0 2434.35 10000 3065.0 1884.77 2082.0 1124.496 221.0 181.141 0 0 0 0 0 0 0 0
2000 1760 3583.0 2399.126 9999 3051.0 1949.778 2032.0 1155.667 215.0 169.455 0 0 0 0 0 0 0 0
2000 1840 3424.0 2603.634 10000 2992.0 2121.995 2112.0 1399.022 176.0 188.285 0 0 0 0 0 0 0 0
2000 1920 3364.0 2910.01 9997 2941.0 2421.071 2193.0 1654.654 156.0 210.264 0 0 0 0 0 0 0 0
2000 2000 2893.0 2863.607 9996 2671.0 2587.785 2188.0 1955.395 104.0 154.734 0 0 0 0 0 0 0 0
