400 400 486.0 204.5757 10000 486.0 204.5757 171.0 98.071 329.0 94.8249 0 0 0 0 0 0 0 0
400 480 845.0 257.0726 10000 845.0 257.0726 256.0 91.5669 599.0 163.608 0 0 0 0 0 0 0 0
400 560 814.0 293.11 10000 814.0 293.11 239.0 116.7359 592.0 138.8985 0 0 0 0 0 0 0 0
400 640 774.0 240.8203 10000 774.0 240.8203 254.0 102.01079 489.0 116.1888 0 0 0 0 0 0 0 0
400 720 749.0 241.6565 10000 749.0 241.6565 249.0 79.5791 456.0 135.0064 0 0 0 0 0 0 0 0
400 800 641.0 206.0883 10000 641.0 206.0883 226.0 79.8756 414.0 125.0832 0 0 0 0 0 0 0 0
400 880 656.0 272.4309 10000 656.0 272.4309 254.0 145.0435 393.0 93.0055 0 0 0 0 0 0 0 0
400 960 580.0 238.1209 10000 580.0 238.1209 188.0 116.4129 336.0 106.5125 0 0 0 0 0 0 0 0
400 1040 588.0 254.1906 10000 588.0 254.1906 180.0 123.0326 368.0 135.2285 0 0 0 0 0 0 0 0
400 1120 485.0 214.5433 10000 485.0 214.5433 178.0 120.155 297.0 96.5632 0 0 0 0 0 0 0 0
400 1200 481.0 211.0799 10000 481.0 211.0799 148.0 101.6176 298.0 80.3112 0 0 0 0 0 0 0 0
400 1280 514.0 206.1899 10000 514.0 206.1899 191.0 92.59605 315.0 104.5958 0 0 0 0 0 0 0 0
400 1360 514.0 205.9299 10000 514.0 205.9299 177.0 99.0513 297.0 82.2218 0 0 0 0 0 0 0 0
400 1440 480.0 189.543 10000 480.0 189.543 152.0 89.568 272.0 72.2723 0 0 0 0 0 0 0 0
400 1520 452.0 209.0419 9999 452.0 209.0419 163.0 138.4346 311.0 111.1049 0 0 0 0 0 0 0 0
400 1600 472.0 180.9113 10000 472.0 180.9113 155.0 78.5757 282.0 98.7666 0 0 0 0 0 0 0 0
400 1680 493.0 230.7872 10000 493.0 230.7872 158.0 89.0438 342.0 104.5223 0 0 0 0 0 0 0 0
400 1760 489.0 197.1557 10000 489.0 197.1557 170.0 100.5244 298.0 83.977 0 0 0 0 0 0 0 0
400 1840 495.0 169.6745 10000 495.0 169.6745 170.0 83.2767 320.0 74.3179 0 0 0 0 0 0 0 0
400 1920 498.0 210.351 10000 498.0 210.351 158.0 127.943 306.0 83.7586 0 0 0 0 0 0 0 0
400 2000 465.0 165.5249 10000 465.0 165.5249 156.0 74.3712 315.0 72.3081 0 0 0 0 0 0 0 0
480 400 779.0 309.2063 10000 779.0 309.2063 200.0 112.488 548.0 188.4237 0 0 0 0 0 0 0 0
480 480 1309.0 326.4775 10000 1309.0 326.4775 350.0 135.2823 1013.0 209.2025 0 0 0 0 0 0 0 0
480 560 1706.0 359.7368 10000 1706.0 359.7368 512.0 134.5075 1204.0 198.8692 0 0 0 0 0 0 0 0
480 640 1730.0 361.7979 10000 1730.0 361.7979 476.0 106.7209 1209.0 186.9081 0 0 0 0 0 0 0 0
480 720 1620.0 308.2763 10000 1620.0 308.2763 462.0 110.7469 1164.0 163.52 0 0 0 0 0 0 0 0
480 800 1520.0 341.8093 10000 1520.0 341.8093 459.0 128.7207 1116.0 159.5527 0 0 0 0 0 0 0 0
480 880 1465.0 385.4049 10000 1465.0 385.4049 452.0 153.1892 1017.0 150.5061 0 0 0 0 0 0 0 0
480 960 1418.0 294.9799 10000 1418.0 294.9799 418.0 126.4668 995.0 149.0829 0 0 0 0 0 0 0 0
480 1040 1363.0 327.002 10000 1363.0 327.002 409.0 155.9858 970.0 127.6617 0 0 0 0 0 0 0 0
480 1120 1362.0 262.8573 10000 1362.0 262.8573 428.0 120.5331 945.0 169.568 0 0 0 0 0 0 0 0
480 1200 1308.0 288.2901 10000 1308.0 288.2901 403.0 143.008 898.0 156.9359 0 0 0 0 0 0 0 0
480 1280 1357.0 288.8295 10000 1357.0 288.8295 393.0 116.922 967.0 164.6525 0 0 0 0 0 0 0 0
480 1360 1287.0 299.0581 10000 1287.0 299.0581 396.0 145.4692 863.0 162.6545 0 0 0 0 0 0 0 0
480 1440 1272.0 286.9665 10000 1272.0 286.9665 378.0 126.8416 897.0 169.8174 0 0 0 0 0 0 0 0
480 1520 1252.0 326.8714 10000 1252.0 326.8714 360.0 164.8811 941.0 137.1177 0 0 0 0 0 0 0 0
480 1600 1197.0 274.2788 10000 1197.0 274.2788 350.0 105.8047 874.0 163.2543 0 0 0 0 0 0 0 0
480 1680 1262.0 258.6413 10000 1262.0 258.6413 360.0 104.4984 909.0 127.55 0 0 0 0 0 0 0 0
480 1760 1268.0 295.2437 10000 1268.0 295.2437 366.0 119.7117 886.0 166.1033 0 0 0 0 0 0 0 0
480 1840 1284.0 312.4718 10000 1284.0 312.4718 350.0 151.4614 910.0 130.5982 0 0 0 0 0 0 0 0
480 1920 1292.0 330.1135 10000 1292.0 330.1135 375.0 139.1987 874.0 122.0189 0 0 0 0 0 0 0 0
480 2000 1261.0 262.7008 10000 1261.0 262.7008 360.0 107.53992 876.0 131.6255 0 0 0 0 0 0 0 0
560 400 844.0 358.3307 10000 844.0 358.3307 253.0 130.2627 554.0 174.8833 0 0 0 0 0 0 0 0
560 480 1660.0 584.057 10000 1660.0 584.057 423.0 197.6687 1296.0 338.609 0 0 0 0 0 0 0 0
560 560 1847.0 442.4409 10000 1847.0 442.4409 536.0 178.2282 1311.0 249.9881 0 0 0 0 0 0 0 0
560 640 2059.0 366.2679 10000 2059.0 366.2679 638.0 141.0796 1385.0 229.3651 0 0 0 0 0 0 0 0
560 720 2083.0 418.9587 10000 2083.0 418.9587 665.0 171.7637 1412.0 193.4393 0 0 0 0 0 0 0 0
560 800 1983.0 403.3894 10000 1983.0 403.3894 606.0 164.5079 1430.0 239.5796 0 0 0 0 0 0 0 0
560 880 1903.0 328.9436 10000 1903.0 328.9436 641.0 134.2146 1296.0 193.4074 0 0 0 0 0 0 0 0
560 960 1905.0 362.7041 10000 1905.0 362.7041 621.0 145.9967 1311.0 191.7529 0 0 0 0 0 0 0 0
560 1040 1874.0 288.4308 10000 1874.0 288.4308 595.0 114.3798 1298.0 195.3443 0 0 0 0 0 0 0 0
560 1120 1833.0 375.8975 10000 1833.0 375.8975 612.0 186.1172 1286.0 166.0555 0 0 0 0 0 0 0 0
560 1200 1871.0 392.4433 10000 1871.0 392.4433 580.0 180.8055 1236.0 205.3267 0 0 0 0 0 0 0 0
560 1280 1809.0 334.1191 10000 1809.0 334.1191 608.0 136.3145 1210.0 187.7879 0 0 0 0 0 0 0 0
560 1360 1928.0 348.2037 10000 1928.0 348.2037 627.0 134.2701 1125.0 172.1733 0 0 0 0 0 0 0 0
560 1440 1817.0 399.8077 10000 1817.0 399.8077 564.0 178.5912 1216.0 188.9483 0 0 0 0 0 0 0 0
560 1520 1791.0 387.4725 10000 1791.0 387.4725 584.0 182.6274 1193.0 204.4285 0 0 0 0 0 0 0 0
560 1600 1740.0 370.0226 10000 1740.0 370.0226 584.0 148.7314 1208.0 164.0004 0 0 0 0 0 0 0 0
560 1680 1767.0 359.734 10000 1767.0 359.734 561.0 179.5372 1226.0 199.377 0 0 0 0 0 0 0 0
560 1760 1762.0 324.2662 10000 1762.0 324.2662 568.0 126.6533 1162.0 158.6088 0 0 0 0 0 0 0 0
560 1840 1845.0 400.5879 10000 1845.0 400.5879 563.0 151.2848 1162.0 187.5271 0 0 0 0 0 0 0 0
560 1920 1851.0 404.236 10000 1851.0 404.236 622.0 194.6479 1140.0 173.79 0 0 0 0 0 0 0 0
560 2000 1834.0 403.8443 10000 1834.0 403.8443 597.0 181.0896 1215.0 215.7917 0 0 0 0 0 0 0 0
640 400 883.0 364.0325 10000 883.0 364.0325 305.0 148.8641 554.0 203.5175 0 0 0 0 0 0 0 0
640 480 1779.0 646.419 10000 1779.0 646.419 501.0 241.0552 1443.0 339.214 0 0 0 0 0 0 0 0
640 560 2155.0 705.629 10000 2155.0 705.629 555.0 253.8729 1689.0 397.179 0 0 0 0 0 0 0 0
640 640 2159.0 496.279 10000 2159.0 496.279 719.0 209.5163 1356.0 262.193 0 0 0 0 0 0 0 0
640 720 2388.0 433.626 10000 2388.0 433.626 818.0 177.2247 1449.0 250.896 0 0 0 0 0 0 0 0
640 800 2271.0 481.245 10000 2271.0 481.245 828.0 215.6951 1448.0 228.194 0 0 0 0 0 0 0 0
640 880 2292.0 461.479 10000 2292.0 461.479 870.0 220.5373 1390.0 227.86 0 0 0 0 0 0 0 0
640 960 2341.0 387.8328 10000 2341.0 387.8328 883.0 183.8294 1399.0 277.3912 0 0 0 0 0 0 0 0
640 1040 2207.0 468.73 10000 2207.0 468.73 863.0 213.2393 1297.0 229.025 0 0 0 0 0 0 0 0
640 1120 2131.0 404.2355 10000 2131.0 404.2355 818.0 166.6533 1346.0 223.2285 0 0 0 0 0 0 0 0
640 1200 2240.0 418.7885 10000 2240.0 418.7885 847.0 183.903 1290.0 263.5775 0 0 0 0 0 0 0 0
640 1280 2136.0 397.4707 10000 2136.0 397.4707 826.0 164.6843 1274.0 203.9613 0 0 0 0 0 0 0 0
640 1360 2118.0 378.8357 10000 2118.0 378.8357 792.0 171.7041 1264.0 191.8153 0 0 0 0 0 0 0 0
640 1440 2110.0 382.5238 10000 2110.0 382.5238 761.0 179.634 1249.0 215.0462 0 0 0 0 0 0 0 0
640 1520 2126.0 379.3679 10000 2126.0 379.3679 787.0 182.773 1316.0 182.0011 0 0 0 0 0 0 0 0
640 1600 2129.0 424.7386 10000 2129.0 424.7386 823.0 169.5598 1293.0 225.2214 0 0 0 0 0 0 0 0
640 1680 2082.0 405.3798 10000 2082.0 405.3798 759.0 187.2997 1276.0 185.7052 0 0 0 0 0 0 0 0
640 1760 2154.0 390.2038 10000 2154.0 390.2038 810.0 178.9803 1287.0 235.9022 0 0 0 0 0 0 0 0
640 1840 2163.0 431.3055 10000 2163.0 431.3055 835.0 224.9554 1298.0 218.3395 0 0 0 0 0 0 0 0
640 1920 2210.0 417.0102 10000 2210.0 417.0102 817.0 218.784 1264.0 221.1308 0 0 0 0 0 0 0 0
640 2000 2108.0 389.4163 10000 2108.0 389.4163 790.0 188.489 1286.0 221.7657 0 0 0 0 0 0 0 0
720 400 786.0 305.6732 10000 786.0 305.6732 252.0 120.3128 544.0 168.5938 0 0 0 0 0 0 0 0
720 480 1765.0 610.992 10000 1765.0 610.992 490.0 198.6603 1305.0 384.93 0 0 0 0 0 0 0 0
720 560 2288.0 676.197 10000 2288.0 676.197 608.0 238.6255 1619.0 389.449 0 0 0 0 0 0 0 0
720 640 2467.0 714.061 10000 2467.0 714.061 714.0 270.3573 1807.0 458.641 0 0 0 0 0 0 0 0
720 720 2477.0 526.24 10000 2477.0 526.24 969.0 220.7479 1278.0 251.233 0 0 0 0 0 0 0 0
720 800 2660.0 519.466 10000 2660.0 519.466 1100.0 244.0739 1332.0 277.755 0 0 0 0 0 0 0 0
720 880 2580.0 477.88 10000 2580.0 477.88 1072.0 205.9536 1327.0 269.783 0 0 0 0 0 0 0 0
720 960 2585.0 522.993 10000 2585.0 522.993 1104.0 229.8343 1323.0 264.384 0 0 0 0 0 0 0 0
720 1040 2509.0 479.507 10000 2509.0 479.507 1062.0 200.4288 1315.0 287.694 0 0 0 0 0 0 0 0
720 1120 2387.0 469.298 10000 2387.0 469.298 1052.0 213.0691 1261.0 222.73 0 0 0 0 0 0 0 0
720 1200 2462.0 490.539 10000 2462.0 490.539 1076.0 267.0178 1301.0 253.151 0 0 0 0 0 0 0 0
720 1280 2355.0 450.8872 10000 2355.0 450.8872 984.0 232.2183 1246.0 255.8398 0 0 0 0 0 0 0 0
720 1360 2395.0 418.3295 10000 2395.0 418.3295 1070.0 176.3107 1247.0 273.2565 0 0 0 0 0 0 0 0
720 1440 2441.0 438.673 10000 2441.0 438.673 1002.0 198.8221 1201.0 259.921 0 0 0 0 0 0 0 0
720 1520 2385.0 470.357 10000 2385.0 470.357 982.0 214.8429 1280.0 283.494 0 0 0 0 0 0 0 0
720 1600 2409.0 579.59 10000 2409.0 579.59 1022.0 297.7312 1236.0 183.757 0 0 0 0 0 0 0 0
720 1680 2344.0 446.007 10000 2344.0 446.007 1047.0 211.4433 1216.0 242.944 0 0 0 0 0 0 0 0
720 1760 2378.0 477.008 10000 2378.0 477.008 996.0 201.8696 1235.0 216.299 0 0 0 0 0 0 0 0
720 1840 2361.0 490.2029 10000 2361.0 490.2029 1047.0 213.7573 1259.0 210.6231 0 0 0 0 0 0 0 0
720 1920 2356.0 536.202 10000 2356.0 536.202 1022.0 258.6038 1214.0 245.352 0 0 0 0 0 0 0 0
720 2000 2414.0 510.681 10000 2414.0 510.681 1071.0 234.6847 1215.0 250.998 0 0 0 0 0 0 0 0
800 400 748.0 292.2503 10000 748.0 292.2503 260.0 106.4661 481.0 156.5808 0 0 0 0 0 0 0 0
800 480 1784.0 586.174 10000 1784.0 586.174 504.0 186.7123 1250.0 336.901 0 0 0 0 0 0 0 0
800 560 2234.0 673.016 10000 2234.0 673.016 639.0 218.5531 1683.0 392.88 0 0 0 0 0 0 0 0
800 640 2581.0 757.537 10000 2581.0 757.537 791.0 253.3346 1652.0 385.97 0 0 0 0 0 0 0 0
800 720 2613.0 816.406 10000 2613.0 816.406 870.0 317.0656 1771.0 460.064 0 0 0 0 0 0 0 0
800 800 2689.0 623.06 10000 2689.0 623.06 1272.0 285.8467 1222.0 259.11 0 0 0 0 0 0 0 0
800 880 2873.0 648.641 10000 2873.0 648.641 1377.0 297.1501 1239.0 326.71 0 0 0 0 0 0 0 0
800 960 2795.0 532.239 10000 2795.0 532.239 1351.0 234.5262 1279.0 249.813 0 0 0 0 0 0 0 0
800 1040 2704.0 647.057 10000 2704.0 647.057 1312.0 291.4963 1195.0 243.809 0 0 0 0 0 0 0 0
800 1120 2610.0 582.399 10000 2610.0 582.399 1244.0 275.2016 1153.0 283.108 0 0 0 0 0 0 0 0
800 1200 2663.0 536.813 10000 2663.0 536.813 1303.0 262.2359 1141.0 263.239 0 0 0 0 0 0 0 0
800 1280 2644.0 485.741 10000 2644.0 485.741 1307.0 264.2871 1148.0 255.461 0 0 0 0 0 0 0 0
800 1360 2593.0 525.1112 10000 2593.0 525.1112 1246.0 275.829 1185.0 244.8438 0 0 0 0 0 0 0 0
800 1440 2610.0 536.467 10000 2610.0 536.467 1248.0 292.5452 1156.0 292.526 0 0 0 0 0 0 0 0
800 1520 2582.0 470.6414 10000 2582.0 470.6414 1266.0 239.9624 1177.0 283.6176 0 0 0 0 0 0 0 0
800 1600 2596.0 575.608 10000 2596.0 575.608 1220.0 282.1447 1147.0 287.347 0 0 0 0 0 0 0 0
800 1680 2637.0 473.012 10000 2637.0 473.012 1221.0 280.1333 1079.0 235.516 0 0 0 0 0 0 0 0
800 1760 2543.0 586.387 10000 2543.0 586.387 1208.0 268.1739 1121.0 272.767 0 0 0 0 0 0 0 0
800 1840 2510.0 529.8595 10000 2510.0 529.8595 1216.0 271.5103 1142.0 308.7915 0 0 0 0 0 0 0 0
800 1920 2581.0 495.994 10000 2581.0 495.994 1246.0 258.8939 1128.0 266.252 0 0 0 0 0 0 0 0
800 2000 2569.0 496.712 10000 2569.0 496.712 1258.0 219.4099 1139.0 226.251 0 0 0 0 0 0 0 0
880 400 713.0 323.2953 10000 713.0 323.2953 262.0 143.3956 450.0 155.0777 0 0 0 0 0 0 0 0
880 480 1725.0 623.489 10000 1725.0 623.489 525.0 221.6271 1300.0 344.558 0 0 0 0 0 0 0 0
880 560 2264.0 653.378 10000 2264.0 653.378 646.0 230.3716 1643.0 429.413 0 0 0 0 0 0 0 0
880 640 2545.0 770.318 10000 2545.0 770.318 775.0 292.8616 1716.0 417.441 0 0 0 0 0 0 0 0
880 720 2679.0 787.534 10000 2679.0 787.534 906.0 301.7183 1698.0 471.305 0 0 0 0 0 0 0 0
880 800 2732.0 881.687 10000 2732.0 881.687 1028.0 364.4263 1565.0 524.514 0 0 0 0 0 0 0 0
880 880 2818.0 681.322 10000 2818.0 681.322 1419.0 355.2632 1086.0 351.366 0 0 0 0 0 0 0 0
880 960 2890.0 705.243 10000 2890.0 705.243 1493.0 338.7082 1121.0 326.703 0 0 0 0 0 0 0 0
880 1040 2888.0 746.553 10000 2888.0 746.553 1504.0 427.1385 1128.0 353.882 0 0 0 0 0 0 0 0
880 1120 2795.0 549.6677 10000 2795.0 549.6677 1483.0 285.0934 1121.0 265.1053 0 0 0 0 0 0 0 0
880 1200 2771.0 626.329 10000 2771.0 626.329 1434.0 348.2324 1108.0 312.582 0 0 0 0 0 0 0 0
880 1280 2759.0 670.78 10000 2759.0 670.78 1413.0 314.7586 1095.0 237.552 0 0 0 0 0 0 0 0
880 1360 2837.0 647.658 10000 2837.0 647.658 1540.0 365.2198 1000.0 261.104 0 0 0 0 0 0 0 0
880 1440 2678.0 576.383 10000 2678.0 576.383 1442.0 298.7046 1055.0 273.274 0 0 0 0 0 0 0 0
880 1520 2704.0 615.9 10000 2704.0 615.9 1416.0 344.9496 1047.0 326.553 0 0 0 0 0 0 0 0
880 1600 2825.0 594.131 10000 2825.0 594.131 1484.0 326.2549 1046.0 314.365 0 0 0 0 0 0 0 0
880 1680 2786.0 597.107 10000 2786.0 597.107 1464.0 332.064 995.0 259.172 0 0 0 0 0 0 0 0
880 1760 2780.0 594.285 10000 2780.0 594.285 1476.0 284.5428 1082.0 279.077 0 0 0 0 0 0 0 0
880 1840 2787.0 604.374 10000 2787.0 604.374 1506.0 328.4989 1077.0 258.459 0 0 0 0 0 0 0 0
880 1920 2673.0 632.021 10000 2673.0 632.021 1474.0 310.7093 1035.0 254.397 0 0 0 0 0 0 0 0
880 2000 2775.0 660.338 10000 2775.0 660.338 1467.0 368.9711 1061.0 279.891 0 0 0 0 0 0 0 0
960 400 704.0 310.8403 10000 704.0 310.8403 232.0 139.0898 374.0 186.1617 0 0 0 0 0 0 0 0
960 480 1653.0 559.948 10000 1653.0 559.948 483.0 192.2783 1186.0 355.462 0 0 0 0 0 0 0 0
960 560 2190.0 575.203 10000 2190.0 575.203 618.0 193.0968 1637.0 388.462 0 0 0 0 0 0 0 0
960 640 2488.0 712.06 10000 2488.0 712.06 779.0 246.8415 1751.0 424.396 0 0 0 0 0 0 0 0
960 720 2677.0 759.209 10000 2677.0 759.209 944.0 310.0277 1727.0 487.974 0 0 0 0 0 0 0 0
960 800 2800.0 925.037 10000 2800.0 925.037 1050.0 372.4124 1681.0 459.73 0 0 0 0 0 0 0 0
960 880 2840.0 916.056 10000 2840.0 916.056 1215.0 397.5991 1548.0 538.067 0 0 0 0 0 0 0 0
960 960 2880.0 809.957 10000 2880.0 809.957 1580.0 459.823 1054.0 371.337 0 0 0 0 0 0 0 0
960 1040 2271.0 595.0 7500 2271.0 595.0 1254.0 341.623 747.0 251.147 0 0 0 0 0 0 0 0
960 1120 1507.0 371.452 5000 1507.0 371.452 861.0 203.2731 477.0 176.687 0 0 0 0 0 0 0 0
960 1200 1444.0 363.233 5000 1444.0 363.233 790.0 190.9611 513.0 155.194 0 0 0 0 0 0 0 0
960 1280 2201.0 595.001 7500 2201.0 595.001 1293.0 297.9807 706.0 189.503 0 0 0 0 0 0 0 0
960 1360 756.0 179.706 2500 756.0 179.706 428.0 68.1341 251.0 70.129 0 0 0 0 0 0 0 0
960 1440 695.0 151.169 2500 695.0 151.169 359.0 81.6635 241.0 68.349 0 0 0 0 0 0 0 0
960 1520 2135.0 595.309 7500 2135.0 595.309 1270.0 332.2612 711.0 196.189 0 0 0 0 0 0 0 0
960 1600 2191.0 525.849 7500 2191.0 525.849 1294.0 300.8701 726.0 169.165 0 0 0 0 0 0 0 0
960 1680 2127.0 501.557 7500 2127.0 501.557 1198.0 236.1305 724.0 249.549 0 0 0 0 0 0 0 0
960 1760 1456.0 352.765 5000 1456.0 352.765 835.0 195.1142 473.0 164.029 0 0 0 0 0 0 0 0
960 1840 2869.0 706.471 10000 2869.0 706.471 1611.0 394.8506 995.0 271.018 0 0 0 0 0 0 0 0
960 1920 2830.0 670.541 10000 2830.0 670.541 1660.0 367.7957 955.0 308.764 0 0 0 0 0 0 0 0
960 2000 2938.0 687.31 10000 2938.0 687.31 1648.0 311.047 951.0 289.679 0 0 0 0 0 0 0 0
1040 400 654.0 225.7429 10000 654.0 225.7429 220.0 89.4547 396.0 146.6522 0 0 0 0 0 0 0 0
1040 480 1665.0 527.08 10000 1665.0 527.08 465.0 177.0335 1127.0 331.162 0 0 0 0 0 0 0 0
1040 560 2236.0 643.937 10000 2236.0 643.937 672.0 220.7174 1573.0 408.465 0 0 0 0 0 0 0 0
1040 640 2506.0 714.754 10000 2506.0 714.754 799.0 240.0544 1705.0 388.848 0 0 0 0 0 0 0 0
1040 720 2668.0 734.695 10000 2668.0 734.695 919.0 256.8982 1739.0 457.028 0 0 0 0 0 0 0 0
1040 800 2824.0 788.571 10000 2824.0 788.571 1090.0 313.4919 1581.0 441.058 0 0 0 0 0 0 0 0
1040 880 2924.0 882.228 10000 2924.0 882.228 1224.0 371.118 1434.0 484.725 0 0 0 0 0 0 0 0
1040 960 3049.0 1089.115 10000 3049.0 1089.115 1388.0 482.4 1434.0 577.882 0 0 0 0 0 0 0 0
1040 1040 3067.0 1016.446 10000 3067.0 1016.446 1882.0 532.686 936.0 367.216 0 0 0 0 0 0 0 0
1040 1120 3154.0 914.932 10000 3154.0 914.932 1869.0 444.851 958.0 373.99 0 0 0 0 0 0 0 0
1040 1200 1611.0 541.857 5000 1611.0 541.857 985.0 279.695 438.0 208.058 0 0 0 0 0 0 0 0
1040 1280 1528.0 446.589 5000 1528.0 446.589 980.0 247.814 421.0 160.461 0 0 0 0 0 0 0 0
1040 1360 1547.0 393.146 5000 1547.0 393.146 920.0 227.922 467.0 140.089 0 0 0 0 0 0 0 0
1040 1440 3034.0 892.402 10000 3034.0 892.402 1879.0 483.669 881.0 400.344 0 0 0 0 0 0 0 0
1040 1520 3049.0 791.53 10000 3049.0 791.53 1871.0 483.4804 867.0 280.124 0 0 0 0 0 0 0 0
1040 1600 2909.0 835.845 10000 2909.0 835.845 1818.0 489.432 937.0 390.904 0 0 0 0 0 0 0 0
1040 1680 3034.0 820.474 10000 3034.0 820.474 1887.0 487.4824 852.0 313.483 0 0 0 0 0 0 0 0
1040 1760 2985.0 807.767 10000 2985.0 807.767 1822.0 469.6361 835.0 364.385 0 0 0 0 0 0 0 0
1040 1840 2996.0 904.399 10000 2996.0 904.399 1835.0 562.383 858.0 256.306 0 0 0 0 0 0 0 0
1040 1920 2925.0 868.25 10000 2925.0 868.25 1760.0 461.203 856.0 352.344 0 0 0 0 0 0 0 0
1040 2000 2989.0 825.735 10000 2989.0 825.735 1809.0 490.6423 898.0 270.968 0 0 0 0 0 0 0 0
1120 400 620.0 242.4983 10000 620.0 242.4983 229.0 98.206 369.0 138.5775 0 0 0 0 0 0 0 0
1120 480 1612.0 536.829 10000 1612.0 536.829 424.0 187.8409 1033.0 334.781 0 0 0 0 0 0 0 0
1120 560 2127.0 661.559 10000 2127.0 661.559 618.0 240.37 1608.0 391.088 0 0 0 0 0 0 0 0
1120 640 2582.0 688.141 10000 2582.0 688.141 825.0 230.718 1754.0 397.41 0 0 0 0 0 0 0 0
1120 720 2792.0 757.857 10000 2792.0 757.857 993.0 318.516 1675.0 498.579 0 0 0 0 0 0 0 0
1120 800 2887.0 865.688 10000 2887.0 865.688 1086.0 354.0108 1633.0 447.496 0 0 0 0 0 0 0 0
1120 880 2840.0 932.949 10000 2840.0 932.949 1220.0 416.6849 1559.0 530.99 0 0 0 0 0 0 0 0
1120 960 2977.0 1088.97 10000 2977.0 1088.97 1378.0 493.287 1390.0 575.881 0 0 0 0 0 0 0 0
1120 1040 3069.0 1176.887 10000 3069.0 1176.887 1462.0 531.678 1361.0 633.535 0 0 0 0 0 0 0 0
1120 1120 3092.0 1036.279 10000 3092.0 1036.279 1947.0 585.798 909.0 408.362 0 0 0 0 0 0 0 0
1120 1200 3124.0 1109.257 10000 3124.0 1109.257 2011.0 697.468 822.0 375.411 0 0 0 0 0 0 0 0
1120 1280 3283.0 1035.313 10000 3283.0 1035.313 2096.0 653.632 782.0 367.569 0 0 0 0 0 0 0 0
1120 1360 3126.0 970.083 10000 3126.0 970.083 2020.0 581.249 834.0 352.299 0 0 0 0 0 0 0 0
1120 1440 3024.0 1011.117 10000 3024.0 1011.117 1936.0 583.455 784.0 322.525 0 0 0 0 0 0 0 0
1120 1520 3169.0 1006.462 10000 3169.0 1006.462 2081.0 583.989 792.0 356.939 0 0 0 0 0 0 0 0
1120 1600 3094.0 982.634 10000 3094.0 982.634 2014.0 531.134 854.0 397.714 0 0 0 0 0 0 0 0
1120 1680 3045.0 956.717 10000 3045.0 956.717 1953.0 518.684 786.0 561.527 0 0 0 0 0 0 0 0
1120 1760 3024.0 1081.689 10000 3024.0 1081.689 1924.0 637.136 830.0 361.979 0 0 0 0 0 0 0 0
1120 1840 3051.0 1048.765 10000 3051.0 1048.765 1977.0 580.674 781.0 335.74 0 0 0 0 0 0 0 0
1120 1920 3070.0 965.353 10000 3070.0 965.353 1987.0 606.524 807.0 310.462 0 0 0 0 0 0 0 0
1120 2000 3157.0 873.895 10000 3157.0 873.895 2008.0 545.773 794.0 305.213 0 0 0 0 0 0 0 0
1200 400 612.0 252.2862 10000 612.0 252.2862 195.0 78.4486 361.0 140.4259 0 0 0 0 0 0 0 0
1200 480 1533.0 509.319 10000 1533.0 509.319 427.0 181.3835 1106.0 288.98 0 0 0 0 0 0 0 0
1200 560 2149.0 636.141 10000 2149.0 636.141 581.0 207.6598 1494.0 370.567 0 0 0 0 0 0 0 0
1200 640 2539.0 697.936 10000 2539.0 697.936 769.0 257.6335 1727.0 411.432 0 0 0 0 0 0 0 0
1200 720 2655.0 771.809 10000 2655.0 771.809 899.0 331.3055 1654.0 433.573 0 0 0 0 0 0 0 0
1200 800 2797.0 861.191 10000 2797.0 861.191 1078.0 345.0672 1663.0 480.723 0 0 0 0 0 0 0 0
1200 880 2838.0 915.305 10000 2838.0 915.305 1228.0 387.3027 1496.0 492.741 0 0 0 0 0 0 0 0
1200 960 2960.0 962.563 10000 2960.0 962.563 1337.0 401.1682 1393.0 560.583 0 0 0 0 0 0 0 0
1200 1040 3055.0 1009.372 10000 3055.0 1009.372 1456.0 449.7606 1350.0 575.435 0 0 0 0 0 0 0 0
1200 1120 3241.0 1310.063 10000 3241.0 1310.063 1748.0 651.936 1247.0 652.559 0 0 0 0 0 0 0 0
1200 1200 3172.0 1180.386 10000 3172.0 1180.386 2082.0 683.435 748.0 439.259 0 0 0 0 0 0 0 0
1200 1280 3306.0 1275.518 10000 3306.0 1275.518 2188.0 786.99 786.0 423.538 0 0 0 0 0 0 0 0
1200 1360 3212.0 1134.893 10000 3212.0 1134.893 2191.0 739.481 746.0 333.261 0 0 0 0 0 0 0 0
1200 1440 3142.0 1221.032 10000 3142.0 1221.032 2077.0 763.619 776.0 420.362 0 0 0 0 0 0 0 0
1200 1520 3116.0 1084.238 10000 3116.0 1084.238 2092.0 637.733 705.0 360.183 0 0 0 0 0 0 0 0
1200 1600 3171.0 1127.567 10000 3171.0 1127.567 2131.0 733.113 737.0 395.761 0 0 0 0 0 0 0 0
1200 1680 3216.0 1171.213 10000 3216.0 1171.213 2139.0 643.142 761.0 424.974 0 0 0 0 0 0 0 0
1200 1760 3129.0 1145.035 10000 3129.0 1145.035 2136.0 666.546 740.0 349.273 0 0 0 0 0 0 0 0
1200 1840 3155.0 1207.697 10000 3155.0 1207.697 2153.0 758.488 685.0 299.905 0 0 0 0 0 0 0 0
1200 1920 3165.0 1115.297 10000 3165.0 1115.297 2132.0 659.062 736.0 337.077 0 0 0 0 0 0 0 0
1200 2000 3143.0 1054.484 10000 3143.0 1054.484 2092.0 622.501 763.0 336.373 0 0 0 0 0 0 0 0
1280 400 548.0 234.6201 10000 548.0 234.6201 181.0 93.6606 368.0 134.4872 0 0 0 0 0 0 0 0
1280 480 1520.0 440.9932 10000 1520.0 440.9932 414.0 143.7831 1054.0 268.2148 0 0 0 0 0 0 0 0
1280 560 2100.0 570.914 10000 2100.0 570.914 586.0 181.757 1543.0 348.496 0 0 0 0 0 0 0 0
1280 640 2466.0 713.576 10000 2466.0 713.576 781.0 258.8553 1740.0 416.512 0 0 0 0 0 0 0 0
1280 720 2625.0 731.248 10000 2625.0 731.248 955.0 268.1042 1709.0 417.898 0 0 0 0 0 0 0 0
1280 800 2788.0 790.066 10000 2788.0 790.066 1127.0 338.6211 1602.0 498.468 0 0 0 0 0 0 0 0
1280 880 2871.0 897.9 10000 2871.0 897.9 1215.0 365.6049 1546.0 507.047 0 0 0 0 0 0 0 0
1280 960 2969.0 1006.415 10000 2969.0 1006.415 1379.0 431.7114 1391.0 624.831 0 0 0 0 0 0 0 0
1280 1040 3011.0 1148.487 10000 3011.0 1148.487 1429.0 523.429 1343.0 647.702 0 0 0 0 0 0 0 0
1280 1120 3100.0 1259.373 10000 3100.0 1259.373 1556.0 549.739 1232.0 643.855 0 0 0 0 0 0 0 0
1280 1200 3265.0 1489.973 10000 3265.0 1489.973 1796.0 717.47 1193.0 624.321 0 0 0 0 0 0 0 0
1280 1280 3260.0 1299.434 10000 3260.0 1299.434 2271.0 778.338 723.0 349.486 0 0 0 0 0 0 0 0
1280 1360 3289.0 1450.091 10000 3289.0 1450.091 2284.0 925.663 692.0 420.564 0 0 0 0 0 0 0 0
1280 1440 3228.0 1238.985 10000 3228.0 1238.985 2194.0 758.249 705.0 417.611 0 0 0 0 0 0 0 0
1280 1520 3168.0 1360.617 10000 3168.0 1360.617 2220.0 819.74 653.0 386.064 0 0 0 0 0 0 0 0
1280 1600 3256.0 1216.303 10000 3256.0 1216.303 2329.0 821.305 649.0 378.217 0 0 0 0 0 0 0 0
1280 1680 3255.0 1240.728 10000 3255.0 1240.728 2298.0 695.446 700.0 323.287 0 0 0 0 0 0 0 0
1280 1760 3179.0 1285.782 10000 3179.0 1285.782 2225.0 866.286 694.0 461.503 0 0 0 0 0 0 0 0
1280 1840 3212.0 1331.216 10000 3212.0 1331.216 2301.0 865.593 658.0 375.54 0 0 0 0 0 0 0 0
1280 1920 3221.0 1258.33 10000 3221.0 1258.33 2273.0 853.711 672.0 374.296 0 0 0 0 0 0 0 0
1280 2000 3278.0 1340.066 10000 3278.0 1340.066 2315.0 910.902 630.0 413.717 0 0 0 0 0 0 0 0
1360 400 593.0 215.6377 10000 593.0 215.6377 198.0 82.0092 321.0 123.2625 0 0 0 0 0 0 0 0
1360 480 1487.0 475.239 10000 1487.0 475.239 380.0 155.6568 1113.0 295.561 0 0 0 0 0 0 0 0
1360 560 2132.0 581.927 10000 2132.0 581.927 574.0 192.1481 1517.0 366.816 0 0 0 0 0 0 0 0
1360 640 2366.0 675.126 10000 2366.0 675.126 705.0 243.0773 1679.0 394.66 0 0 0 0 0 0 0 0
1360 720 2660.0 804.595 10000 2660.0 804.595 884.0 282.3295 1714.0 423.82 0 0 0 0 0 0 0 0
1360 800 2833.0 780.177 10000 2833.0 780.177 1136.0 324.3833 1613.0 432.318 0 0 0 0 0 0 0 0
1360 880 2915.0 919.117 10000 2915.0 919.117 1251.0 396.5978 1548.0 521.209 0 0 0 0 0 0 0 0
1360 960 3002.0 947.37 10000 3002.0 947.37 1357.0 415.1904 1462.0 544.272 0 0 0 0 0 0 0 0
1360 1040 3066.0 1157.37 10000 3066.0 1157.37 1470.0 507.595 1380.0 523.685 0 0 0 0 0 0 0 0
1360 1120 2997.0 1209.647 10000 2997.0 1209.647 1587.0 562.743 1297.0 631.133 0 0 0 0 0 0 0 0
1360 1200 3152.0 1445.568 10000 3152.0 1445.568 1761.0 783.915 1126.0 643.795 0 0 0 0 0 0 0 0
1360 1280 3248.0 1755.407 10000 3248.0 1755.407 1919.0 956.375 1055.0 638.009 0 0 0 0 0 0 0 0
1360 1360 3358.0 1577.683 10000 3358.0 1577.683 2386.0 1006.966 676.0 417.711 0 0 0 0 0 0 0 0
1360 1440 3331.0 1564.151 10000 3331.0 1564.151 2392.0 1033.583 626.0 503.223 0 0 0 0 0 0 0 0
1360 1520 3301.0 1610.312 10000 3301.0 1610.312 2330.0 1002.007 656.0 408.854 0 0 0 0 0 0 0 0
1360 1600 3290.0 1570.71 10000 3290.0 1570.71 2383.0 1061.544 617.0 498.429 0 0 0 0 0 0 0 0
1360 1680 3349.0 1474.774 10000 3349.0 1474.774 2451.0 954.67 586.0 412.756 0 0 0 0 0 0 0 0
1360 1760 3271.0 1410.261 10000 3271.0 1410.261 2347.0 976.94 664.0 416.537 0 0 0 0 0 0 0 0
1360 1840 3281.0 1514.573 10000 3281.0 1514.573 2387.0 956.551 594.0 398.518 0 0 0 0 0 0 0 0
1360 1920 3258.0 1464.53 10000 3258.0 1464.53 2341.0 976.524 644.0 392.748 0 0 0 0 0 0 0 0
1360 2000 3230.0 1555.401 10000 3230.0 1555.401 2340.0 1008.032 638.0 312.539 0 0 0 0 0 0 0 0
1440 400 550.0 197.7717 10000 550.0 197.7717 178.0 72.512 375.0 151.9251 0 0 0 0 0 0 0 0
1440 480 1447.0 489.967 10000 1447.0 489.967 369.0 177.5196 1058.0 300.451 0 0 0 0 0 0 0 0
1440 560 2086.0 571.898 10000 2086.0 571.898 602.0 231.0188 1597.0 347.345 0 0 0 0 0 0 0 0
1440 640 2494.0 659.715 10000 2494.0 659.715 739.0 245.5507 1779.0 444.174 0 0 0 0 0 0 0 0
1440 720 2688.0 739.643 10000 2688.0 739.643 922.0 309.8655 1705.0 443.535 0 0 0 0 0 0 0 0
1440 800 2744.0 764.916 10000 2744.0 764.916 1039.0 304.8308 1586.0 485.208 0 0 0 0 0 0 0 0
1440 880 2878.0 942.738 10000 2878.0 942.738 1245.0 387.0477 1491.0 534.724 0 0 0 0 0 0 0 0
1440 960 2944.0 963.22 10000 2944.0 963.22 1332.0 423.6681 1427.0 563.565 0 0 0 0 0 0 0 0
1440 1040 3111.0 1032.125 10000 3111.0 1032.125 1516.0 457.7525 1349.0 597.347 0 0 0 0 0 0 0 0
1440 1120 3023.0 1305.726 10000 3023.0 1305.726 1588.0 619.618 1274.0 585.219 0 0 0 0 0 0 0 0
1440 1200 3264.0 1419.642 10000 3264.0 1419.642 1739.0 716.706 1163.0 699.833 0 0 0 0 0 0 0 0
1440 1280 3219.0 1555.52 10000 3219.0 1555.52 1855.0 786.302 1165.0 719.551 0 0 0 0 0 0 0 0
1440 1360 3296.0 1737.436 10000 3296.0 1737.436 1976.0 933.021 1015.0 805.429 0 0 0 0 0 0 0 0
1440 1440 3336.0 1724.934 10000 3336.0 1724.934 2466.0 1082.864 598.0 483.871 0 0 0 0 0 0 0 0
1440 1520 3339.0 1720.494 10000 3339.0 1720.494 2447.0 1179.978 603.0 429.617 0 0 0 0 0 0 0 0
1440 1600 3383.0 1895.989 10000 3383.0 1895.989 2539.0 1185.084 614.0 399.315 0 0 0 0 0 0 0 0
1440 1680 3282.0 2049.444 10000 3282.0 2049.444 2388.0 1437.381 610.0 515.585 0 0 0 0 0 0 0 0
1440 1760 3306.0 1590.072 10000 3306.0 1590.072 2464.0 1097.804 606.0 425.365 0 0 0 0 0 0 0 0
1440 1840 3324.0 1500.291 10000 3324.0 1500.291 2498.0 922.26 562.0 378.001 0 0 0 0 0 0 0 0
1440 1920 3314.0 1674.36 10000 3314.0 1674.36 2433.0 1167.678 563.0 448.937 0 0 0 0 0 0 0 0
1440 2000 3319.0 1657.476 10000 3319.0 1657.476 2466.0 1166.759 585.0 451.355 0 0 0 0 0 0 0 0
1520 400 526.0 238.435 10000 526.0 238.435 185.0 119.0584 368.0 124.7638 0 0 0 0 0 0 0 0
1520 480 1512.0 482.205 10000 1512.0 482.205 387.0 160.8668 1119.0 291.957 0 0 0 0 0 0 0 0
1520 560 2033.0 584.339 10000 2033.0 584.339 543.0 207.3683 1567.0 319.744 0 0 0 0 0 0 0 0
1520 640 2478.0 639.985 10000 2478.0 639.985 738.0 217.9643 1673.0 420.842 0 0 0 0 0 0 0 0
1520 720 2698.0 746.651 10000 2698.0 746.651 890.0 271.805 1768.0 481.749 0 0 0 0 0 0 0 0
1520 800 2816.0 791.969 10000 2816.0 791.969 1088.0 340.5463 1668.0 435.099 0 0 0 0 0 0 0 0
1520 880 2961.0 987.447 10000 2961.0 987.447 1265.0 399.1801 1522.0 573.293 0 0 0 0 0 0 0 0
1520 960 2962.0 982.805 10000 2962.0 982.805 1350.0 426.245 1433.0 495.871 0 0 0 0 0 0 0 0
1520 1040 3093.0 1034.608 10000 3093.0 1034.608 1485.0 465.293 1330.0 595.852 0 0 0 0 0 0 0 0
1520 1120 3121.0 1276.537 10000 3121.0 1276.537 1668.0 606.268 1223.0 596.305 0 0 0 0 0 0 0 0
1520 1200 3171.0 1367.991 10000 3171.0 1367.991 1737.0 690.367 1239.0 664.342 0 0 0 0 0 0 0 0
1520 1280 3208.0 1538.464 10000 3208.0 1538.464 1831.0 806.834 1115.0 631.633 0 0 0 0 0 0 0 0
1520 1360 3165.0 1788.275 10000 3165.0 1788.275 1853.0 1002.841 1010.0 807.421 0 0 0 0 0 0 0 0
1520 1440 3429.0 1986.149 10000 3429.0 1986.149 2220.0 1132.297 885.0 834.304 0 0 0 0 0 0 0 0
1520 1520 3411.0 1987.94 10000 3411.0 1987.94 2540.0 1290.865 532.0 476.884 0 0 0 0 0 0 0 0
1520 1600 3350.0 1903.557 10000 3350.0 1903.557 2528.0 1368.249 576.0 470.827 0 0 0 0 0 0 0 0
1520 1680 3440.0 1853.336 10000 3440.0 1853.336 2644.0 1310.489 525.0 438.495 0 0 0 0 0 0 0 0
1520 1760 3408.0 1864.371 10000 3408.0 1864.371 2563.0 1224.901 532.0 362.648 0 0 0 0 0 0 0 0
1520 1840 3369.0 1637.3 10000 3369.0 1637.3 2567.0 1090.783 588.0 347.369 0 0 0 0 0 0 0 0
1520 1920 3329.0 1808.216 10000 3329.0 1808.216 2542.0 1242.22 531.0 415.61 0 0 0 0 0 0 0 0
1520 2000 3286.0 1830.752 10000 3286.0 1830.752 2462.0 1302.552 563.0 413.624 0 0 0 0 0 0 0 0
1600 400 522.0 218.8143 10000 522.0 218.8143 169.0 79.1448 340.0 106.7396 0 0 0 0 0 0 0 0
1600 480 1533.0 473.7 10000 1533.0 473.7 388.0 182.9343 1085.0 250.003 0 0 0 0 0 0 0 0
1600 560 2093.0 577.126 10000 2093.0 577.126 516.0 178.7262 1554.0 315.208 0 0 0 0 0 0 0 0
1600 640 2514.0 659.828 10000 2514.0 659.828 760.0 239.363 1737.0 398.69 0 0 0 0 0 0 0 0
1600 720 2595.0 703.19 10000 2595.0 703.19 833.0 238.3358 1686.0 383.689 0 0 0 0 0 0 0 0
1600 800 2781.0 772.607 10000 2781.0 772.607 1045.0 301.3126 1643.0 392.258 0 0 0 0 0 0 0 0
1600 880 3010.0 901.792 10000 3010.0 901.792 1275.0 412.3336 1543.0 490.625 0 0 0 0 0 0 0 0
1600 960 2976.0 968.243 10000 2976.0 968.243 1334.0 452.7733 1391.0 533.469 0 0 0 0 0 0 0 0
1600 1040 3128.0 1157.902 10000 3128.0 1157.902 1518.0 554.686 1333.0 566.344 0 0 0 0 0 0 0 0
1600 1120 3113.0 1107.857 10000 3113.0 1107.857 1631.0 516.497 1282.0 639.561 0 0 0 0 0 0 0 0
1600 1200 3221.0 1414.919 10000 3221.0 1414.919 1747.0 706.905 1191.0 599.955 0 0 0 0 0 0 0 0
1600 1280 3236.0 1430.96 10000 3236.0 1430.96 1826.0 686.157 1081.0 643.376 0 0 0 0 0 0 0 0
1600 1360 3270.0 1674.571 10000 3270.0 1674.571 1943.0 916.179 1008.0 683.376 0 0 0 0 0 0 0 0
1600 1440 3357.0 1775.678 10000 3357.0 1775.678 2110.0 1061.643 997.0 677.75 0 0 0 0 0 0 0 0
1600 1520 3468.0 2393.727 10000 3468.0 2393.727 2272.0 1402.489 877.0 680.348 0 0 0 0 0 0 0 0
1600 1600 3313.0 2150.925 9999 3313.0 2150.925 2549.0 1456.049 529.0 411.897 0 0 0 0 0 0 0 0
1600 1680 3321.0 2013.99 10000 3321.0 2013.99 2556.0 1395.769 518.0 560.75 0 0 0 0 0 0 0 0
1600 1760 3340.0 2047.779 10000 3340.0 2047.779 2573.0 1420.741 517.0 432.952 0 0 0 0 0 0 0 0
1600 1840 3423.0 1979.408 9999 3423.0 1979.408 2697.0 1465.915 536.0 453.615 0 0 0 0 0 0 0 0
1600 1920 3380.0 2056.031 10000 3380.0 2056.031 2612.0 1417.888 521.0 566.966 0 0 0 0 0 0 0 0
1600 2000 3384.0 1862.34 10000 3384.0 1862.34 2626.0 1352.576 529.0 532.102 0 0 0 0 0 0 0 0
1680 400 596.0 225.9789 10000 596.0 225.9789 186.0 84.8509 378.0 142.7911 0 0 0 0 0 0 0 0
1680 480 1485.0 432.4327 10000 1485.0 432.4327 429.0 153.0372 1101.0 288.9113 0 0 0 0 0 0 0 0
1680 560 2074.0 579.828 10000 2074.0 579.828 547.0 207.4555 1567.0 343.001 0 0 0 0 0 0 0 0
1680 640 2421.0 618.263 10000 2421.0 618.263 698.0 224.6348 1717.0 365.862 0 0 0 0 0 0 0 0
1680 720 2611.0 703.106 10000 2611.0 703.106 853.0 277.5071 1725.0 409.689 0 0 0 0 0 0 0 0
1680 800 2769.0 729.432 10000 2769.0 729.432 1027.0 300.7442 1673.0 449.076 0 0 0 0 0 0 0 0
1680 880 2851.0 867.355 10000 2851.0 867.355 1156.0 395.5022 1571.0 502.514 0 0 0 0 0 0 0 0
1680 960 3009.0 998.053 10000 3009.0 998.053 1326.0 450.6037 1452.0 634.206 0 0 0 0 0 0 0 0
1680 1040 3073.0 1060.418 10000 3073.0 1060.418 1514.0 492.695 1355.0 577.185 0 0 0 0 0 0 0 0
1680 1120 3121.0 1161.357 10000 3121.0 1161.357 1640.0 567.05 1285.0 563.332 0 0 0 0 0 0 0 0
1680 1200 3144.0 1356.877 9999 3144.0 1356.877 1720.0 688.797 1181.0 637.637 0 0 0 0 0 0 0 0
1680 1280 3137.0 1394.759 10000 3137.0 1394.759 1831.0 695.523 1105.0 625.925 0 0 0 0 0 0 0 0
1680 1360 3225.0 1656.369 10000 3225.0 1656.369 1858.0 842.306 1096.0 659.324 0 0 0 0 0 0 0 0
1680 1440 3355.0 1700.33 10000 3355.0 1700.33 2162.0 935.052 958.0 700.051 0 0 0 0 0 0 0 0
1680 1520 3343.0 2020.955 10000 3343.0 2020.955 2141.0 1207.093 891.0 744.231 0 0 0 0 0 0 0 0
1680 1600 3397.0 2347.214 10000 3397.0 2347.214 2321.0 1455.723 857.0 864.345 0 0 0 0 0 0 0 0
1680 1680 3231.0 2258.415 10000 3231.0 2258.415 2549.0 1646.316 480.0 491.767 0 0 0 0 0 0 0 0
1680 1760 3373.0 2200.86 10000 3373.0 2200.86 2679.0 1630.344 489.0 613.215 0 0 0 0 0 0 0 0
1680 1840 3363.0 2171.032 9997 3363.0 2171.032 2658.0 1684.796 488.0 478.461 0 0 0 0 0 0 0 0
1680 1920 3357.0 2178.059 10000 3357.0 2178.059 2646.0 1558.27 504.0 505.485 0 0 0 0 0 0 0 0
1680 2000 3345.0 2437.554 10000 3345.0 2437.554 2630.0 1626.972 452.0 532.752 0 0 0 0 0 0 0 0
1760 400 520.0 198.4764 10000 520.0 198.4764 160.0 66.33428 375.0 136.0763 0 0 0 0 0 0 0 0
1760 480 1439.0 430.323 10000 1439.0 430.323 382.0 135.083 1139.0 237.271 0 0 0 0 0 0 0 0
1760 560 2098.0 592.911 10000 2098.0 592.911 549.0 217.357 1574.0 349.04 0 0 0 0 0 0 0 0
1760 640 2419.0 605.726 10000 2419.0 605.726 730.0 227.0053 1766.0 374.706 0 0 0 0 0 0 0 0
1760 720 2631.0 728.778 10000 2631.0 728.778 882.0 315.1904 1775.0 396.799 0 0 0 0 0 0 0 0
1760 800 2796.0 731.455 10000 2796.0 731.455 1057.0 314.9313 1735.0 444.366 0 0 0 0 0 0 0 0
1760 880 2980.0 859.499 10000 2980.0 859.499 1205.0 321.7224 1529.0 486.129 0 0 0 0 0 0 0 0
1760 960 2972.0 924.756 10000 2972.0 924.756 1346.0 409.0026 1459.0 554.709 0 0 0 0 0 0 0 0
1760 1040 3009.0 1098.903 10000 3009.0 1098.903 1463.0 494.886 1363.0 598.262 0 0 0 0 0 0 0 0
1760 1120 3169.0 1213.482 10000 3169.0 1213.482 1642.0 565.408 1245.0 593.994 0 0 0 0 0 0 0 0
1760 1200 3147.0 1210.295 10000 3147.0 1210.295 1698.0 592.687 1230.0 686.864 0 0 0 0 0 0 0 0
1760 1280 3214.0 1418.291 9999 3214.0 1418.291 1855.0 798.231 1076.0 552.589 0 0 0 0 0 0 0 0
1760 1360 3270.0 1670.126 10000 3270.0 1670.126 1926.0 867.312 1007.0 755.65 0 0 0 0 0 0 0 0
1760 1440 3171.0 1578.799 10000 3171.0 1578.799 1903.0 870.792 993.0 696.754 0 0 0 0 0 0 0 0
1760 1520 3288.0 1783.947 10000 3288.0 1783.947 2083.0 1014.639 967.0 728.439 0 0 0 0 0 0 0 0
1760 1600 3301.0 2204.411 10000 3301.0 2204.411 2135.0 1266.888 849.0 776.845 0 0 0 0 0 0 0 0
1760 1680 3492.0 2711.099 10000 3492.0 2711.099 2458.0 1683.722 780.0 799.964 0 0 0 0 0 0 0 0
1760 1760 3246.0 2437.601 10000 3246.0 2437.601 2586.0 1715.381 460.0 473.755 0 0 0 0 0 0 0 0
1760 1840 3266.0 2434.837 10000 3266.0 2434.837 2592.0 1712.839 455.0 512.756 0 0 0 0 0 0 0 0
1760 1920 3334.0 2210.074 9999 3334.0 2210.074 2653.0 1690.508 424.0 489.4 0 0 0 0 0 0 0 0
1760 2000 3255.0 2391.433 10000 3255.0 2391.433 2609.0 1878.588 448.0 652.415 0 0 0 0 0 0 0 0
1840 400 554.0 222.3679 10000 554.0 222.3679 187.0 85.7796 324.0 100.4233 0 0 0 0 0 0 0 0
1840 480 1469.0 508.286 10000 1469.0 508.286 364.0 192.4531 1105.0 280.157 0 0 0 0 0 0 0 0
1840 560 2027.0 585.971 10000 2027.0 585.971 517.0 195.6783 1591.0 314.44 0 0 0 0 0 0 0 0
1840 640 2462.0 636.566 10000 2462.0 636.566 684.0 221.0894 1717.0 398.375 0 0 0 0 0 0 0 0
1840 720 2571.0 649.544 10000 2571.0 649.544 822.0 241.9448 1800.0 450.745 0 0 0 0 0 0 0 0
1840 800 2817.0 699.488 10000 2817.0 699.488 1011.0 264.1711 1652.0 423.08 0 0 0 0 0 0 0 0
1840 880 2931.0 817.575 10000 2931.0 817.575 1225.0 350.4013 1601.0 493.11 0 0 0 0 0 0 0 0
1840 960 3034.0 887.723 10000 3034.0 887.723 1346.0 373.1716 1479.0 546.552 0 0 0 0 0 0 0 0
1840 1040 3117.0 1072.397 10000 3117.0 1072.397 1530.0 477.5386 1396.0 589.905 0 0 0 0 0 0 0 0
1840 1120 3143.0 1131.154 10000 3143.0 1131.154 1655.0 568.362 1270.0 611.214 0 0 0 0 0 0 0 0
1840 1200 3227.0 1294.74 10000 3227.0 1294.74 1781.0 652.378 1115.0 634.622 0 0 0 0 0 0 0 0
1840 1280 3243.0 1533.139 9999 3243.0 1533.139 1823.0 814.927 1084.0 595.806 0 0 0 0 0 0 0 0
1840 1360 3209.0 1463.942 10000 3209.0 1463.942 1902.0 753.668 1009.0 688.859 0 0 0 0 0 0 0 0
1840 1440 3259.0 1499.861 9999 3259.0 1499.861 1996.0 779.807 934.0 670.122 0 0 0 0 0 0 0 0
1840 1520 3249.0 1855.106 10000 3249.0 1855.106 2057.0 1017.84 929.0 630.002 0 0 0 0 0 0 0 0
1840 1600 3259.0 1965.037 10000 3259.0 1965.037 2148.0 1162.983 856.0 696.062 0 0 0 0 0 0 0 0
1840 1680 3190.0 2253.038 9999 3190.0 2253.038 2139.0 1404.338 822.0 764.506 0 0 0 0 0 0 0 0
1840 1760 3431.0 2541.145 10000 3431.0 2541.145 2439.0 1609.433 710.0 842.353 0 0 0 0 0 0 0 0
1840 1840 3129.0 2476.226 10000 3129.0 2476.226 2540.0 1803.145 427.0 470.357 0 0 0 0 0 0 0 0
1840 1920 3178.0 2459.938 9997 3178.0 2459.938 2592.0 1867.485 407.0 556.511 0 0 0 0 0 0 0 0
1840 2000 3311.0 2503.41 10000 3311.0 2503.41 2672.0 1869.603 379.0 432.406 0 0 0 0 0 0 0 0
1920 400 533.0 192.4955 10000 533.0 192.4955 159.0 76.0428 367.0 130.9558 0 0 0 0 0 0 0 0
1920 480 1412.0 458.958 10000 1412.0 458.958 352.0 150.1103 1092.0 264.225 0 0 0 0 0 0 0 0
1920 560 2040.0 549.222 10000 2040.0 549.222 524.0 197.1028 1594.0 345.039 0 0 0 0 0 0 0 0
1920 640 2446.0 679.254 10000 2446.0 679.254 722.0 256.255 1677.0 391.951 0 0 0 0 0 0 0 0
1920 720 2607.0 719.962 10000 2607.0 719.962 855.0 288.315 1710.0 423.54 0 0 0 0 0 0 0 0
1920 800 2811.0 785.562 10000 2811.0 785.562 1009.0 324.5778 1671.0 422.592 0 0 0 0 0 0 0 0
1920 880 2876.0 787.507 10000 2876.0 787.507 1145.0 321.067 1567.0 528.874 0 0 0 0 0 0 0 0
1920 960 2928.0 894.54 10000 2928.0 894.54 1329.0 409.3102 1492.0 503.545 0 0 0 0 0 0 0 0
1920 1040 3111.0 1012.366 10000 3111.0 1012.366 1472.0 447.756 1361.0 519.321 0 0 0 0 0 0 0 0
1920 1120 3162.0 1144.596 10000 3162.0 1144.596 1606.0 547.142 1263.0 604.474 0 0 0 0 0 0 0 0
1920 1200 3147.0 1239.616 10000 3147.0 1239.616 1675.0 632.921 1201.0 620.504 0 0 0 0 0 0 0 0
1920 1280 3244.0 1359.898 10000 3244.0 1359.898 1850.0 730.909 1146.0 584.276 0 0 0 0 0 0 0 0
1920 1360 3243.0 1435.464 10000 3243.0 1435.464 1920.0 738.688 1034.0 652.567 0 0 0 0 0 0 0 0
1920 1440 3179.0 1653.437 10000 3179.0 1653.437 2015.0 886.657 938.0 681.299 0 0 0 0 0 0 0 0
1920 1520 3211.0 1652.056 10000 3211.0 1652.056 2014.0 964.484 913.0 707.672 0 0 0 0 0 0 0 0
1920 1600 3141.0 1807.317 10000 3141.0 1807.317 2099.0 1088.891 838.0 733.691 0 0 0 0 0 0 0 0
1920 1680 3196.0 2083.015 10000 3196.0 2083.015 2143.0 1243.951 756.0 681.362 0 0 0 0 0 0 0 0
1920 1760 3252.0 2156.7 10000 3252.0 2156.7 2240.0 1273.139 755.0 842.768 0 0 0 0 0 0 0 0
1920 1840 3244.0 2714.44 9999 3244.0 2714.44 2328.0 1780.971 638.0 718.827 0 0 0 0 0 0 0 0
1920 1920 3029.0 2574.805 9999 3029.0 2574.805 2479.0 1944.004 352.0 459.979 0 0 0 0 0 0 0 0
1920 2000 3094.0 2794.459 10000 3094.0 2794.459 2541.0 2157.044 356.0 423.172 0 0 0 0 0 0 0 0
2000 400 560.0 197.4718 10000 560.0 197.4718 186.0 90.5288 370.0 163.892 0 0 0 0 0 0 0 0
2000 480 1460.0 474.048 10000 1460.0 474.048 354.0 174.6782 1061.0 255.675 0 0 0 0 0 0 0 0
2000 560 2024.0 551.879 10000 2024.0 551.879 540.0 181.9709 1544.0 338.224 0 0 0 0 0 0 0 0
2000 640 2464.0 609.67 10000 2464.0 609.67 749.0 217.3952 1795.0 393.28 0 0 0 0 0 0 0 0
2000 720 2664.0 690.989 10000 2664.0 690.989 841.0 270.4413 1776.0 401.806 0 0 0 0 0 0 0 0
2000 800 2873.0 805.412 10000 2873.0 805.412 1045.0 296.6088 1622.0 440.032 0 0 0 0 0 0 0 0
2000 880 2856.0 795.072 10000 2856.0 795.072 1163.0 342.8532 1485.0 502.762 0 0 0 0 0 0 0 0
2000 960 3063.0 914.857 10000 3063.0 914.857 1371.0 393.3198 1505.0 453.799 0 0 0 0 0 0 0 0
2000 1040 3010.0 1044.44 10000 3010.0 1044.44 1425.0 473.376 1396.0 531.246 0 0 0 0 0 0 0 0
2000 1120 3153.0 1181.246 10000 3153.0 1181.246 1538.0 592.76 1295.0 534.093 0 0 0 0 0 0 0 0
2000 1200 3221.0 1223.824 10000 3221.0 1223.824 1722.0 603.014 1170.0 568.753 0 0 0 0 0 0 0 0
2000 1280 3150.0 1476.33 10000 3150.0 1476.33 1760.0 739.233 1111.0 686.434 0 0 0 0 0 0 0 0
2000 1360 3349.0 1668.98 9999 3349.0 1668.98 1971.0 891.501 950.0 647.802 0 0 0 0 0 0 0 0
2000 1440 3231.0 1522.923 10000 3231.0 1522.923 1967.0 834.612 972.0 668.555 0 0 0 0 0 0 0 0
2000 1520 3179.0 1729.737 9999 3179.0 1729.737 1961.0 1015.587 909.0 668.836 0 0 0 0 0 0 0 0
2000 1600 3120.0 1757.267 9999 3120.0 1757.267 2029.0 1048.927 773.0 580.76 0 0 0 0 0 0 0 0
2000 1680 3065.0 1884.77 10000 3065.0 1884.77 2082.0 1124.496 798.0 730.721 0 0 0 0 0 0 0 0
2000 1760 3051.0 1949.778 9999 3051.0 1949.778 2032.0 1155.667 747.0 618.803 0 0 0 0 0 0 0 0
2000 1840 2992.0 2121.995 10000 2992.0 2121.995 2112.0 1399.022 608.0 669.924 0 0 0 0 0 0 0 0
2000 1920 2941.0 2421.071 9997 2941.0 2421.071 2193.0 1654.654 579.0 699.203 0 0 0 0 0 0 0 0
2000 2000 2671.0 2587.785 9996 2671.0 2587.785 2188.0 1955.395 326.0 430.556 0 0 0 0 0 0 0 0
