160 160 18.0 4.19283 2406 6.0 0.543604 0.0 0.0 18.0 3.75563 0 0 0 0 0 0 0 0 49.0 49.0
160 240 134.0 26.7585 7135 29.0 7.32327 4.0 0.712197 134.0 23.2942 0 0 0 0 0 0 0 0 221.0 221.0
160 320 127.0 34.8716 6394 28.0 13.9962 0.0 6.87654 129.0 25.7719 0 0 0 0 0 0 0 0 213.0 213.0
160 400 100.0 17.4962 5604 18.0 4.04072 3.0 0.0 94.0 21.3305 0 0 0 0 0 0 0 0 204.0 204.0
160 480 92.0 22.4047 5242 29.0 3.80776 1.0 0.638527 66.0 13.8234 0 0 0 0 0 0 0 0 189.0 189.0
160 560 69.0 12.0135 4824 17.0 3.84094 3.0 0.525013 68.0 5.8763 0 0 0 0 0 0 0 0 168.0 168.0
160 640 65.0 16.8618 4752 15.0 8.38572 3.0 2.47205 60.0 11.1173 0 0 0 0 0 0 0 0 160.0 160.0
160 720 51.0 10.6338 4415 11.0 4.85812 3.0 2.04942 52.0 15.2662 0 0 0 0 0 0 0 0 133.0 133.0
160 800 62.0 13.3345 4434 20.0 3.15132 4.0 0.0 42.0 8.4166 0 0 0 0 0 0 0 0 135.0 135.0
160 880 53.0 14.8878 4344 24.0 3.43605 2.0 0.180434 47.0 14.1842 0 0 0 0 0 0 0 0 116.0 116.0
160 960 44.0 9.6503 4245 14.0 3.07443 2.0 1.25973 49.0 7.499 0 0 0 0 0 0 0 0 130.0 130.0
160 1040 31.0 9.96387 4225 12.0 4.15688 0.0 0.268725 34.0 6.83173 0 0 0 0 0 0 0 0 134.0 134.0
160 1120 44.0 11.9587 4112 11.0 4.69797 1.0 0.286688 35.0 9.1658 0 0 0 0 0 0 0 0 96.0 96.0
160 1200 37.0 15.4927 4099 10.0 7.11342 1.0 0.706707 44.0 3.5947 0 0 0 0 0 0 0 0 114.0 114.0
160 1280 48.0 5.06036 3986 8.0 1.91841 1.0 0.29002 27.0 7.56024 0 0 0 0 0 0 0 0 120.0 120.0
160 1360 45.0 9.62268 4028 12.0 2.69603 3.0 1.19671 36.0 7.15632 0 0 0 0 0 0 0 0 109.0 109.0
160 1440 51.0 5.36596 3895 17.0 1.71655 4.0 0.197464 48.0 6.69624 0 0 0 0 0 0 0 0 102.0 102.0
160 1520 49.0 8.7172 3832 8.0 1.50004 2.0 0.0 40.0 6.9342 0 0 0 0 0 0 0 0 91.0 91.0
160 1600 41.0 6.7403 3795 8.0 0.559067 1.0 0.0 37.0 6.0569 0 0 0 0 0 0 0 0 90.0 90.0
160 1680 46.0 7.62429 3705 13.0 1.25368 0.0 0.0 28.0 7.70951 0 0 0 0 0 0 0 0 104.0 104.0
160 1760 31.0 3.87563 3667 9.0 1.48504 5.0 0.0 45.0 7.27057 0 0 0 0 0 0 0 0 87.0 87.0
160 1840 34.0 8.40143 3634 9.0 2.49302 1.0 0.014 30.0 3.93387 0 0 0 0 0 0 0 0 89.0 89.0
160 1920 35.0 7.72071 3637 11.0 1.6193 2.0 0.0 41.0 3.29149 0 0 0 0 0 0 0 0 103.0 103.0
160 2000 37.0 3.96696 3647 9.0 1.36313 4.0 0.495463 39.0 6.04161 0 0 0 0 0 0 0 0 90.0 90.0
240 160 93.0 23.8889 7849 18.0 4.52309 3.0 0.694131 80.0 26.2105 0 0 0 0 0 0 0 0 194.0 194.0
240 240 421.0 98.0284 14613 90.0 25.3059 6.0 1.3328 505.0 71.5346 0 0 0 0 0 0 0 0 531.0 531.0
240 320 532.0 70.4226 10734 95.0 15.1075 9.0 1.95012 645.0 61.9874 0 0 0 0 0 0 0 0 483.0 483.0
240 400 583.0 48.3652 10184 98.0 11.5207 13.0 3.40893 668.0 54.6238 0 0 0 0 0 0 0 0 480.0 480.0
240 480 513.0 38.6845 9649 107.0 12.1249 7.0 3.09799 590.0 43.2491 0 0 0 0 0 0 0 0 514.0 514.0
240 560 463.0 56.707 9494 117.0 19.1964 14.0 1.82544 496.0 37.6429 0 0 0 0 0 0 0 0 550.0 550.0
240 640 428.0 41.3312 9710 90.0 10.8773 5.0 1.63334 463.0 37.8056 0 0 0 0 0 0 0 0 491.0 491.0
240 720 362.0 55.0241 9545 76.0 15.0831 9.0 2.80665 430.0 39.0205 0 0 0 0 0 0 0 0 470.0 470.0
240 800 333.0 40.1951 9615 68.0 13.4477 11.0 2.80185 374.0 39.8838 0 0 0 0 0 0 0 0 461.0 461.0
240 880 365.0 38.9546 9601 75.0 16.7903 5.0 2.38442 373.0 31.3144 0 0 0 0 0 0 0 0 436.0 436.0
240 960 328.0 40.0021 9650 75.0 18.0482 10.0 2.89078 357.0 30.7742 0 0 0 0 0 0 0 0 424.0 424.0
240 1040 305.0 49.0069 9608 63.0 25.0128 7.0 2.03832 331.0 42.2748 0 0 0 0 0 0 0 0 429.0 429.0
240 1120 356.0 57.2403 9772 72.0 20.417 6.0 3.40607 373.0 26.3513 0 0 0 0 0 0 0 0 431.0 431.0
240 1200 337.0 44.8547 9799 60.0 21.765 5.0 0.992023 373.0 32.1829 0 0 0 0 0 0 0 0 427.0 427.0
240 1280 292.0 35.2149 9687 66.0 12.7831 7.0 0.524956 357.0 26.176 0 0 0 0 0 0 0 0 396.0 396.0
240 1360 355.0 29.2474 9742 75.0 10.0656 10.0 0.829752 391.0 34.2049 0 0 0 0 0 0 0 0 384.0 384.0
240 1440 311.0 32.6075 9852 70.0 10.4803 7.0 2.31185 382.0 25.0871 0 0 0 0 0 0 0 0 389.0 389.0
240 1520 304.0 32.7259 9871 65.0 10.4438 14.0 0.20485 314.0 27.7015 0 0 0 0 0 0 0 0 404.0 404.0
240 1600 317.0 35.6929 9838 82.0 12.4546 9.0 1.46683 343.0 28.6033 0 0 0 0 0 0 0 0 430.0 430.0
240 1680 366.0 35.1111 9845 85.0 7.65979 11.0 0.67933 340.0 31.0112 0 0 0 0 0 0 0 0 416.0 416.0
240 1760 319.0 44.407 9843 64.0 23.7098 5.0 1.92148 365.0 27.9551 0 0 0 0 0 0 0 0 389.0 389.0
240 1840 294.0 30.6691 9882 65.0 9.25531 1.0 0.787341 404.0 37.3053 0 0 0 0 0 0 0 0 423.0 423.0
240 1920 293.0 35.0219 9832 65.0 10.3272 3.0 1.22332 322.0 33.2975 0 0 0 0 0 0 0 0 389.0 389.0
240 2000 319.0 34.0929 9937 72.0 7.72887 7.0 0.843254 363.0 30.057 0 0 0 0 0 0 0 0 404.0 404.0
320 160 78.0 24.1714 7828 8.0 7.55807 2.0 0.183355 96.0 22.1046 0 0 0 0 0 0 0 0 196.0 196.0
320 240 259.0 52.0015 8676 40.0 9.47695 9.0 0.897162 376.0 49.1725 0 0 0 0 0 0 0 0 293.0 293.0
320 320 1010.0 139.228 14126 224.0 39.4896 18.0 7.75325 1082.0 128.064 0 0 0 0 0 0 0 0 1048.0 1048.0
320 400 988.0 102.92 10147 206.0 34.1625 23.0 4.26418 1024.0 78.513 0 0 0 0 0 0 0 0 821.0 821.0
320 480 965.0 82.6931 9656 222.0 28.6385 19.0 7.17144 974.0 66.0559 0 0 0 0 0 0 0 0 839.0 839.0
320 560 873.0 69.1623 9130 230.0 20.6973 26.0 1.53098 823.0 57.1897 0 0 0 0 0 0 0 0 844.0 844.0
320 640 738.0 77.0761 8793 206.0 34.81 16.0 19.3945 714.0 41.3229 0 0 0 0 0 0 0 0 816.0 816.0
320 720 750.0 66.9654 8835 197.0 27.2211 29.0 9.55164 698.0 47.0246 0 0 0 0 0 0 0 0 810.0 810.0
320 800 692.0 67.1753 8813 177.0 20.3583 17.0 2.41987 663.0 51.9887 0 0 0 0 0 0 0 0 785.0 785.0
320 880 622.0 65.9571 8707 162.0 22.8412 14.0 1.99999 566.0 37.8839 0 0 0 0 0 0 0 0 724.0 724.0
320 960 641.0 72.3602 8852 164.0 35.5146 22.0 5.0765 657.0 47.7838 0 0 0 0 0 0 0 0 798.0 798.0
320 1040 626.0 58.6269 8827 147.0 21.0958 15.0 7.02098 575.0 51.3981 0 0 0 0 0 0 0 0 720.0 720.0
320 1120 626.0 79.5744 8847 158.0 34.2543 21.0 2.12289 599.0 43.5976 0 0 0 0 0 0 0 0 712.0 712.0
320 1200 655.0 59.5603 9106 171.0 24.212 17.0 10.962 619.0 40.4711 0 0 0 0 0 0 0 0 723.0 723.0
320 1280 607.0 58.7564 8888 161.0 31.5011 22.0 1.07005 601.0 33.2359 0 0 0 0 0 0 0 0 690.0 690.0
320 1360 604.0 61.8832 8820 160.0 23.0797 22.0 4.05761 566.0 42.2968 0 0 0 0 0 0 0 0 698.0 698.0
320 1440 618.0 57.2624 9224 151.0 12.7839 20.0 2.84629 638.0 41.2263 0 0 0 0 0 0 0 0 715.0 715.0
320 1520 602.0 44.0242 8882 158.0 15.3692 16.0 2.26977 617.0 43.7103 0 0 0 0 0 0 0 0 651.0 651.0
320 1600 608.0 68.1859 9144 135.0 14.5939 18.0 5.73884 609.0 30.8058 0 0 0 0 0 0 0 0 662.0 662.0
320 1680 555.0 76.0598 9027 135.0 23.5748 21.0 4.10486 595.0 57.6642 0 0 0 0 0 0 0 0 644.0 644.0
320 1760 575.0 49.6061 8971 144.0 16.25 26.0 5.85594 555.0 44.1266 0 0 0 0 0 0 0 0 652.0 652.0
320 1840 527.0 66.5814 8814 123.0 30.9108 12.0 8.31853 571.0 45.4246 0 0 0 0 0 0 0 0 684.0 684.0
320 1920 526.0 52.3313 8822 113.0 15.833 15.0 2.86734 569.0 38.9595 0 0 0 0 0 0 0 0 630.0 630.0
320 2000 520.0 53.8376 8925 119.0 24.0404 17.0 12.9208 535.0 31.818 0 0 0 0 0 0 0 0 629.0 629.0
400 160 89.0 24.6476 7901 22.0 7.47068 3.0 0.879379 62.0 20.9286 0 0 0 0 0 0 0 0 226.0 226.0
400 240 299.0 47.9883 8720 47.0 8.37689 5.0 0.710161 435.0 58.4057 0 0 0 0 0 0 0 0 315.0 315.0
400 320 624.0 78.2955 8500 128.0 18.2621 14.0 1.68978 761.0 84.5365 0 0 0 0 0 0 0 0 536.0 536.0
400 400 1076.0 132.034 9745 256.0 44.0863 37.0 6.60987 920.0 94.252 0 0 0 0 0 0 0 0 1079.0 1079.0
400 480 1141.0 108.303 8866 323.0 44.2645 36.0 7.46477 920.0 96.206 0 0 0 0 0 0 0 0 1154.0 1154.0
400 560 1209.0 105.214 8857 376.0 40.7701 40.0 4.51059 805.0 69.735 0 0 0 0 0 0 0 0 1270.0 1270.0
400 640 1010.0 89.2955 8342 335.0 24.7392 52.0 8.49049 691.0 47.0265 0 0 0 0 0 0 0 0 1157.0 1157.0
400 720 888.0 90.8206 8178 277.0 30.7518 42.0 6.40269 667.0 67.4454 0 0 0 0 0 0 0 0 1033.0 1033.0
400 800 848.0 92.6203 8041 282.0 46.3065 39.0 21.8725 590.0 50.4467 0 0 0 0 0 0 0 0 1006.0 1006.0
400 880 786.0 82.1526 8247 259.0 29.6222 45.0 6.8593 558.0 36.7534 0 0 0 0 0 0 0 0 967.0 967.0
400 960 762.0 53.7428 8148 242.0 17.2157 30.0 4.11253 535.0 32.175 0 0 0 0 0 0 0 0 912.0 912.0
400 1040 715.0 73.4739 8150 219.0 29.3919 34.0 5.09415 500.0 30.5291 0 0 0 0 0 0 0 0 921.0 921.0
400 1120 707.0 71.3231 8262 226.0 28.7098 38.0 4.47425 541.0 37.0409 0 0 0 0 0 0 0 0 922.0 922.0
400 1200 649.0 58.8667 8151 185.0 26.2253 22.0 11.8646 511.0 50.0183 0 0 0 0 0 0 0 0 852.0 852.0
400 1280 716.0 72.2409 8232 215.0 27.1995 33.0 9.05083 513.0 45.9021 0 0 0 0 0 0 0 0 859.0 859.0
400 1360 683.0 67.0973 8154 210.0 33.3681 35.0 8.18532 464.0 39.7507 0 0 0 0 0 0 0 0 827.0 827.0
400 1440 679.0 48.9772 8284 212.0 18.2342 26.0 1.66749 520.0 35.123 0 0 0 0 0 0 0 0 875.0 875.0
400 1520 620.0 62.8996 8182 170.0 30.9384 22.0 7.74035 473.0 32.4794 0 0 0 0 0 0 0 0 810.0 810.0
400 1600 675.0 62.9149 8527 186.0 28.4938 31.0 8.68673 534.0 39.9891 0 0 0 0 0 0 0 0 853.0 853.0
400 1680 614.0 60.0622 8225 164.0 19.9108 31.0 1.5987 442.0 32.1549 0 0 0 0 0 0 0 0 765.0 765.0
400 1760 565.0 65.4992 8193 143.0 30.46 21.0 15.5839 437.0 35.7908 0 0 0 0 0 0 0 0 749.0 749.0
400 1840 580.0 51.7483 8235 164.0 30.2036 26.0 10.2427 437.0 37.3791 0 0 0 0 0 0 0 0 728.0 728.0
400 1920 594.0 50.5993 8348 170.0 24.0623 32.0 3.98565 461.0 27.1364 0 0 0 0 0 0 0 0 766.0 766.0
400 2000 576.0 53.3104 8124 200.0 25.8911 37.0 5.45327 435.0 31.4637 0 0 0 0 0 0 0 0 786.0 786.0
480 160 74.0 22.8647 8034 20.0 7.33066 2.0 0.303769 98.0 21.2232 0 0 0 0 0 0 0 0 197.0 197.0
480 240 288.0 62.4384 8781 54.0 14.0408 5.0 0.692651 379.0 60.5836 0 0 0 0 0 0 0 0 314.0 314.0
480 320 610.0 98.5824 8639 111.0 20.8471 6.0 1.48609 752.0 84.6986 0 0 0 0 0 0 0 0 503.0 503.0
480 400 942.0 127.489 8344 247.0 30.9214 19.0 3.70195 852.0 83.906 0 0 0 0 0 0 0 0 858.0 858.0
480 480 1139.0 138.967 8610 388.0 58.9921 46.0 12.33 738.0 91.665 0 0 0 0 0 0 0 0 1509.0 1509.0
480 560 1223.0 153.813 8630 447.0 71.9099 66.0 16.9964 673.0 61.638 0 0 0 0 0 0 0 0 1496.0 1496.0
480 640 1089.0 110.077 8333 422.0 52.9777 54.0 4.60534 598.0 49.095 0 0 0 0 0 0 0 0 1309.0 1309.0
480 720 981.0 106.152 8487 390.0 36.6596 59.0 3.24061 508.0 51.725 0 0 0 0 0 0 0 0 1261.0 1261.0
480 800 834.0 69.6534 8235 314.0 30.2112 52.0 12.7917 435.0 39.7696 0 0 0 0 0 0 0 0 1096.0 1096.0
480 880 784.0 64.6992 8203 336.0 24.4874 50.0 2.00733 400.0 36.2705 0 0 0 0 0 0 0 0 1083.0 1083.0
480 960 634.0 57.9459 8197 241.0 17.6923 40.0 2.36108 391.0 39.2851 0 0 0 0 0 0 0 0 941.0 941.0
480 1040 736.0 87.1055 8356 272.0 37.2053 46.0 12.6253 385.0 30.2695 0 0 0 0 0 0 0 0 1002.0 1002.0
480 1120 698.0 60.208 8343 273.0 20.7772 47.0 4.0357 359.0 26.2346 0 0 0 0 0 0 0 0 984.0 984.0
480 1200 587.0 48.094 8374 209.0 20.2929 37.0 4.60428 357.0 23.3114 0 0 0 0 0 0 0 0 860.0 860.0
480 1280 613.0 88.1862 8439 243.0 45.9245 41.0 25.9158 374.0 32.5058 0 0 0 0 0 0 0 0 927.0 927.0
480 1360 569.0 47.0186 8236 209.0 18.7736 36.0 5.80249 334.0 32.3712 0 0 0 0 0 0 0 0 813.0 813.0
480 1440 558.0 67.492 8314 228.0 23.7658 41.0 4.55166 314.0 20.9261 0 0 0 0 0 0 0 0 809.0 809.0
480 1520 516.0 54.1028 8275 203.0 29.9334 27.0 14.1056 294.0 19.4839 0 0 0 0 0 0 0 0 761.0 761.0
480 1600 504.0 56.5137 8333 186.0 23.4863 27.0 9.9063 313.0 31.917 0 0 0 0 0 0 0 0 786.0 786.0
480 1680 482.0 57.9964 8240 197.0 32.7004 28.0 7.53163 301.0 21.2888 0 0 0 0 0 0 0 0 764.0 764.0
480 1760 502.0 41.597 8357 185.0 20.2956 33.0 3.57081 297.0 39.7491 0 0 0 0 0 0 0 0 760.0 760.0
480 1840 525.0 32.1395 8310 190.0 15.8642 38.0 2.67558 251.0 28.6134 0 0 0 0 0 0 0 0 772.0 772.0
480 1920 436.0 55.589 8209 168.0 27.7255 24.0 1.91287 289.0 25.4651 0 0 0 0 0 0 0 0 658.0 658.0
480 2000 493.0 54.9117 8343 182.0 22.725 31.0 12.2222 261.0 35.0502 0 0 0 0 0 0 0 0 730.0 730.0
560 160 88.0 19.3789 7799 25.0 7.78792 4.0 0.866059 89.0 22.4231 0 0 0 0 0 0 0 0 206.0 206.0
560 240 274.0 47.3407 8609 64.0 9.50469 5.0 0.718383 329.0 45.1556 0 0 0 0 0 0 0 0 326.0 326.0
560 320 659.0 82.5609 8770 125.0 21.471 16.0 5.02806 757.0 84.6721 0 0 0 0 0 0 0 0 499.0 499.0
560 400 891.0 98.8283 8476 215.0 27.7927 16.0 2.80831 853.0 102.5587 0 0 0 0 0 0 0 0 782.0 782.0
560 480 925.0 106.59 8240 285.0 44.712 39.0 15.3178 690.0 80.326 0 0 0 0 0 0 0 0 1049.0 1049.0
560 560 1059.0 129.616 8379 429.0 48.2873 75.0 7.85969 453.0 48.825 0 0 0 0 0 0 0 0 1406.0 1406.0
560 640 968.0 106.228 8624 450.0 37.5761 60.0 7.8993 414.0 51.881 0 0 0 0 0 0 0 0 1405.0 1405.0
560 720 804.0 94.9304 8412 391.0 44.9584 82.0 5.84515 291.0 37.2216 0 0 0 0 0 0 0 0 1171.0 1171.0
560 800 640.0 66.1395 8256 288.0 21.5123 61.0 5.68829 266.0 31.1872 0 0 0 0 0 0 0 0 988.0 988.0
560 880 571.0 67.2104 8479 251.0 19.8937 51.0 2.82118 243.0 25.3167 0 0 0 0 0 0 0 0 885.0 885.0
560 960 574.0 56.6019 8482 245.0 28.9296 51.0 9.28992 236.0 29.3851 0 0 0 0 0 0 0 0 847.0 847.0
560 1040 497.0 42.1566 8291 205.0 17.8944 46.0 3.53413 202.0 20.1077 0 0 0 0 0 0 0 0 735.0 735.0
560 1120 450.0 44.885 8355 208.0 21.5154 43.0 3.5326 215.0 29.2812 0 0 0 0 0 0 0 0 711.0 711.0
560 1200 447.0 41.3087 8419 202.0 11.7002 44.0 1.75875 201.0 16.2018 0 0 0 0 0 0 0 0 722.0 722.0
560 1280 417.0 55.4077 8471 194.0 15.0423 29.0 3.07973 185.0 12.1898 0 0 0 0 0 0 0 0 731.0 731.0
560 1360 391.0 43.6019 8437 193.0 23.0996 42.0 2.62384 183.0 14.201 0 0 0 0 0 0 0 0 669.0 669.0
560 1440 451.0 62.8992 8482 198.0 34.0722 35.0 4.13663 198.0 23.8706 0 0 0 0 0 0 0 0 702.0 702.0
560 1520 361.0 33.0192 8434 157.0 10.8901 37.0 2.68833 163.0 12.9231 0 0 0 0 0 0 0 0 584.0 584.0
560 1600 336.0 51.6025 8467 154.0 27.3417 35.0 8.70147 184.0 19.9869 0 0 0 0 0 0 0 0 588.0 588.0
560 1680 351.0 48.0672 8423 148.0 31.7061 33.0 2.51051 167.0 23.0111 0 0 0 0 0 0 0 0 582.0 582.0
560 1760 364.0 35.9149 8523 154.0 20.3454 31.0 3.6785 173.0 22.4488 0 0 0 0 0 0 0 0 594.0 594.0
560 1840 325.0 25.5819 8386 142.0 10.8555 18.0 1.83127 148.0 10.081 0 0 0 0 0 0 0 0 551.0 551.0
560 1920 336.0 34.0935 8548 149.0 14.7893 37.0 5.26894 145.0 12.0582 0 0 0 0 0 0 0 0 542.0 542.0
560 2000 341.0 57.2658 8499 139.0 27.6087 30.0 4.80659 151.0 18.6795 0 0 0 0 0 0 0 0 543.0 543.0
640 160 56.0 16.2813 7925 22.0 5.69642 3.0 0.680686 73.0 24.0519 0 0 0 0 0 0 0 0 207.0 207.0
640 240 255.0 53.1362 8830 34.0 11.242 1.0 0.663143 330.0 57.4278 0 0 0 0 0 0 0 0 283.0 283.0
640 320 564.0 89.2434 8713 94.0 24.4596 8.0 5.43761 734.0 77.6066 0 0 0 0 0 0 0 0 489.0 489.0
640 400 843.0 98.4813 8509 191.0 25.6791 18.0 1.30227 838.0 89.3647 0 0 0 0 0 0 0 0 758.0 758.0
640 480 881.0 108.302 8360 251.0 43.8489 29.0 11.0231 578.0 79.63 0 0 0 0 0 0 0 0 869.0 869.0
640 560 766.0 86.3547 8249 312.0 33.3387 58.0 5.1843 375.0 48.5133 0 0 0 0 0 0 0 0 1013.0 1013.0
640 640 754.0 111.933 8489 376.0 61.773 91.0 12.2666 237.0 28.128 0 0 0 0 0 0 0 0 1166.0 1166.0
640 720 581.0 71.0661 8524 302.0 35.0007 67.0 3.36336 233.0 24.2548 0 0 0 0 0 0 0 0 953.0 953.0
640 800 454.0 67.2804 8558 219.0 38.7182 51.0 17.1667 167.0 18.2448 0 0 0 0 0 0 0 0 752.0 752.0
640 880 384.0 52.0602 8547 191.0 32.1292 42.0 14.3725 140.0 23.4454 0 0 0 0 0 0 0 0 639.0 639.0
640 960 370.0 38.8567 8510 188.0 22.6507 52.0 3.78886 132.0 8.8723 0 0 0 0 0 0 0 0 612.0 612.0
640 1040 360.0 42.0885 8618 186.0 19.1069 38.0 4.41062 126.0 11.6011 0 0 0 0 0 0 0 0 615.0 615.0
640 1120 289.0 24.2395 8617 142.0 10.6154 37.0 2.71767 124.0 17.3354 0 0 0 0 0 0 0 0 519.0 519.0
640 1200 297.0 39.6739 8579 154.0 25.462 37.0 15.2669 113.0 6.3418 0 0 0 0 0 0 0 0 528.0 528.0
640 1280 268.0 33.658 8452 138.0 22.309 28.0 6.93418 97.0 9.5123 0 0 0 0 0 0 0 0 485.0 485.0
640 1360 258.0 21.48 8716 133.0 11.2485 27.0 2.65133 95.0 5.3313 0 0 0 0 0 0 0 0 474.0 474.0
640 1440 224.0 28.8079 8551 117.0 18.4197 40.0 3.20226 99.0 12.4526 0 0 0 0 0 0 0 0 415.0 415.0
640 1520 212.0 35.125 8575 112.0 12.4003 33.0 1.25828 108.0 8.7879 0 0 0 0 0 0 0 0 407.0 407.0
640 1600 224.0 24.081 8483 110.0 9.30768 21.0 3.24174 79.0 10.8725 0 0 0 0 0 0 0 0 394.0 394.0
640 1680 213.0 24.1604 8504 97.0 11.7955 24.0 5.41818 107.0 4.0511 0 0 0 0 0 0 0 0 366.0 366.0
640 1760 194.0 44.6209 8432 94.0 27.1806 23.0 16.8367 81.0 14.5031 0 0 0 0 0 0 0 0 394.0 394.0
640 1840 193.0 27.8005 8599 93.0 6.10182 24.0 1.20117 75.0 11.608 0 0 0 0 0 0 0 0 366.0 366.0
640 1920 207.0 27.2717 8587 94.0 5.80685 22.0 0.981679 85.0 6.8386 0 0 0 0 0 0 0 0 382.0 382.0
640 2000 205.0 24.247 8468 92.0 16.5151 21.0 0.504733 97.0 6.3775 0 0 0 0 0 0 0 0 380.0 380.0
720 160 81.0 20.774 7759 20.0 4.7721 1.0 0.172629 61.0 18.3674 0 0 0 0 0 0 0 0 196.0 196.0
720 240 249.0 49.9646 8746 56.0 10.1111 4.0 1.75069 320.0 55.3944 0 0 0 0 0 0 0 0 322.0 322.0
720 320 572.0 65.373 8720 92.0 14.243 7.0 1.07792 735.0 90.25 0 0 0 0 0 0 0 0 438.0 438.0
720 400 833.0 103.086 8641 193.0 33.1758 19.0 2.40587 816.0 90.22 0 0 0 0 0 0 0 0 721.0 721.0
720 480 735.0 81.8592 8481 213.0 28.1377 25.0 3.16479 559.0 59.8018 0 0 0 0 0 0 0 0 780.0 780.0
720 560 610.0 76.2419 8458 209.0 25.7434 33.0 4.74656 324.0 32.8861 0 0 0 0 0 0 0 0 755.0 755.0
720 640 432.0 63.7673 8459 201.0 34.7409 41.0 4.1118 202.0 31.4822 0 0 0 0 0 0 0 0 694.0 694.0
720 720 392.0 88.8737 8593 208.0 43.7082 48.0 12.8105 120.0 24.8873 0 0 0 0 0 0 0 0 656.0 656.0
720 800 351.0 75.4141 8621 208.0 46.3207 58.0 14.0616 103.0 10.3381 0 0 0 0 0 0 0 0 623.0 623.0
720 880 327.0 37.6042 8662 196.0 18.3623 64.0 2.91089 83.0 5.7341 0 0 0 0 0 0 0 0 553.0 553.0
720 960 240.0 33.9494 8648 133.0 20.2062 37.0 4.36291 75.0 10.4679 0 0 0 0 0 0 0 0 402.0 402.0
720 1040 210.0 21.2091 8581 113.0 8.69508 38.0 2.52178 88.0 14.7946 0 0 0 0 0 0 0 0 409.0 409.0
720 1120 218.0 35.903 8605 117.0 22.6513 40.0 7.40889 76.0 18.1388 0 0 0 0 0 0 0 0 377.0 377.0
720 1200 158.0 20.6336 8587 77.0 11.44 23.0 0.45877 62.0 20.5238 0 0 0 0 0 0 0 0 324.0 324.0
720 1280 170.0 13.7864 8723 102.0 4.02818 22.0 1.45643 58.0 11.3713 0 0 0 0 0 0 0 0 316.0 316.0
720 1360 184.0 37.8732 8686 101.0 12.2023 30.0 1.4255 59.0 1.2398 0 0 0 0 0 0 0 0 347.0 347.0
720 1440 138.0 14.3712 8598 69.0 7.31043 22.0 5.58626 59.0 3.4805 0 0 0 0 0 0 0 0 276.0 276.0
720 1520 144.0 13.2487 8637 84.0 7.5092 27.0 1.65578 46.0 4.5221 0 0 0 0 0 0 0 0 310.0 310.0
720 1600 138.0 21.2717 8581 66.0 8.35221 17.0 4.56975 73.0 2.3834 0 0 0 0 0 0 0 0 294.0 294.0
720 1680 128.0 10.2505 8638 70.0 4.63864 19.0 1.75478 70.0 5.4587 0 0 0 0 0 0 0 0 275.0 275.0
720 1760 146.0 21.8525 8607 72.0 13.0215 23.0 2.55841 51.0 5.0931 0 0 0 0 0 0 0 0 278.0 278.0
720 1840 153.0 6.48157 8661 85.0 5.88487 27.0 2.84595 50.0 5.40903 0 0 0 0 0 0 0 0 313.0 313.0
720 1920 132.0 14.3617 8680 75.0 9.47616 26.0 1.50884 52.0 1.9363 0 0 0 0 0 0 0 0 264.0 264.0
720 2000 118.0 17.0723 8528 69.0 4.94689 17.0 4.68745 44.0 6.054 0 0 0 0 0 0 0 0 252.0 252.0
800 160 66.0 26.6685 7933 20.0 7.75454 1.0 0.173476 51.0 25.4502 0 0 0 0 0 0 0 0 206.0 206.0
800 240 227.0 53.9482 8643 38.0 15.0876 5.0 3.88602 310.0 59.9408 0 0 0 0 0 0 0 0 239.0 239.0
800 320 538.0 84.272 8710 93.0 26.4918 11.0 1.52866 673.0 82.658 0 0 0 0 0 0 0 0 477.0 477.0
800 400 788.0 99.2644 8642 171.0 29.8223 14.0 5.66103 822.0 76.5676 0 0 0 0 0 0 0 0 638.0 638.0
800 480 641.0 82.3063 8526 195.0 22.2528 33.0 2.36836 507.0 54.4277 0 0 0 0 0 0 0 0 679.0 679.0
800 560 513.0 66.8816 8561 193.0 22.1772 37.0 1.70256 276.0 39.1934 0 0 0 0 0 0 0 0 613.0 613.0
800 640 327.0 50.9281 8478 130.0 27.8466 25.0 2.06887 176.0 21.7907 0 0 0 0 0 0 0 0 487.0 487.0
800 720 276.0 25.5506 8566 144.0 15.5831 42.0 3.90994 103.0 16.7425 0 0 0 0 0 0 0 0 432.0 432.0
800 800 190.0 52.1688 8652 112.0 25.625 48.0 10.7059 73.0 12.8213 0 0 0 0 0 0 0 0 439.0 439.0
800 880 181.0 46.2598 8642 112.0 24.7085 35.0 7.07575 60.0 10.9201 0 0 0 0 0 0 0 0 362.0 362.0
800 960 154.0 27.2902 8589 77.0 20.8916 27.0 1.62848 47.0 5.0615 0 0 0 0 0 0 0 0 285.0 285.0
800 1040 159.0 18.0708 8680 96.0 16.1749 27.0 3.61187 59.0 7.6388 0 0 0 0 0 0 0 0 311.0 311.0
800 1120 123.0 19.6287 8459 67.0 12.3453 25.0 7.30193 40.0 5.6066 0 0 0 0 0 0 0 0 252.0 252.0
800 1200 125.0 27.6346 8717 66.0 18.5378 17.0 4.59468 57.0 7.9487 0 0 0 0 0 0 0 0 251.0 251.0
800 1280 108.0 28.7899 8745 63.0 14.761 13.0 3.12338 58.0 3.3661 0 0 0 0 0 0 0 0 227.0 227.0
800 1360 100.0 20.1998 8683 63.0 15.089 18.0 2.61982 40.0 7.248 0 0 0 0 0 0 0 0 234.0 234.0
800 1440 82.0 14.5271 8673 44.0 8.54406 16.0 5.58703 36.0 2.0082 0 0 0 0 0 0 0 0 188.0 188.0
800 1520 96.0 5.21494 8671 51.0 1.72776 13.0 0.112 40.0 5.45306 0 0 0 0 0 0 0 0 229.0 229.0
800 1600 83.0 15.0884 8536 49.0 8.91355 15.0 0.196237 46.0 3.5793 0 0 0 0 0 0 0 0 192.0 192.0
800 1680 103.0 9.89654 8621 61.0 8.27231 25.0 1.34597 35.0 4.50396 0 0 0 0 0 0 0 0 195.0 195.0
800 1760 70.0 15.4357 8655 34.0 12.7159 12.0 8.75912 33.0 3.0087 0 0 0 0 0 0 0 0 189.0 189.0
800 1840 86.0 11.5636 8686 52.0 6.85767 13.0 1.05949 28.0 2.6418 0 0 0 0 0 0 0 0 190.0 190.0
800 1920 82.0 10.0728 8574 38.0 9.15609 16.0 7.87708 43.0 3.0126 0 0 0 0 0 0 0 0 187.0 187.0
800 2000 75.0 28.0303 8637 40.0 20.3297 13.0 13.7043 38.0 3.4543 0 0 0 0 0 0 0 0 181.0 181.0
880 160 77.0 20.7204 7923 15.0 3.54254 2.0 0.283236 58.0 20.791 0 0 0 0 0 0 0 0 174.0 174.0
880 240 249.0 49.4652 8742 56.0 7.99515 6.0 0.592529 322.0 51.9558 0 0 0 0 0 0 0 0 293.0 293.0
880 320 510.0 78.9406 8769 96.0 13.8837 7.0 2.52223 726.0 80.2504 0 0 0 0 0 0 0 0 457.0 457.0
880 400 705.0 83.2227 8637 168.0 18.6801 18.0 2.11151 750.0 83.7233 0 0 0 0 0 0 0 0 620.0 620.0
880 480 572.0 63.5698 8456 180.0 14.9024 24.0 1.60054 470.0 53.4052 0 0 0 0 0 0 0 0 611.0 611.0
880 560 393.0 49.1778 8412 150.0 23.6999 29.0 4.07452 234.0 30.9184 0 0 0 0 0 0 0 0 479.0 479.0
880 640 274.0 59.6754 8562 116.0 27.6469 21.0 16.4229 141.0 24.7771 0 0 0 0 0 0 0 0 400.0 400.0
880 720 179.0 30.7143 8650 83.0 10.3004 19.0 1.78161 81.0 17.0057 0 0 0 0 0 0 0 0 282.0 282.0
880 800 125.0 31.146 8769 65.0 16.9635 21.0 8.93366 75.0 6.7693 0 0 0 0 0 0 0 0 268.0 268.0
880 880 124.0 14.6521 8649 69.0 9.3316 27.0 0.67697 44.0 5.3163 0 0 0 0 0 0 0 0 251.0 251.0
880 960 105.0 23.3301 8507 64.0 19.8524 22.0 1.9172 24.0 8.4663 0 0 0 0 0 0 0 0 229.0 229.0
880 1040 82.0 6.96998 8718 43.0 2.69821 14.0 1.47799 40.0 2.47627 0 0 0 0 0 0 0 0 197.0 197.0
880 1120 97.0 9.86168 8623 45.0 8.86381 14.0 1.73332 40.0 1.87972 0 0 0 0 0 0 0 0 198.0 198.0
880 1200 65.0 11.8415 8625 38.0 2.74337 12.0 0.511401 33.0 3.5503 0 0 0 0 0 0 0 0 167.0 167.0
880 1280 66.0 16.5417 8650 44.0 9.3192 16.0 6.53712 45.0 2.3094 0 0 0 0 0 0 0 0 159.0 159.0
880 1360 70.0 6.14914 8708 35.0 1.55719 13.0 0.19144 30.0 6.40106 0 0 0 0 0 0 0 0 158.0 158.0
880 1440 71.0 5.76136 8676 36.0 3.74611 15.0 0.537454 36.0 6.29554 0 0 0 0 0 0 0 0 155.0 155.0
880 1520 70.0 16.9767 8648 35.0 10.5546 17.0 4.52523 29.0 4.29 0 0 0 0 0 0 0 0 142.0 142.0
880 1600 61.0 7.45774 8672 28.0 5.76657 10.0 2.68287 38.0 2.81556 0 0 0 0 0 0 0 0 148.0 148.0
880 1680 62.0 0.978053 8614 27.0 0.217388 6.0 0.014 32.0 2.261257 0 0 0 0 0 0 0 0 129.0 129.0
880 1760 45.0 7.88785 8693 24.0 1.33198 10.0 0.771627 27.0 3.40685 0 0 0 0 0 0 0 0 135.0 135.0
880 1840 68.0 10.2918 8806 27.0 9.27404 8.0 0.755861 22.0 2.3989 0 0 0 0 0 0 0 0 135.0 135.0
880 1920 54.0 5.81509 8568 24.0 5.33086 10.0 1.6894 31.0 5.56401 0 0 0 0 0 0 0 0 143.0 143.0
880 2000 55.0 5.58726 8672 30.0 1.36915 9.0 0.84165 25.0 3.35475 0 0 0 0 0 0 0 0 150.0 150.0
960 160 57.0 23.8046 7975 21.0 6.68825 4.0 2.01558 70.0 23.5223 0 0 0 0 0 0 0 0 173.0 173.0
960 240 236.0 52.1779 8847 36.0 11.7505 3.0 0.853453 321.0 51.8241 0 0 0 0 0 0 0 0 266.0 266.0
960 320 524.0 68.1971 8753 74.0 16.7598 8.0 1.66812 682.0 69.3729 0 0 0 0 0 0 0 0 383.0 383.0
960 400 691.0 98.4172 8722 152.0 28.8319 13.0 2.68031 716.0 76.5918 0 0 0 0 0 0 0 0 583.0 583.0
960 480 562.0 63.9697 8495 138.0 14.6202 14.0 3.1759 439.0 60.3973 0 0 0 0 0 0 0 0 520.0 520.0
960 560 349.0 46.2993 8483 123.0 17.8631 20.0 3.35324 200.0 38.8251 0 0 0 0 0 0 0 0 444.0 444.0
960 640 182.0 27.0463 8708 71.0 10.238 18.0 1.57255 122.0 17.5152 0 0 0 0 0 0 0 0 334.0 334.0
960 720 127.0 17.566 8667 57.0 12.0796 13.0 0.87934 60.0 3.4529 0 0 0 0 0 0 0 0 232.0 232.0
960 800 93.0 21.885 8627 54.0 18.5415 16.0 4.7461 43.0 4.3936 0 0 0 0 0 0 0 0 214.0 214.0
960 880 94.0 13.8821 8750 53.0 9.92645 18.0 4.24282 35.0 2.3447 0 0 0 0 0 0 0 0 190.0 190.0
960 960 84.0 11.3961 8706 50.0 9.91719 24.0 1.69057 41.0 0.8171 0 0 0 0 0 0 0 0 188.0 188.0
960 1040 58.0 11.7495 8622 35.0 7.63153 13.0 2.29037 29.0 2.536 0 0 0 0 0 0 0 0 177.0 177.0
960 1120 62.0 5.24494 8699 32.0 3.45204 15.0 1.63983 21.0 3.15047 0 0 0 0 0 0 0 0 133.0 133.0
960 1200 56.0 21.7438 8728 26.0 10.1793 7.0 0.951447 33.0 0.8211 0 0 0 0 0 0 0 0 129.0 129.0
960 1280 54.0 9.0185 8593 31.0 6.66483 15.0 1.08194 25.0 0.22937 0 0 0 0 0 0 0 0 128.0 128.0
960 1360 49.0 12.6266 8605 25.0 10.4745 9.0 9.38961 25.0 5.0919 0 0 0 0 0 0 0 0 123.0 123.0
960 1440 48.0 2.53949 8657 24.0 0.433274 11.0 0.419274 27.0 0.92528 0 0 0 0 0 0 0 0 137.0 137.0
960 1520 35.0 1.23546 8687 15.0 0.0 3.0 0.0 24.0 1.29977 0 0 0 0 0 0 0 0 96.0 96.0
960 1600 40.0 4.29766 8521 16.0 2.10277 5.0 0.944602 32.0 7.40954 0 0 0 0 0 0 0 0 108.0 108.0
960 1680 41.0 0.860008 8619 20.0 0.631288 4.0 0.249177 35.0 0.998512 0 0 0 0 0 0 0 0 118.0 118.0
960 1760 42.0 3.68633 8746 22.0 1.4593 8.0 0.186567 25.0 1.21822 0 0 0 0 0 0 0 0 129.0 129.0
960 1840 36.0 9.78034 8602 15.0 4.6148 4.0 0.0 29.0 0.20606 0 0 0 0 0 0 0 0 108.0 108.0
960 1920 38.0 17.6972 8597 19.0 14.609 9.0 3.84091 33.0 0.7561 0 0 0 0 0 0 0 0 112.0 112.0
960 2000 37.0 1.58525 8652 17.0 0.586419 8.0 0.370683 21.0 0.20578 0 0 0 0 0 0 0 0 106.0 106.0
1040 160 69.0 20.7564 7931 12.0 5.26113 1.0 0.455551 70.0 16.6509 0 0 0 0 0 0 0 0 179.0 179.0
1040 240 241.0 47.9871 8772 51.0 12.5796 5.0 2.68216 306.0 45.4689 0 0 0 0 0 0 0 0 264.0 264.0
1040 320 515.0 78.0982 8760 66.0 14.2614 6.0 2.45271 704.0 81.2738 0 0 0 0 0 0 0 0 388.0 388.0
1040 400 690.0 68.8969 8673 135.0 17.5382 17.0 3.34124 740.0 75.7851 0 0 0 0 0 0 0 0 514.0 514.0
1040 480 558.0 66.2724 8447 149.0 15.343 19.0 1.97656 426.0 53.2936 0 0 0 0 0 0 0 0 517.0 517.0
1040 560 293.0 38.5423 8562 91.0 14.7122 15.0 2.35316 198.0 31.0143 0 0 0 0 0 0 0 0 382.0 382.0
1040 640 184.0 24.5256 8522 81.0 14.4611 21.0 0.833898 100.0 8.4112 0 0 0 0 0 0 0 0 290.0 290.0
1040 720 118.0 25.7519 8650 52.0 14.8724 11.0 5.09957 47.0 6.9033 0 0 0 0 0 0 0 0 198.0 198.0
1040 800 85.0 11.7882 8748 37.0 7.50118 14.0 0.707654 40.0 4.8285 0 0 0 0 0 0 0 0 167.0 167.0
1040 880 70.0 5.53604 8709 35.0 2.93104 13.0 0.78601 43.0 8.92256 0 0 0 0 0 0 0 0 166.0 166.0
1040 960 70.0 10.6392 8620 36.0 4.8448 15.0 1.21913 29.0 2.2923 0 0 0 0 0 0 0 0 116.0 116.0
1040 1040 50.0 4.37709 8772 19.0 2.12614 6.0 0.530805 34.0 3.20327 0 0 0 0 0 0 0 0 116.0 116.0
1040 1120 42.0 12.3494 8643 21.0 7.57347 10.0 4.10338 18.0 4.3662 0 0 0 0 0 0 0 0 107.0 107.0
1040 1200 49.0 9.60981 8603 26.0 7.61193 5.0 0.697103 31.0 1.13979 0 0 0 0 0 0 0 0 124.0 124.0
1040 1280 43.0 12.0315 8624 21.0 6.56142 9.0 4.51063 24.0 0.7084 0 0 0 0 0 0 0 0 102.0 102.0
1040 1360 40.0 1.53072 8792 17.0 1.31594 5.0 1.10147 36.0 0.028 0 0 0 0 0 0 0 0 117.0 117.0
1040 1440 37.0 2.05923 8646 20.0 1.03254 5.0 0.832308 27.0 1.25279 0 0 0 0 0 0 0 0 104.0 104.0
1040 1520 29.0 2.70693 8716 9.0 2.32993 2.0 1.33801 18.0 0.1861 0 0 0 0 0 0 0 0 103.0 103.0
1040 1600 38.0 8.80137 8773 16.0 6.27845 6.0 4.10958 34.0 2.36133 0 0 0 0 0 0 0 0 102.0 102.0
1040 1680 33.0 11.1947 8687 11.0 9.79707 0.0 0.619333 21.0 0.9547 0 0 0 0 0 0 0 0 102.0 102.0
1040 1760 40.0 4.99763 8668 15.0 2.36045 7.0 0.805522 33.0 0.39498 0 0 0 0 0 0 0 0 84.0 84.0
1040 1840 37.0 14.8194 8773 13.0 13.6797 8.0 12.3165 36.0 5.7327 0 0 0 0 0 0 0 0 83.0 83.0
1040 1920 37.0 2.32128 8826 20.0 0.780903 8.0 0.370356 26.0 0.028 0 0 0 0 0 0 0 0 111.0 111.0
1040 2000 41.0 1.74294 8664 17.0 1.09207 5.0 1.07807 27.0 0.56786 0 0 0 0 0 0 0 0 100.0 100.0
1120 160 58.0 20.8382 7948 18.0 5.17253 3.0 1.34901 59.0 17.8292 0 0 0 0 0 0 0 0 185.0 185.0
1120 240 238.0 45.6126 8781 37.0 7.47434 5.0 0.837961 335.0 54.7692 0 0 0 0 0 0 0 0 239.0 239.0
1120 320 519.0 65.397 8744 85.0 11.6741 7.0 1.3245 671.0 73.045 0 0 0 0 0 0 0 0 387.0 387.0
1120 400 709.0 76.557 8710 138.0 18.1869 16.0 4.37501 728.0 69.383 0 0 0 0 0 0 0 0 521.0 521.0
1120 480 534.0 69.5176 8428 130.0 27.4846 16.0 2.08141 391.0 50.4394 0 0 0 0 0 0 0 0 488.0 488.0
1120 560 310.0 34.5927 8522 100.0 15.3527 9.0 1.67378 183.0 18.8924 0 0 0 0 0 0 0 0 361.0 361.0
1120 640 154.0 21.4254 8758 74.0 7.85159 19.0 1.95618 102.0 8.7427 0 0 0 0 0 0 0 0 250.0 250.0
1120 720 85.0 9.65709 8527 35.0 3.48818 13.0 1.625 42.0 4.16221 0 0 0 0 0 0 0 0 174.0 174.0
1120 800 76.0 8.91119 8676 38.0 4.75152 10.0 0.600451 39.0 2.36161 0 0 0 0 0 0 0 0 153.0 153.0
1120 880 65.0 9.05023 8699 33.0 2.35919 5.0 1.4262 29.0 1.59147 0 0 0 0 0 0 0 0 132.0 132.0
1120 960 41.0 8.98235 8634 23.0 8.38315 4.0 1.6958 34.0 1.19785 0 0 0 0 0 0 0 0 107.0 107.0
1120 1040 50.0 2.59315 8697 23.0 1.2987 9.0 0.935313 26.0 4.62087 0 0 0 0 0 0 0 0 118.0 118.0
1120 1120 40.0 4.06174 8723 14.0 2.98224 6.0 1.76381 26.0 1.09439 0 0 0 0 0 0 0 0 105.0 105.0
1120 1200 35.0 10.9167 8684 15.0 6.43582 5.0 1.62417 32.0 1.4996 0 0 0 0 0 0 0 0 104.0 104.0
1120 1280 32.0 13.9543 8775 21.0 13.4671 8.0 8.50214 38.0 3.5162 0 0 0 0 0 0 0 0 110.0 110.0
1120 1360 33.0 0.552526 8715 12.0 0.172322 3.0 0.0 30.0 1.121894 0 0 0 0 0 0 0 0 107.0 107.0
1120 1440 39.0 3.62399 8655 11.0 1.49226 4.0 0.014 23.0 1.26765 0 0 0 0 0 0 0 0 101.0 101.0
1120 1520 24.0 10.1077 8736 9.0 4.43234 3.0 0.0 33.0 0.4171 0 0 0 0 0 0 0 0 75.0 75.0
1120 1600 40.0 10.247 8648 16.0 7.82003 6.0 0.622399 24.0 0.406 0 0 0 0 0 0 0 0 102.0 102.0
1120 1680 26.0 3.07538 8678 7.0 1.0849 2.0 0.881633 19.0 1.75161 0 0 0 0 0 0 0 0 57.0 57.0
1120 1760 27.0 6.55895 8681 8.0 4.86277 3.0 4.84877 26.0 1.20794 0 0 0 0 0 0 0 0 83.0 83.0
1120 1840 28.0 0.876529 8583 10.0 0.504421 2.0 0.0 24.0 1.693881 0 0 0 0 0 0 0 0 79.0 79.0
1120 1920 23.0 2.96341 8781 8.0 1.1005 4.0 0.0 32.0 0.398 0 0 0 0 0 0 0 0 104.0 104.0
1120 2000 30.0 2.40158 8697 7.0 0.518489 2.0 0.0 28.0 1.19527 0 0 0 0 0 0 0 0 82.0 82.0
1200 160 65.0 24.2108 7969 10.0 5.57838 1.0 1.54604 77.0 18.2762 0 0 0 0 0 0 0 0 155.0 155.0
1200 240 233.0 46.471 8817 35.0 5.05434 2.0 0.171928 332.0 48.8273 0 0 0 0 0 0 0 0 238.0 238.0
1200 320 477.0 75.4428 8840 72.0 17.5899 5.0 1.08346 730.0 75.0502 0 0 0 0 0 0 0 0 362.0 362.0
1200 400 656.0 78.3468 8601 125.0 15.7905 11.0 2.56357 708.0 77.9732 0 0 0 0 0 0 0 0 483.0 483.0
1200 480 526.0 63.176 8521 122.0 14.5719 10.0 3.74596 459.0 49.686 0 0 0 0 0 0 0 0 441.0 441.0
1200 560 270.0 29.936 8508 91.0 9.5634 8.0 1.83047 190.0 24.1227 0 0 0 0 0 0 0 0 321.0 321.0
1200 640 114.0 18.1058 8575 39.0 6.03169 7.0 0.920382 77.0 9.639 0 0 0 0 0 0 0 0 219.0 219.0
1200 720 71.0 13.5261 8612 26.0 4.36561 5.0 0.898134 43.0 5.2786 0 0 0 0 0 0 0 0 156.0 156.0
1200 800 58.0 17.0886 8620 26.0 8.76371 9.0 0.776958 37.0 6.5144 0 0 0 0 0 0 0 0 120.0 120.0
1200 880 39.0 1.41164 8722 19.0 0.384812 8.0 0.0 34.0 3.44677 0 0 0 0 0 0 0 0 104.0 104.0
1200 960 33.0 3.93544 8711 11.0 1.96474 3.0 0.810725 24.0 1.61553 0 0 0 0 0 0 0 0 97.0 97.0
1200 1040 29.0 0.583601 8675 11.0 0.513601 4.0 0.244199 30.0 2.075719 0 0 0 0 0 0 0 0 82.0 82.0
1200 1120 35.0 0.464824 8909 12.0 0.232393 3.0 0.0 26.0 0.566598 0 0 0 0 0 0 0 0 94.0 94.0
1200 1200 31.0 1.24379 8655 11.0 0.028 3.0 0.0 25.0 0.17204 0 0 0 0 0 0 0 0 76.0 76.0
1200 1280 26.0 5.856 8731 8.0 5.65525 1.0 5.64125 25.0 1.14724 0 0 0 0 0 0 0 0 97.0 97.0
1200 1360 25.0 3.06153 8607 7.0 0.0 2.0 0.0 24.0 0.36396 0 0 0 0 0 0 0 0 77.0 77.0
1200 1440 31.0 1.48079 8780 8.0 1.28364 6.0 0.014 20.0 0.27269 0 0 0 0 0 0 0 0 77.0 77.0
1200 1520 18.0 6.53682 8590 7.0 0.54818 4.0 0.188774 24.0 0.39031 0 0 0 0 0 0 0 0 62.0 62.0
1200 1600 34.0 6.07044 8726 12.0 3.5804 3.0 3.5804 33.0 0.73932 0 0 0 0 0 0 0 0 70.0 70.0
1200 1680 33.0 5.63356 8608 12.0 0.207103 3.0 0.0 29.0 0.53162 0 0 0 0 0 0 0 0 76.0 76.0
1200 1760 33.0 3.99154 8628 10.0 1.57115 4.0 0.0 20.0 2.27248 0 0 0 0 0 0 0 0 80.0 80.0
1200 1840 28.0 1.59058 8793 12.0 0.198458 2.0 0.0 30.0 1.01642 0 0 0 0 0 0 0 0 82.0 82.0
1200 1920 25.0 0.187204 8758 8.0 0.014 3.0 0.014 25.0 1.108276 0 0 0 0 0 0 0 0 90.0 90.0
1200 2000 22.0 1.53641 8564 3.0 0.5441 1.0 0.0 20.0 1.76117 0 0 0 0 0 0 0 0 70.0 70.0
1280 160 66.0 12.5712 8009 17.0 5.04632 2.0 0.707315 67.0 15.7323 0 0 0 0 0 0 0 0 172.0 172.0
1280 240 217.0 46.9313 8619 31.0 7.93691 1.0 0.360368 344.0 45.0628 0 0 0 0 0 0 0 0 229.0 229.0
1280 320 487.0 66.592 8686 65.0 14.9725 3.0 2.29361 755.0 79.452 0 0 0 0 0 0 0 0 343.0 343.0
1280 400 641.0 74.3807 8570 129.0 14.7306 14.0 1.27807 724.0 73.2403 0 0 0 0 0 0 0 0 490.0 490.0
1280 480 498.0 46.463 8444 103.0 9.77646 6.0 1.52101 392.0 41.188 0 0 0 0 0 0 0 0 404.0 404.0
1280 560 286.0 27.7286 8566 78.0 7.22023 18.0 1.07726 197.0 17.0179 0 0 0 0 0 0 0 0 320.0 320.0
1280 640 129.0 18.1032 8511 53.0 6.52522 9.0 1.89177 88.0 9.2868 0 0 0 0 0 0 0 0 215.0 215.0
1280 720 80.0 12.4721 8589 31.0 9.56103 9.0 0.402519 56.0 8.982 0 0 0 0 0 0 0 0 137.0 137.0
1280 800 43.0 11.6685 8751 22.0 3.57663 5.0 0.855965 36.0 1.7876 0 0 0 0 0 0 0 0 135.0 135.0
1280 880 31.0 4.72982 8634 12.0 0.880719 2.0 0.0 28.0 0.91138 0 0 0 0 0 0 0 0 88.0 88.0
1280 960 30.0 2.04733 8528 9.0 1.13115 2.0 0.0 31.0 5.39239 0 0 0 0 0 0 0 0 81.0 81.0
1280 1040 24.0 1.67442 8703 6.0 0.014 1.0 0.014 26.0 1.02572 0 0 0 0 0 0 0 0 77.0 77.0
1280 1120 24.0 4.61856 8833 9.0 4.24949 1.0 0.585858 20.0 1.00552 0 0 0 0 0 0 0 0 89.0 89.0
1280 1200 25.0 1.80562 8710 6.0 0.672096 3.0 0.0 31.0 1.06515 0 0 0 0 0 0 0 0 88.0 88.0
1280 1280 31.0 4.92316 8762 8.0 0.042 5.0 0.028 23.0 1.31268 0 0 0 0 0 0 0 0 75.0 75.0
1280 1360 32.0 0.636873 8676 6.0 0.193315 3.0 0.193315 28.0 0.18661 0 0 0 0 0 0 0 0 77.0 77.0
1280 1440 23.0 0.833194 8795 4.0 0.369158 1.0 0.355158 18.0 5.188886 0 0 0 0 0 0 0 0 73.0 73.0
1280 1520 29.0 2.71694 8676 6.0 1.25709 1.0 0.0 18.0 1.32937 0 0 0 0 0 0 0 0 71.0 71.0
1280 1600 21.0 1.46354 8714 8.0 1.27529 1.0 1.27529 30.0 0.75779 0 0 0 0 0 0 0 0 65.0 65.0
1280 1680 28.0 1.13672 8581 6.0 0.902914 2.0 0.0 25.0 0.20887 0 0 0 0 0 0 0 0 87.0 87.0
1280 1760 28.0 0.042 8770 13.0 0.014 3.0 0.014 24.0 2.1857 0 0 0 0 0 0 0 0 83.0 83.0
1280 1840 21.0 1.78645 8729 7.0 0.378679 3.0 0.192722 18.0 0.76007 0 0 0 0 0 0 0 0 76.0 76.0
1280 1920 32.0 0.713092 8757 11.0 0.014 4.0 0.0 20.0 0.611628 0 0 0 0 0 0 0 0 70.0 70.0
1280 2000 19.0 0.028 8531 5.0 0.0 1.0 0.0 22.0 0.602871 0 0 0 0 0 0 0 0 67.0 67.0
1360 160 73.0 20.0212 8143 17.0 6.60974 5.0 1.498 62.0 16.7633 0 0 0 0 0 0 0 0 193.0 193.0
1360 240 230.0 43.5322 8526 31.0 8.25204 1.0 1.05647 320.0 49.3119 0 0 0 0 0 0 0 0 225.0 225.0
1360 320 464.0 69.1588 8633 70.0 10.8262 8.0 1.49713 718.0 81.0722 0 0 0 0 0 0 0 0 348.0 348.0
1360 400 622.0 69.7708 8691 120.0 14.5497 7.0 1.86299 726.0 77.2942 0 0 0 0 0 0 0 0 462.0 462.0
1360 480 467.0 50.2053 8507 127.0 16.5787 8.0 1.1146 444.0 40.2069 0 0 0 0 0 0 0 0 456.0 456.0
1360 560 285.0 34.3963 8615 84.0 12.927 12.0 1.72902 181.0 23.8162 0 0 0 0 0 0 0 0 315.0 315.0
1360 640 117.0 28.3905 8745 49.0 7.48517 9.0 3.79756 90.0 8.5638 0 0 0 0 0 0 0 0 211.0 211.0
1360 720 82.0 10.6817 8693 42.0 3.73341 7.0 0.413625 38.0 10.4519 0 0 0 0 0 0 0 0 154.0 154.0
1360 800 40.0 5.34825 8646 12.0 2.22999 2.0 1.75976 30.0 0.6691 0 0 0 0 0 0 0 0 103.0 103.0
1360 880 29.0 1.74067 8728 12.0 0.687779 4.0 0.198745 28.0 0.38646 0 0 0 0 0 0 0 0 117.0 117.0
1360 960 32.0 1.39521 8622 15.0 1.17729 2.0 0.014 31.0 2.04444 0 0 0 0 0 0 0 0 103.0 103.0
1360 1040 18.0 1.20759 8688 8.0 0.178444 2.0 0.0 29.0 0.56961 0 0 0 0 0 0 0 0 72.0 72.0
1360 1120 24.0 12.438 8820 7.0 11.0835 1.0 0.372972 20.0 0.3869 0 0 0 0 0 0 0 0 86.0 86.0
1360 1200 22.0 4.23787 8706 5.0 0.60394 1.0 0.60394 27.0 2.32857 0 0 0 0 0 0 0 0 80.0 80.0
1360 1280 29.0 0.687919 8601 6.0 0.489981 2.0 0.475981 27.0 0.347191 0 0 0 0 0 0 0 0 71.0 71.0
1360 1360 25.0 0.406347 8681 6.0 0.186078 2.0 0.014 24.0 1.649753 0 0 0 0 0 0 0 0 61.0 61.0
1360 1440 22.0 0.396501 8580 3.0 0.192754 0.0 0.178754 23.0 1.204689 0 0 0 0 0 0 0 0 74.0 74.0
1360 1520 28.0 2.02756 8671 12.0 0.528909 4.0 0.528909 28.0 0.73407 0 0 0 0 0 0 0 0 89.0 89.0
1360 1600 21.0 0.58837 8672 6.0 0.57437 1.0 0.56037 19.0 0.7373 0 0 0 0 0 0 0 0 87.0 87.0
1360 1680 28.0 2.63904 8851 13.0 0.195117 1.0 0.0 29.0 0.64531 0 0 0 0 0 0 0 0 85.0 85.0
1360 1760 24.0 2.42768 8691 9.0 1.09923 4.0 0.0 21.0 0.58318 0 0 0 0 0 0 0 0 73.0 73.0
1360 1840 26.0 3.89233 8711 9.0 2.07502 1.0 1.49414 23.0 0.91999 0 0 0 0 0 0 0 0 71.0 71.0
1360 1920 25.0 0.744063 8637 5.0 0.551121 2.0 0.537121 20.0 1.580597 0 0 0 0 0 0 0 0 80.0 80.0
1360 2000 13.0 1.033 8718 4.0 0.195032 1.0 0.0 32.0 1.0682 0 0 0 0 0 0 0 0 88.0 88.0
1440 160 64.0 29.5231 8027 17.0 7.14102 1.0 1.2092 76.0 14.4444 0 0 0 0 0 0 0 0 186.0 186.0
1440 240 243.0 45.2308 8829 42.0 7.31493 6.0 0.26736 300.0 51.4384 0 0 0 0 0 0 0 0 247.0 247.0
1440 320 528.0 68.7826 8765 82.0 15.4679 5.0 1.10364 699.0 78.2874 0 0 0 0 0 0 0 0 373.0 373.0
1440 400 636.0 69.928 8555 103.0 13.1013 8.0 1.17103 718.0 68.972 0 0 0 0 0 0 0 0 441.0 441.0
1440 480 489.0 59.9761 8520 124.0 14.9699 16.0 1.54023 437.0 43.6239 0 0 0 0 0 0 0 0 447.0 447.0
1440 560 243.0 30.563 8590 73.0 8.36105 11.0 0.554316 148.0 23.4176 0 0 0 0 0 0 0 0 344.0 344.0
1440 640 127.0 21.4823 8652 49.0 5.10474 13.0 0.976144 71.0 12.6227 0 0 0 0 0 0 0 0 203.0 203.0
1440 720 57.0 4.359 8647 24.0 3.64189 3.0 0.533124 42.0 6.4171 0 0 0 0 0 0 0 0 155.0 155.0
1440 800 36.0 2.83272 8591 14.0 0.528463 2.0 0.514463 35.0 0.69793 0 0 0 0 0 0 0 0 94.0 94.0
1440 880 36.0 2.93826 8734 12.0 2.29271 3.0 1.21577 28.0 4.83209 0 0 0 0 0 0 0 0 96.0 96.0
1440 960 19.0 1.21133 8689 6.0 0.383212 2.0 0.0 26.0 0.75143 0 0 0 0 0 0 0 0 81.0 81.0
1440 1040 22.0 1.3375 8745 6.0 0.014 1.0 0.014 33.0 2.50639 0 0 0 0 0 0 0 0 92.0 92.0
1440 1120 31.0 2.57525 8653 11.0 2.21934 3.0 2.19134 24.0 3.08977 0 0 0 0 0 0 0 0 90.0 90.0
1440 1200 21.0 1.24726 8618 5.0 0.798539 2.0 0.0 20.0 3.89763 0 0 0 0 0 0 0 0 64.0 64.0
1440 1280 24.0 0.221246 8728 5.0 0.207246 0.0 0.0 27.0 1.452944 0 0 0 0 0 0 0 0 63.0 63.0
1440 1360 22.0 2.12333 8643 7.0 0.361603 1.0 0.0 26.0 1.94449 0 0 0 0 0 0 0 0 84.0 84.0
1440 1440 21.0 0.587526 8626 9.0 0.202972 1.0 0.0 22.0 3.535764 0 0 0 0 0 0 0 0 82.0 82.0
1440 1520 21.0 1.55614 8740 3.0 0.0 0.0 0.0 21.0 2.42648 0 0 0 0 0 0 0 0 68.0 68.0
1440 1600 22.0 2.30615 8604 2.0 0.197119 1.0 0.0 21.0 0.86682 0 0 0 0 0 0 0 0 74.0 74.0
1440 1680 29.0 7.44311 8714 6.0 6.35088 1.0 6.15558 32.0 0.44212 0 0 0 0 0 0 0 0 65.0 65.0
1440 1760 22.0 1.09911 8650 3.0 0.175452 0.0 0.0 23.0 0.39928 0 0 0 0 0 0 0 0 82.0 82.0
1440 1840 26.0 0.028 8728 8.0 0.014 0.0 0.0 27.0 0.243685 0 0 0 0 0 0 0 0 81.0 81.0
1440 1920 31.0 2.89321 8707 11.0 0.492214 0.0 0.0 21.0 0.88341 0 0 0 0 0 0 0 0 88.0 88.0
1440 2000 21.0 1.80907 8675 5.0 0.785459 0.0 0.0 27.0 0.73847 0 0 0 0 0 0 0 0 66.0 66.0
1520 160 78.0 21.0552 8154 23.0 7.96682 6.0 1.82993 74.0 14.4515 0 0 0 0 0 0 0 0 192.0 192.0
1520 240 234.0 46.0875 8674 34.0 7.77111 1.0 2.22355 310.0 40.3084 0 0 0 0 0 0 0 0 239.0 239.0
1520 320 466.0 72.7252 8803 62.0 11.923 3.0 1.07745 674.0 86.1538 0 0 0 0 0 0 0 0 333.0 333.0
1520 400 611.0 83.7694 8730 116.0 19.9075 14.0 3.83256 709.0 75.4996 0 0 0 0 0 0 0 0 462.0 462.0
1520 480 458.0 51.9043 8469 108.0 13.4749 11.0 1.65737 428.0 59.0937 0 0 0 0 0 0 0 0 399.0 399.0
1520 560 260.0 26.1912 8501 76.0 10.9285 11.0 0.670502 171.0 20.5924 0 0 0 0 0 0 0 0 315.0 315.0
1520 640 114.0 17.8131 8663 35.0 7.08451 9.0 3.8656 82.0 5.4926 0 0 0 0 0 0 0 0 176.0 176.0
1520 720 57.0 13.3681 8834 16.0 4.53416 1.0 4.14116 39.0 2.217 0 0 0 0 0 0 0 0 124.0 124.0
1520 800 33.0 8.38782 8701 14.0 5.75001 4.0 0.0 30.0 0.79334 0 0 0 0 0 0 0 0 87.0 87.0
1520 880 26.0 1.99204 8788 6.0 0.432763 1.0 0.0 28.0 9.07936 0 0 0 0 0 0 0 0 96.0 96.0
1520 960 17.0 2.88848 8762 7.0 0.937403 0.0 0.0 21.0 0.60228 0 0 0 0 0 0 0 0 84.0 84.0
1520 1040 38.0 3.49363 8707 14.0 0.747599 2.0 0.0 22.0 0.75378 0 0 0 0 0 0 0 0 94.0 94.0
1520 1120 25.0 7.48049 8830 8.0 7.19757 1.0 7.19757 30.0 1.16835 0 0 0 0 0 0 0 0 87.0 87.0
1520 1200 29.0 0.44778 8642 4.0 0.193875 0.0 0.193875 25.0 0.5911 0 0 0 0 0 0 0 0 72.0 72.0
1520 1280 24.0 0.381528 8727 5.0 0.2084 0.0 0.0 33.0 3.798242 0 0 0 0 0 0 0 0 69.0 69.0
1520 1360 13.0 0.432254 8634 2.0 0.014 0.0 0.014 20.0 0.566923 0 0 0 0 0 0 0 0 65.0 65.0
1520 1440 22.0 0.591531 8742 4.0 0.0 0.0 0.0 24.0 0.352634 0 0 0 0 0 0 0 0 78.0 78.0
1520 1520 23.0 3.58014 8729 3.0 3.31438 0.0 2.75105 18.0 1.54999 0 0 0 0 0 0 0 0 89.0 89.0
1520 1600 26.0 0.028 8721 6.0 0.0 0.0 0.0 25.0 0.58349 0 0 0 0 0 0 0 0 78.0 78.0
1520 1680 21.0 0.66245 8597 3.0 0.173773 1.0 0.0 26.0 0.61112 0 0 0 0 0 0 0 0 72.0 72.0
1520 1760 15.0 0.655676 8744 3.0 0.0 0.0 0.0 24.0 0.389154 0 0 0 0 0 0 0 0 74.0 74.0
1520 1840 16.0 0.889044 8639 3.0 0.316974 2.0 0.0 24.0 2.887646 0 0 0 0 0 0 0 0 65.0 65.0
1520 1920 30.0 1.23987 8675 8.0 0.014 2.0 0.0 35.0 0.77062 0 0 0 0 0 0 0 0 89.0 89.0
1520 2000 25.0 0.256135 8674 8.0 0.242135 0.0 0.0 32.0 0.987925 0 0 0 0 0 0 0 0 69.0 69.0
1600 160 83.0 18.5516 8010 25.0 4.91231 1.0 0.617888 63.0 16.4307 0 0 0 0 0 0 0 0 198.0 198.0
1600 240 208.0 43.5676 8695 35.0 9.06886 5.0 1.14616 287.0 44.1081 0 0 0 0 0 0 0 0 234.0 234.0
1600 320 457.0 65.6001 8834 63.0 10.5577 3.0 0.878641 710.0 75.0249 0 0 0 0 0 0 0 0 350.0 350.0
1600 400 608.0 71.0113 8706 123.0 15.2444 10.0 1.73136 734.0 77.2687 0 0 0 0 0 0 0 0 455.0 455.0
1600 480 489.0 70.3144 8543 117.0 19.5787 15.0 2.2669 407.0 48.5826 0 0 0 0 0 0 0 0 427.0 427.0
1600 560 265.0 25.2583 8558 78.0 8.81035 13.0 0.028 176.0 20.4079 0 0 0 0 0 0 0 0 295.0 295.0
1600 640 121.0 14.2376 8663 39.0 3.86233 13.0 0.410454 80.0 6.7811 0 0 0 0 0 0 0 0 189.0 189.0
1600 720 62.0 8.27212 8629 25.0 2.55899 8.0 0.472224 45.0 6.00118 0 0 0 0 0 0 0 0 127.0 127.0
1600 800 32.0 0.983827 8704 11.0 0.748583 0.0 0.3566 38.0 1.933403 0 0 0 0 0 0 0 0 105.0 105.0
1600 880 38.0 0.574744 8748 15.0 0.345624 4.0 0.0 31.0 2.112956 0 0 0 0 0 0 0 0 91.0 91.0
1600 960 23.0 0.409256 8794 7.0 0.229408 1.0 0.0 25.0 2.215994 0 0 0 0 0 0 0 0 75.0 75.0
1600 1040 27.0 0.407475 8537 5.0 0.393475 1.0 0.0 25.0 0.575319 0 0 0 0 0 0 0 0 82.0 82.0
1600 1120 21.0 1.30427 8596 7.0 0.386495 1.0 0.0 31.0 0.22977 0 0 0 0 0 0 0 0 84.0 84.0
1600 1200 18.0 0.219825 8668 4.0 0.205825 1.0 0.0 26.0 0.186069 0 0 0 0 0 0 0 0 75.0 75.0
1600 1280 20.0 1.36488 8812 3.0 0.622078 1.0 0.0 34.0 1.41689 0 0 0 0 0 0 0 0 81.0 81.0
1600 1360 19.0 0.014 8555 6.0 0.014 0.0 0.0 21.0 0.202496 0 0 0 0 0 0 0 0 82.0 82.0
1600 1440 20.0 1.014676 8708 6.0 0.272725 0.0 0.258725 30.0 0.233024 0 0 0 0 0 0 0 0 80.0 80.0
1600 1520 20.0 0.374459 8568 1.0 0.0 0.0 0.0 31.0 1.288551 0 0 0 0 0 0 0 0 56.0 56.0
1600 1600 19.0 1.54501 8763 6.0 1.53101 1.0 0.0 24.0 0.77382 0 0 0 0 0 0 0 0 69.0 69.0
1600 1680 23.0 0.987282 8645 5.0 0.514783 0.0 0.0 29.0 1.617738 0 0 0 0 0 0 0 0 67.0 67.0
1600 1760 19.0 0.99238 8652 6.0 0.589265 2.0 0.0 29.0 0.37316 0 0 0 0 0 0 0 0 75.0 75.0
1600 1840 22.0 1.0137 8706 9.0 0.298241 2.0 0.0 27.0 1.1172 0 0 0 0 0 0 0 0 82.0 82.0
1600 1920 21.0 5.89001 8723 8.0 0.854032 1.0 0.854032 27.0 0.50395 0 0 0 0 0 0 0 0 80.0 80.0
1600 2000 22.0 1.2467 8761 7.0 0.014 1.0 0.014 30.0 0.1937 0 0 0 0 0 0 0 0 61.0 61.0
1680 160 72.0 17.7132 8157 17.0 4.77346 2.0 0.581464 67.0 14.2426 0 0 0 0 0 0 0 0 212.0 212.0
1680 240 247.0 46.1006 8836 34.0 10.9024 5.0 0.805566 304.0 51.2044 0 0 0 0 0 0 0 0 255.0 255.0
1680 320 489.0 59.8806 8812 76.0 9.41864 7.0 0.717386 712.0 79.6514 0 0 0 0 0 0 0 0 324.0 324.0
1680 400 646.0 74.1758 8685 114.0 18.7184 8.0 1.91622 739.0 72.9452 0 0 0 0 0 0 0 0 462.0 462.0
1680 480 437.0 48.3259 8675 86.0 13.4442 6.0 0.67155 473.0 47.2452 0 0 0 0 0 0 0 0 397.0 397.0
1680 560 257.0 23.7034 8591 76.0 8.56676 7.0 1.73043 181.0 24.769 0 0 0 0 0 0 0 0 307.0 307.0
1680 640 129.0 15.6742 8649 43.0 7.528 5.0 0.7642 87.0 10.1448 0 0 0 0 0 0 0 0 183.0 183.0
1680 720 65.0 7.26354 8684 23.0 0.956161 5.0 0.0 39.0 6.54896 0 0 0 0 0 0 0 0 128.0 128.0
1680 800 36.0 1.47468 8747 12.0 0.414104 2.0 0.400104 31.0 6.51572 0 0 0 0 0 0 0 0 98.0 98.0
1680 880 28.0 1.50802 8747 8.0 0.35867 0.0 0.0 27.0 0.732 0 0 0 0 0 0 0 0 94.0 94.0
1680 960 24.0 0.563464 8677 6.0 0.375646 2.0 0.0 29.0 1.250316 0 0 0 0 0 0 0 0 58.0 58.0
1680 1040 18.0 1.2591 8747 4.0 0.716039 0.0 0.0 25.0 0.59832 0 0 0 0 0 0 0 0 89.0 89.0
1680 1120 22.0 1.15976 8549 3.0 0.579145 0.0 0.0 30.0 0.62294 0 0 0 0 0 0 0 0 73.0 73.0
1680 1200 35.0 2.18911 8656 9.0 1.99808 1.0 0.192011 29.0 0.69828 0 0 0 0 0 0 0 0 75.0 75.0
1680 1280 18.0 0.82261 8704 5.0 0.374465 1.0 0.0 34.0 0.179665 0 0 0 0 0 0 0 0 68.0 68.0
1680 1360 16.0 0.261524 8683 4.0 0.014 2.0 0.0 23.0 0.242262 0 0 0 0 0 0 0 0 74.0 74.0
1680 1440 28.0 1.34687 8687 10.0 0.876923 1.0 0.175271 33.0 0.72592 0 0 0 0 0 0 0 0 70.0 70.0
1680 1520 26.0 9.03978 8566 8.0 0.0 1.0 0.0 25.0 0.3702 0 0 0 0 0 0 0 0 77.0 77.0
1680 1600 19.0 0.223902 8582 5.0 0.014 2.0 0.014 26.0 1.412838 0 0 0 0 0 0 0 0 78.0 78.0
1680 1680 21.0 2.01436 8654 5.0 0.181236 1.0 0.0 31.0 0.73618 0 0 0 0 0 0 0 0 64.0 64.0
1680 1760 21.0 0.518614 8673 1.0 0.173663 0.0 0.0 28.0 1.282256 0 0 0 0 0 0 0 0 74.0 74.0
1680 1840 17.0 0.400367 8669 6.0 0.205975 0.0 0.0 26.0 1.277183 0 0 0 0 0 0 0 0 74.0 74.0
1680 1920 28.0 0.804957 8690 9.0 0.0 0.0 0.0 27.0 1.300823 0 0 0 0 0 0 0 0 79.0 79.0
1680 2000 32.0 1.4316 8464 7.0 0.0 0.0 0.0 22.0 0.70373 0 0 0 0 0 0 0 0 68.0 68.0
1760 160 59.0 19.0449 8201 16.0 6.18758 3.0 2.25878 86.0 15.7713 0 0 0 0 0 0 0 0 229.0 229.0
1760 240 227.0 44.7113 8726 35.0 9.63533 4.0 0.590313 304.0 52.6985 0 0 0 0 0 0 0 0 239.0 239.0
1760 320 484.0 73.4738 8733 70.0 14.0062 6.0 1.39156 688.0 63.6352 0 0 0 0 0 0 0 0 350.0 350.0
1760 400 683.0 67.9631 8685 113.0 12.8871 6.0 1.43286 733.0 66.9809 0 0 0 0 0 0 0 0 428.0 428.0
1760 480 464.0 57.9001 8620 107.0 11.5255 4.0 2.23094 363.0 39.6957 0 0 0 0 0 0 0 0 445.0 445.0
1760 560 261.0 24.1066 8480 74.0 7.73416 6.0 0.365499 161.0 17.5496 0 0 0 0 0 0 0 0 278.0 278.0
1760 640 127.0 14.5217 8526 38.0 4.50356 3.0 1.75861 87.0 8.3333 0 0 0 0 0 0 0 0 206.0 206.0
1760 720 72.0 8.22449 8679 29.0 2.96137 4.0 0.014 46.0 3.87161 0 0 0 0 0 0 0 0 138.0 138.0
1760 800 38.0 5.75869 8628 16.0 0.546521 3.0 0.0 39.0 1.19054 0 0 0 0 0 0 0 0 101.0 101.0
1760 880 28.0 2.93785 8685 6.0 1.28702 1.0 0.581632 27.0 1.77264 0 0 0 0 0 0 0 0 77.0 77.0
1760 960 21.0 5.41842 8632 5.0 4.18243 0.0 0.0 27.0 0.77039 0 0 0 0 0 0 0 0 78.0 78.0
1760 1040 25.0 0.014 8763 11.0 0.014 2.0 0.0 26.0 1.20991 0 0 0 0 0 0 0 0 79.0 79.0
1760 1120 18.0 0.580231 8674 3.0 0.189824 0.0 0.0 32.0 0.928319 0 0 0 0 0 0 0 0 76.0 76.0
1760 1200 26.0 0.17338 8638 3.0 0.0 0.0 0.0 22.0 0.447522 0 0 0 0 0 0 0 0 65.0 65.0
1760 1280 25.0 0.445083 8734 5.0 0.217213 0.0 0.0 29.0 0.455672 0 0 0 0 0 0 0 0 74.0 74.0
1760 1360 22.0 0.565015 8637 5.0 0.0 2.0 0.0 25.0 0.840405 0 0 0 0 0 0 0 0 77.0 77.0
1760 1440 19.0 1.015374 8791 2.0 0.609228 0.0 0.199335 30.0 0.391266 0 0 0 0 0 0 0 0 69.0 69.0
1760 1520 30.0 0.560476 8582 4.0 0.0 0.0 0.0 25.0 0.977584 0 0 0 0 0 0 0 0 69.0 69.0
1760 1600 28.0 0.852394 8743 5.0 0.0 0.0 0.0 29.0 0.799106 0 0 0 0 0 0 0 0 64.0 64.0
1760 1680 18.0 0.979412 8640 3.0 0.203392 1.0 0.028 25.0 1.134128 0 0 0 0 0 0 0 0 73.0 73.0
1760 1760 27.0 0.042 8701 9.0 0.028 0.0 0.0 29.0 0.201777 0 0 0 0 0 0 0 0 66.0 66.0
1760 1840 18.0 0.028 8677 3.0 0.0 0.0 0.0 22.0 0.453792 0 0 0 0 0 0 0 0 60.0 60.0
1760 1920 25.0 1.47012 8668 6.0 1.10354 0.0 1.10354 19.0 0.57988 0 0 0 0 0 0 0 0 75.0 75.0
1760 2000 18.0 0.576003 8724 3.0 0.184239 0.0 0.0 39.0 0.666807 0 0 0 0 0 0 0 0 68.0 68.0
1840 160 67.0 25.0541 8263 18.0 2.40327 1.0 0.557298 71.0 23.6995 0 0 0 0 0 0 0 0 189.0 189.0
1840 240 221.0 50.2706 8713 35.0 7.16934 0.0 1.02338 315.0 57.4314 0 0 0 0 0 0 0 0 252.0 252.0
1840 320 499.0 68.383 8789 70.0 11.9012 3.0 1.85516 668.0 75.161 0 0 0 0 0 0 0 0 335.0 335.0
1840 400 625.0 70.0466 8519 101.0 16.9033 10.0 1.8906 712.0 73.7894 0 0 0 0 0 0 0 0 440.0 440.0
1840 480 458.0 63.7962 8489 118.0 26.8895 10.0 0.406418 449.0 52.6868 0 0 0 0 0 0 0 0 415.0 415.0
1840 560 240.0 21.3425 8524 66.0 9.33002 5.0 2.29308 170.0 16.9291 0 0 0 0 0 0 0 0 262.0 262.0
1840 640 120.0 20.7797 8665 38.0 6.05767 4.0 1.67294 80.0 16.5587 0 0 0 0 0 0 0 0 183.0 183.0
1840 720 75.0 8.43062 8763 25.0 5.16266 3.0 0.404769 48.0 4.77848 0 0 0 0 0 0 0 0 124.0 124.0
1840 800 43.0 2.8112 8735 13.0 1.048327 2.0 0.014 20.0 3.48724 0 0 0 0 0 0 0 0 106.0 106.0
1840 880 43.0 2.8715 8655 16.0 0.694067 2.0 0.324025 21.0 1.25051 0 0 0 0 0 0 0 0 105.0 105.0
1840 960 24.0 0.700378 8640 9.0 0.644378 3.0 0.014 33.0 0.648042 0 0 0 0 0 0 0 0 83.0 83.0
1840 1040 27.0 1.002744 8797 6.0 0.217909 1.0 0.0 35.0 0.709926 0 0 0 0 0 0 0 0 87.0 87.0
1840 1120 30.0 0.608225 8728 8.0 0.197246 2.0 0.0 23.0 0.738895 0 0 0 0 0 0 0 0 92.0 92.0
1840 1200 29.0 1.11464 8779 7.0 0.014 1.0 0.014 33.0 1.2635 0 0 0 0 0 0 0 0 73.0 73.0
1840 1280 19.0 0.721716 8809 10.0 0.549742 3.0 0.0 23.0 1.492644 0 0 0 0 0 0 0 0 85.0 85.0
1840 1360 28.0 0.560816 8654 6.0 0.180267 1.0 0.0 18.0 1.308114 0 0 0 0 0 0 0 0 76.0 76.0
1840 1440 17.0 0.20435 8655 4.0 0.0 1.0 0.0 29.0 1.42049 0 0 0 0 0 0 0 0 68.0 68.0
1840 1520 25.0 0.497996 8581 8.0 0.32587 1.0 0.014 33.0 1.140324 0 0 0 0 0 0 0 0 76.0 76.0
1840 1600 23.0 0.914636 8593 3.0 0.515491 1.0 0.0 22.0 1.070504 0 0 0 0 0 0 0 0 84.0 84.0
1840 1680 21.0 1.0461 8729 3.0 0.187486 1.0 0.0 28.0 1.25282 0 0 0 0 0 0 0 0 77.0 77.0
1840 1760 15.0 0.947659 8764 6.0 0.176243 0.0 0.0 25.0 0.216391 0 0 0 0 0 0 0 0 87.0 87.0
1840 1840 29.0 0.379701 8654 9.0 0.0 0.0 0.0 28.0 1.798839 0 0 0 0 0 0 0 0 85.0 85.0
1840 1920 28.0 1.02626 8715 7.0 0.190922 1.0 0.0 26.0 0.4673 0 0 0 0 0 0 0 0 81.0 81.0
1840 2000 21.0 0.975533 8715 5.0 0.176681 1.0 0.0 27.0 0.735707 0 0 0 0 0 0 0 0 75.0 75.0
1920 160 68.0 22.4483 8306 21.0 7.94822 6.0 1.04274 67.0 18.2383 0 0 0 0 0 0 0 0 192.0 192.0
1920 240 267.0 42.6654 8746 47.0 5.00593 7.0 0.0 285.0 54.5863 0 0 0 0 0 0 0 0 254.0 254.0
1920 320 520.0 70.7872 8801 64.0 14.8574 2.0 0.709029 728.0 74.6848 0 0 0 0 0 0 0 0 337.0 337.0
1920 400 597.0 71.8125 8575 105.0 19.9663 7.0 1.8566 769.0 78.0055 0 0 0 0 0 0 0 0 429.0 429.0
1920 480 488.0 63.7316 8515 108.0 19.843 8.0 3.42619 406.0 43.3854 0 0 0 0 0 0 0 0 425.0 425.0
1920 560 252.0 25.798 8517 65.0 7.86471 9.0 0.0 201.0 21.2439 0 0 0 0 0 0 0 0 283.0 283.0
1920 640 111.0 8.6327 8606 33.0 4.42028 5.0 0.444729 97.0 6.392 0 0 0 0 0 0 0 0 173.0 173.0
1920 720 49.0 5.41378 8652 15.0 1.99607 1.0 0.0 57.0 1.70518 0 0 0 0 0 0 0 0 134.0 134.0
1920 800 46.0 4.82998 8761 20.0 1.16371 2.0 0.014 32.0 0.87414 0 0 0 0 0 0 0 0 111.0 111.0
1920 880 29.0 2.338 8649 6.0 0.525092 2.0 0.0 25.0 1.45762 0 0 0 0 0 0 0 0 81.0 81.0
1920 960 32.0 1.41417 8647 6.0 0.385622 2.0 0.0 35.0 1.72189 0 0 0 0 0 0 0 0 85.0 85.0
1920 1040 20.0 0.014 8712 4.0 0.0 0.0 0.0 18.0 2.06842 0 0 0 0 0 0 0 0 77.0 77.0
1920 1120 29.0 0.541904 8612 9.0 0.0 2.0 0.0 26.0 1.657326 0 0 0 0 0 0 0 0 80.0 80.0
1920 1200 25.0 0.534843 8675 3.0 0.014 0.0 0.0 26.0 0.712417 0 0 0 0 0 0 0 0 71.0 71.0
1920 1280 23.0 0.972513 8701 4.0 0.409653 0.0 0.0 30.0 0.729107 0 0 0 0 0 0 0 0 78.0 78.0
1920 1360 28.0 0.509738 8728 6.0 0.0 1.0 0.0 24.0 0.971732 0 0 0 0 0 0 0 0 79.0 79.0
1920 1440 21.0 1.18328 8564 5.0 0.0 2.0 0.0 29.0 0.53117 0 0 0 0 0 0 0 0 73.0 73.0
1920 1520 21.0 1.30631 8535 5.0 0.398436 1.0 0.218808 28.0 0.1859 0 0 0 0 0 0 0 0 81.0 81.0
1920 1600 24.0 0.410156 8591 5.0 0.221493 2.0 0.0 22.0 2.200344 0 0 0 0 0 0 0 0 79.0 79.0
1920 1680 19.0 0.671668 8708 7.0 0.471658 1.0 0.222656 14.0 1.242532 0 0 0 0 0 0 0 0 72.0 72.0
1920 1760 27.0 0.383876 8701 4.0 0.014 0.0 0.0 32.0 0.558856 0 0 0 0 0 0 0 0 75.0 75.0
1920 1840 25.0 0.6493 8637 6.0 0.0 0.0 0.0 20.0 1.46416 0 0 0 0 0 0 0 0 78.0 78.0
1920 1920 24.0 0.317127 8688 2.0 0.0 0.0 0.0 29.0 0.478248 0 0 0 0 0 0 0 0 78.0 78.0
1920 2000 22.0 3.13083 8662 6.0 1.09484 1.0 0.0 28.0 1.06174 0 0 0 0 0 0 0 0 76.0 76.0
2000 160 64.0 20.0548 8245 17.0 5.2684 0.0 2.6716 67.0 12.462 0 0 0 0 0 0 0 0 184.0 184.0
2000 240 235.0 48.9607 8793 41.0 12.9381 2.0 2.04713 332.0 49.5047 0 0 0 0 0 0 0 0 244.0 244.0
2000 320 465.0 67.0897 8745 57.0 16.0727 1.0 0.426989 702.0 74.5023 0 0 0 0 0 0 0 0 367.0 367.0
2000 400 657.0 69.256 8714 108.0 15.3868 3.0 1.34812 772.0 84.273 0 0 0 0 0 0 0 0 446.0 446.0
2000 480 490.0 58.6134 8584 113.0 13.7863 11.0 1.85695 435.0 51.2986 0 0 0 0 0 0 0 0 450.0 450.0
2000 560 239.0 30.3451 8612 72.0 13.0953 6.0 0.480264 198.0 19.0377 0 0 0 0 0 0 0 0 307.0 307.0
2000 640 96.0 10.2763 8675 39.0 4.99625 5.0 1.35146 71.0 7.9643 0 0 0 0 0 0 0 0 202.0 202.0
2000 720 71.0 10.06626 8657 27.0 6.50113 2.0 2.25869 38.0 10.18254 0 0 0 0 0 0 0 0 135.0 135.0
2000 800 23.0 9.7493 8816 7.0 8.21486 0.0 1.18812 36.0 3.0681 0 0 0 0 0 0 0 0 98.0 98.0
2000 880 37.0 1.32504 8583 8.0 0.199907 1.0 0.014 12.0 3.62243 0 0 0 0 0 0 0 0 86.0 86.0
2000 960 23.0 1.19263 8526 4.0 0.402116 1.0 0.014 21.0 1.66139 0 0 0 0 0 0 0 0 75.0 75.0
2000 1040 35.0 0.757064 8626 8.0 0.366212 2.0 0.0 28.0 1.474976 0 0 0 0 0 0 0 0 75.0 75.0
2000 1120 20.0 1.70826 8670 4.0 0.577739 2.0 0.0 27.0 1.97736 0 0 0 0 0 0 0 0 66.0 66.0
2000 1200 27.0 1.60683 8703 4.0 0.895452 1.0 0.661038 33.0 2.85638 0 0 0 0 0 0 0 0 66.0 66.0
2000 1280 27.0 0.014 8699 9.0 0.014 1.0 0.014 32.0 1.11688 0 0 0 0 0 0 0 0 83.0 83.0
2000 1360 26.0 1.37548 8648 4.0 0.0 0.0 0.0 34.0 1.04796 0 0 0 0 0 0 0 0 71.0 71.0
2000 1440 21.0 0.218187 8731 2.0 0.014 0.0 0.0 18.0 0.226448 0 0 0 0 0 0 0 0 75.0 75.0
2000 1520 17.0 0.229251 8528 4.0 0.229251 0.0 0.014 20.0 1.072529 0 0 0 0 0 0 0 0 65.0 65.0
2000 1600 25.0 1.31669 8655 3.0 0.0 0.0 0.0 33.0 0.36511 0 0 0 0 0 0 0 0 70.0 70.0
2000 1680 24.0 0.357032 8764 5.0 0.0 1.0 0.0 33.0 0.812038 0 0 0 0 0 0 0 0 88.0 88.0
2000 1760 20.0 0.231159 8661 6.0 0.0 0.0 0.0 19.0 0.448477 0 0 0 0 0 0 0 0 75.0 75.0
2000 1840 24.0 0.619587 8618 3.0 0.0 0.0 0.0 31.0 0.664753 0 0 0 0 0 0 0 0 62.0 62.0
2000 1920 18.0 0.723541 8616 7.0 0.014 0.0 0.0 29.0 0.28515 0 0 0 0 0 0 0 0 80.0 80.0
2000 2000 11.0 1.005631 8696 3.0 0.014 0.0 0.0 20.0 0.679759 0 0 0 0 0 0 0 0 77.0 77.0
