160 160 18.0 4.52683 2406 6.0 0.552702 0.0 0.0 18.0 4.03354 0 0 0 0 0 0 0 0 0 0
160 240 132.0 28.36154 7135 29.0 7.4882 4.0 0.768843 129.0 24.85996 0 0 0 0 0 0 0 0 0 0
160 320 125.0 37.63133 6394 28.0 15.07659 0.0 7.530568 126.0 28.10087 0 0 0 0 0 0 0 0 0 0
160 400 95.0 18.663477 5604 17.0 4.012217 3.0 0.0 92.0 21.874163 0 0 0 0 0 0 0 0 0 0
160 480 92.0 24.64136 5242 29.0 4.143455 1.0 0.710996 64.0 14.84945 0 0 0 0 0 0 0 0 0 0
160 560 69.0 13.14346 4824 17.0 4.2249 3.0 0.572118 66.0 4.94392 0 0 0 0 0 0 0 0 0 0
160 640 63.0 18.46019 4752 14.0 9.26614 3.0 2.7605 58.0 11.63281 0 0 0 0 0 0 0 0 0 0
160 720 51.0 11.62407 4415 11.0 5.34674 3.0 2.271286 50.0 16.00293 0 0 0 0 0 0 0 0 0 0
160 800 61.0 14.58438 4434 20.0 3.41531 4.0 0.0 39.0 8.97322 0 0 0 0 0 0 0 0 0 0
160 880 53.0 16.24261 4344 24.0 3.76804 2.0 0.171219 46.0 15.27079 0 0 0 0 0 0 0 0 0 0
160 960 43.0 10.5247 4245 14.0 3.40599 2.0 1.40094 48.0 8.07047 0 0 0 0 0 0 0 0 0 0
160 1040 31.0 10.95851 4225 12.0 4.60897 0.0 0.296912 33.0 7.12267 0 0 0 0 0 0 0 0 0 0
160 1120 44.0 13.04135 4112 11.0 5.10779 1.0 0.315539 35.0 9.82575 0 0 0 0 0 0 0 0 0 0
160 1200 37.0 16.30155 4099 10.0 7.12298 1.0 0.747393 42.0 3.82141 0 0 0 0 0 0 0 0 0 0
160 1280 46.0 4.78956 3986 8.0 2.043959 1.0 0.319424 27.0 8.16583 0 0 0 0 0 0 0 0 0 0
160 1360 44.0 10.27027 4028 12.0 2.94948 3.0 1.32296 35.0 7.87566 0 0 0 0 0 0 0 0 0 0
160 1440 49.0 5.77076 3895 16.0 1.87432 4.0 0.179455 48.0 6.96053 0 0 0 0 0 0 0 0 0 0
160 1520 47.0 9.59136 3832 8.0 1.639841 2.0 0.0 39.0 7.41078 0 0 0 0 0 0 0 0 0 0
160 1600 38.0 7.29984 3795 7.0 0.6069 1.0 0.0 36.0 6.52595 0 0 0 0 0 0 0 0 0 0
160 1680 44.0 8.08183 3705 13.0 1.30516 0.0 0.0 28.0 8.45646 0 0 0 0 0 0 0 0 0 0
160 1760 28.0 4.193822 3667 9.0 1.593778 5.0 0.0 44.0 7.987808 0 0 0 0 0 0 0 0 0 0
160 1840 32.0 9.13954 3634 9.0 2.7011 1.0 0.014 28.0 4.28858 0 0 0 0 0 0 0 0 0 0
160 1920 35.0 8.45012 3637 11.0 1.745434 2.0 0.0 41.0 3.30426 0 0 0 0 0 0 0 0 0 0
160 2000 35.0 4.15292 3647 9.0 1.451966 4.0 0.556097 37.0 6.65137 0 0 0 0 0 0 0 0 0 0
240 160 91.0 25.81925 7849 18.0 4.791734 3.0 0.703829 80.0 26.64035 0 0 0 0 0 0 0 0 0 0
240 240 417.0 103.9619 14613 89.0 27.43259 6.0 1.417761 499.0 75.1381 0 0 0 0 0 0 0 0 0 0
240 320 531.0 75.0159 10734 95.0 16.35861 9.0 2.115296 641.0 64.87965 0 0 0 0 0 0 0 0 0 0
240 400 581.0 50.290702 10184 98.0 11.70503 13.0 2.94888 663.0 57.164588 0 0 0 0 0 0 0 0 0 0
240 480 510.0 39.98497 9649 107.0 12.12645 7.0 2.484007 586.0 45.34733 0 0 0 0 0 0 0 0 0 0
240 560 458.0 60.5036 9494 115.0 20.21103 14.0 2.003977 492.0 39.5868 0 0 0 0 0 0 0 0 0 0
240 640 424.0 43.81382 9710 90.0 11.699304 5.0 1.748844 458.0 40.31898 0 0 0 0 0 0 0 0 0 0
240 720 357.0 59.0634 9545 75.0 16.36025 8.0 3.092991 425.0 41.5707 0 0 0 0 0 0 0 0 0 0
240 800 331.0 42.14346 9615 68.0 14.531927 11.0 3.102816 371.0 42.70184 0 0 0 0 0 0 0 0 0 0
240 880 359.0 41.89728 9601 75.0 18.22274 5.0 2.569074 366.0 33.09922 0 0 0 0 0 0 0 0 0 0
240 960 325.0 42.52174 9650 75.0 19.508 10.0 3.18179 354.0 32.27326 0 0 0 0 0 0 0 0 0 0
240 1040 302.0 52.41512 9608 61.0 27.12941 6.0 2.270413 328.0 45.29458 0 0 0 0 0 0 0 0 0 0
240 1120 352.0 61.9572 9772 71.0 22.24118 6.0 3.734395 370.0 27.8319 0 0 0 0 0 0 0 0 0 0
240 1200 333.0 46.71144 9799 59.0 23.82364 5.0 1.075671 369.0 34.10556 0 0 0 0 0 0 0 0 0 0
240 1280 290.0 36.33296 9687 65.0 13.67891 7.0 0.527934 350.0 27.26104 0 0 0 0 0 0 0 0 0 0
240 1360 348.0 31.18835 9742 74.0 10.745532 10.0 0.917673 384.0 36.14974 0 0 0 0 0 0 0 0 0 0
240 1440 308.0 35.01068 9852 70.0 11.5879 7.0 2.568854 377.0 25.80922 0 0 0 0 0 0 0 0 0 0
240 1520 303.0 33.55285 9871 65.0 11.41416 14.0 0.198104 311.0 28.07135 0 0 0 0 0 0 0 0 0 0
240 1600 315.0 38.43831 9838 81.0 13.535332 9.0 1.599932 341.0 30.44419 0 0 0 0 0 0 0 0 0 0
240 1680 364.0 36.85826 9845 85.0 7.851455 11.0 0.73871 336.0 32.73054 0 0 0 0 0 0 0 0 0 0
240 1760 313.0 45.6347 9843 63.0 23.88628 5.0 0.353749 358.0 29.4237 0 0 0 0 0 0 0 0 0 0
240 1840 290.0 31.99278 9882 64.0 9.50326 1.0 0.636645 402.0 40.19982 0 0 0 0 0 0 0 0 0 0
240 1920 289.0 36.82436 9832 63.0 11.2599 3.0 1.343967 316.0 34.69854 0 0 0 0 0 0 0 0 0 0
240 2000 316.0 35.88619 9937 71.0 8.06799 6.0 0.840844 361.0 31.60651 0 0 0 0 0 0 0 0 0 0
320 160 78.0 26.15706 7828 8.0 8.13777 2.0 0.172399 93.0 23.45628 0 0 0 0 0 0 0 0 0 0
320 240 257.0 55.13549 8676 40.0 9.9769 9.0 0.953573 376.0 51.25921 0 0 0 0 0 0 0 0 0 0
320 320 998.0 148.0318 14126 221.0 42.33881 18.0 8.460362 1068.0 136.7431 0 0 0 0 0 0 0 0 0 0
320 400 982.0 110.19536 10147 206.0 37.085774 23.0 4.619286 1020.0 83.48 0 0 0 0 0 0 0 0 0 0
320 480 960.0 88.29 9656 222.0 31.22333 19.0 7.818948 970.0 69.9223 0 0 0 0 0 0 0 0 0 0
320 560 866.0 74.085 9130 228.0 22.04077 26.0 1.679934 815.0 61.1749 0 0 0 0 0 0 0 0 0 0
320 640 732.0 82.34156 8793 204.0 37.48098 16.0 21.206063 710.0 43.15744 0 0 0 0 0 0 0 0 0 0
320 720 743.0 72.3711 8835 195.0 29.5765 29.0 10.415011 693.0 49.8401 0 0 0 0 0 0 0 0 0 0
320 800 683.0 71.92638 8813 174.0 21.95936 16.0 2.631818 659.0 55.77672 0 0 0 0 0 0 0 0 0 0
320 880 614.0 70.4944 8707 160.0 24.570868 14.0 1.969111 562.0 40.6566 0 0 0 0 0 0 0 0 0 0
320 960 635.0 76.69157 8852 161.0 38.6856 22.0 5.647709 648.0 50.99443 0 0 0 0 0 0 0 0 0 0
320 1040 616.0 61.84316 8827 147.0 22.47548 15.0 7.735621 570.0 53.94344 0 0 0 0 0 0 0 0 0 0
320 1120 622.0 86.30657 8847 156.0 37.29964 21.0 2.307526 591.0 47.29833 0 0 0 0 0 0 0 0 0 0
320 1200 646.0 64.5127 9106 169.0 26.60137 16.0 12.153717 612.0 42.2107 0 0 0 0 0 0 0 0 0 0
320 1280 600.0 61.32816 8888 161.0 33.431959 22.0 1.119785 597.0 34.95647 0 0 0 0 0 0 0 0 0 0
320 1360 599.0 66.6393 8820 159.0 25.08804 22.0 4.355489 562.0 44.7956 0 0 0 0 0 0 0 0 0 0
320 1440 611.0 60.499 9224 150.0 13.36705 20.0 3.032229 636.0 43.2767 0 0 0 0 0 0 0 0 0 0
320 1520 593.0 46.8265 8882 155.0 16.54313 16.0 2.447522 607.0 46.6869 0 0 0 0 0 0 0 0 0 0
320 1600 607.0 73.8965 9144 135.0 15.81943 18.0 6.335228 603.0 32.6193 0 0 0 0 0 0 0 0 0 0
320 1680 546.0 73.7986 9027 133.0 16.8582 21.0 4.473772 589.0 62.0904 0 0 0 0 0 0 0 0 0 0
320 1760 571.0 52.8891 8971 144.0 17.56595 26.0 6.438629 552.0 46.9723 0 0 0 0 0 0 0 0 0 0
320 1840 523.0 71.1798 8814 123.0 33.8586 12.0 9.212113 567.0 47.793 0 0 0 0 0 0 0 0 0 0
320 1920 518.0 55.1953 8822 110.0 16.45475 14.0 3.115862 562.0 41.7512 0 0 0 0 0 0 0 0 0 0
320 2000 517.0 57.79692 8925 119.0 26.20983 17.0 14.169826 523.0 33.59278 0 0 0 0 0 0 0 0 0 0
400 160 86.0 26.003595 7901 22.0 8.109366 3.0 0.935385 61.0 22.722225 0 0 0 0 0 0 0 0 0 0
400 240 297.0 49.78123 8720 47.0 8.83165 5.0 0.767732 435.0 61.92887 0 0 0 0 0 0 0 0 0 0
400 320 621.0 82.97298 8500 127.0 19.57422 14.0 1.820475 758.0 89.03472 0 0 0 0 0 0 0 0 0 0
400 400 1069.0 141.4179 9745 255.0 47.38743 37.0 7.199084 910.0 100.0013 0 0 0 0 0 0 0 0 0 0
400 480 1134.0 116.3555 8866 322.0 47.9198 36.0 8.1789 912.0 104.3742 0 0 0 0 0 0 0 0 0 0
400 560 1200.0 112.6734 8857 375.0 44.01524 40.0 4.971114 797.0 75.6928 0 0 0 0 0 0 0 0 0 0
400 640 1001.0 95.9751 8342 333.0 26.60554 52.0 9.216709 687.0 50.7411 0 0 0 0 0 0 0 0 0 0
400 720 881.0 97.45549 8178 275.0 33.5349 42.0 7.060081 661.0 72.25111 0 0 0 0 0 0 0 0 0 0
400 800 840.0 99.6123 8041 281.0 50.01272 39.0 23.771157 586.0 54.0925 0 0 0 0 0 0 0 0 0 0
400 880 783.0 88.80996 8247 258.0 32.13169 45.0 7.46424 553.0 39.55773 0 0 0 0 0 0 0 0 0 0
400 960 755.0 57.31261 8148 240.0 18.275612 30.0 4.476289 528.0 34.77786 0 0 0 0 0 0 0 0 0 0
400 1040 709.0 79.60212 8150 218.0 31.97087 34.0 5.552086 496.0 31.24424 0 0 0 0 0 0 0 0 0 0
400 1120 702.0 77.3759 8262 223.0 31.23165 37.0 4.882248 537.0 39.63804 0 0 0 0 0 0 0 0 0 0
400 1200 646.0 63.56632 8151 185.0 28.31015 22.0 12.934038 498.0 54.40118 0 0 0 0 0 0 0 0 0 0
400 1280 705.0 78.13383 8232 210.0 29.451552 33.0 9.927281 505.0 49.89905 0 0 0 0 0 0 0 0 0 0
400 1360 674.0 73.00534 8154 207.0 36.612518 35.0 8.886974 463.0 43.05077 0 0 0 0 0 0 0 0 0 0
400 1440 672.0 52.33446 8284 209.0 19.63847 25.0 1.847857 515.0 38.1175 0 0 0 0 0 0 0 0 0 0
400 1520 618.0 68.15185 8182 169.0 33.80388 22.0 8.58839 469.0 34.09555 0 0 0 0 0 0 0 0 0 0
400 1600 669.0 68.13991 8527 185.0 31.09315 31.0 9.57837 531.0 43.44039 0 0 0 0 0 0 0 0 0 0
400 1680 608.0 64.29752 8225 161.0 21.71344 29.0 1.733761 433.0 34.01568 0 0 0 0 0 0 0 0 0 0
400 1760 559.0 70.5982 8193 143.0 33.14375 21.0 17.12571 435.0 38.834 0 0 0 0 0 0 0 0 0 0
400 1840 572.0 55.21466 8235 161.0 32.79305 26.0 11.225286 433.0 40.09892 0 0 0 0 0 0 0 0 0 0
400 1920 589.0 53.85975 8348 168.0 26.10133 32.0 4.37324 454.0 28.625 0 0 0 0 0 0 0 0 0 0
400 2000 566.0 57.88034 8124 197.0 28.33865 37.0 6.07026 430.0 34.17266 0 0 0 0 0 0 0 0 0 0
480 160 73.0 23.80878 8034 20.0 8.091483 2.0 0.33762 93.0 23.09648 0 0 0 0 0 0 0 0 0 0
480 240 286.0 66.43776 8781 54.0 14.77745 5.0 0.752396 379.0 63.51164 0 0 0 0 0 0 0 0 0 0
480 320 609.0 105.0326 8639 111.0 22.38578 6.0 1.609353 752.0 88.3975 0 0 0 0 0 0 0 0 0 0
480 400 939.0 136.6745 8344 247.0 33.33199 19.0 4.069804 850.0 88.6778 0 0 0 0 0 0 0 0 0 0
480 480 1128.0 149.0418 8610 381.0 64.0375 46.0 13.6226 732.0 99.691 0 0 0 0 0 0 0 0 0 0
480 560 1212.0 167.4724 8630 446.0 78.56326 66.0 18.57811 664.0 66.8264 0 0 0 0 0 0 0 0 0 0
480 640 1080.0 118.26932 8333 417.0 57.49087 54.0 4.957007 596.0 53.46928 0 0 0 0 0 0 0 0 0 0
480 720 970.0 115.4485 8487 384.0 39.63512 59.0 3.479995 503.0 56.4757 0 0 0 0 0 0 0 0 0 0
480 800 827.0 74.6327 8235 313.0 32.36559 52.0 13.977297 427.0 43.1889 0 0 0 0 0 0 0 0 0 0
480 880 779.0 69.58041 8203 335.0 25.69522 50.0 1.400568 398.0 39.23774 0 0 0 0 0 0 0 0 0 0
480 960 626.0 62.68104 8197 240.0 19.15366 40.0 2.61281 386.0 41.97856 0 0 0 0 0 0 0 0 0 0
480 1040 730.0 93.5691 8356 268.0 40.51447 44.0 13.782043 383.0 32.92453 0 0 0 0 0 0 0 0 0 0
480 1120 692.0 64.67123 8343 272.0 22.51904 47.0 4.414415 355.0 28.52617 0 0 0 0 0 0 0 0 0 0
480 1200 577.0 52.0355 8374 207.0 22.07254 37.0 5.067797 354.0 25.27384 0 0 0 0 0 0 0 0 0 0
480 1280 611.0 96.4408 8439 243.0 50.40107 41.0 28.52774 365.0 35.766 0 0 0 0 0 0 0 0 0 0
480 1360 563.0 50.34957 8236 207.0 20.49682 36.0 6.447066 331.0 34.73069 0 0 0 0 0 0 0 0 0 0
480 1440 552.0 73.34876 8314 225.0 25.72191 41.0 4.970934 304.0 22.92577 0 0 0 0 0 0 0 0 0 0
480 1520 512.0 58.69453 8275 201.0 32.698072 27.0 15.329193 291.0 20.90532 0 0 0 0 0 0 0 0 0 0
480 1600 497.0 61.54329 8333 182.0 25.58958 27.0 10.901604 308.0 32.57604 0 0 0 0 0 0 0 0 0 0
480 1680 480.0 63.25777 8240 196.0 35.90776 28.0 8.286361 297.0 23.25583 0 0 0 0 0 0 0 0 0 0
480 1760 498.0 45.07294 8357 183.0 22.05917 33.0 3.898785 295.0 42.94276 0 0 0 0 0 0 0 0 0 0
480 1840 522.0 34.69971 8310 188.0 17.283817 38.0 2.868765 249.0 31.06302 0 0 0 0 0 0 0 0 0 0
480 1920 430.0 58.5885 8209 166.0 28.531748 24.0 1.985167 286.0 27.83956 0 0 0 0 0 0 0 0 0 0
480 2000 488.0 59.64112 8343 182.0 24.81777 31.0 13.59095 258.0 38.17172 0 0 0 0 0 0 0 0 0 0
560 160 86.0 19.98067 7799 24.0 8.351139 4.0 0.938438 87.0 23.86475 0 0 0 0 0 0 0 0 0 0
560 240 272.0 49.50739 8609 63.0 10.041642 5.0 0.704618 328.0 47.17581 0 0 0 0 0 0 0 0 0 0
560 320 659.0 86.9744 8770 125.0 23.068268 16.0 5.521802 755.0 88.9673 0 0 0 0 0 0 0 0 0 0
560 400 888.0 103.93106 8476 214.0 29.70188 16.0 3.034339 851.0 109.82814 0 0 0 0 0 0 0 0 0 0
560 480 917.0 114.4576 8240 283.0 48.22495 39.0 16.557501 686.0 86.4897 0 0 0 0 0 0 0 0 0 0
560 560 1048.0 141.206 8379 423.0 52.63408 74.0 8.581224 447.0 52.8241 0 0 0 0 0 0 0 0 0 0
560 640 959.0 115.4073 8624 446.0 40.79847 60.0 8.53471 410.0 56.5551 0 0 0 0 0 0 0 0 0 0
560 720 798.0 102.8668 8412 386.0 48.46392 82.0 6.09782 288.0 41.1105 0 0 0 0 0 0 0 0 0 0
560 800 638.0 71.7473 8256 287.0 23.27792 61.0 6.15903 265.0 32.901 0 0 0 0 0 0 0 0 0 0
560 880 566.0 73.63731 8479 250.0 21.7305 51.0 3.035773 241.0 27.82719 0 0 0 0 0 0 0 0 0 0
560 960 570.0 61.73931 8482 243.0 31.624527 51.0 10.03551 234.0 31.7681 0 0 0 0 0 0 0 0 0 0
560 1040 494.0 45.85996 8291 203.0 19.50929 46.0 3.877954 200.0 21.95184 0 0 0 0 0 0 0 0 0 0
560 1120 443.0 48.93536 8355 206.0 23.42503 43.0 3.868508 213.0 29.54924 0 0 0 0 0 0 0 0 0 0
560 1200 441.0 45.35637 8419 198.0 12.7811 43.0 1.949094 198.0 17.73736 0 0 0 0 0 0 0 0 0 0
560 1280 414.0 59.37985 8471 194.0 16.31849 29.0 3.343995 182.0 13.37115 0 0 0 0 0 0 0 0 0 0
560 1360 388.0 47.65801 8437 193.0 25.24787 42.0 2.890053 181.0 15.54446 0 0 0 0 0 0 0 0 0 0
560 1440 447.0 69.13746 8482 196.0 37.39324 35.0 4.558149 198.0 26.28674 0 0 0 0 0 0 0 0 0 0
560 1520 358.0 35.85403 8434 157.0 11.8043 37.0 2.907231 163.0 14.07077 0 0 0 0 0 0 0 0 0 0
560 1600 332.0 55.92937 8467 152.0 29.625242 34.0 9.494302 181.0 22.05867 0 0 0 0 0 0 0 0 0 0
560 1680 345.0 52.17748 8423 146.0 34.68375 33.0 2.773966 163.0 25.16635 0 0 0 0 0 0 0 0 0 0
560 1760 358.0 39.14443 8523 151.0 22.08039 31.0 3.984514 173.0 24.36262 0 0 0 0 0 0 0 0 0 0
560 1840 320.0 27.91548 8386 139.0 11.76666 18.0 1.946586 148.0 10.96285 0 0 0 0 0 0 0 0 0 0
560 1920 335.0 36.45413 8548 149.0 15.58844 37.0 5.705615 144.0 11.76408 0 0 0 0 0 0 0 0 0 0
560 2000 334.0 61.86874 8499 138.0 30.02317 29.0 5.230858 149.0 20.33926 0 0 0 0 0 0 0 0 0 0
640 160 56.0 17.397337 7925 22.0 6.194201 3.0 0.755728 70.0 25.323443 0 0 0 0 0 0 0 0 0 0
640 240 253.0 55.90859 8830 33.0 12.017091 1.0 0.709448 325.0 60.76621 0 0 0 0 0 0 0 0 0 0
640 320 562.0 94.3784 8713 93.0 26.20933 8.0 5.993507 733.0 80.9599 0 0 0 0 0 0 0 0 0 0
640 400 841.0 103.075 8509 190.0 26.79354 17.0 1.300607 836.0 95.1804 0 0 0 0 0 0 0 0 0 0
640 480 879.0 114.3332 8360 251.0 46.033628 29.0 12.06658 576.0 85.8181 0 0 0 0 0 0 0 0 0 0
640 560 762.0 93.62276 8249 309.0 36.03344 57.0 5.649126 374.0 53.04944 0 0 0 0 0 0 0 0 0 0
640 640 752.0 122.2353 8489 374.0 67.11879 91.0 13.407676 235.0 30.7309 0 0 0 0 0 0 0 0 0 0
640 720 577.0 77.6133 8524 302.0 38.06893 67.0 3.462291 233.0 26.7957 0 0 0 0 0 0 0 0 0 0
640 800 452.0 73.55386 8558 219.0 42.342679 51.0 18.775504 166.0 20.16326 0 0 0 0 0 0 0 0 0 0
640 880 380.0 56.8274 8547 189.0 34.78207 42.0 15.77749 140.0 25.7502 0 0 0 0 0 0 0 0 0 0
640 960 364.0 32.2543 8510 185.0 14.323191 51.0 4.121547 132.0 9.72852 0 0 0 0 0 0 0 0 0 0
640 1040 359.0 45.29549 8618 185.0 20.46794 38.0 4.781758 124.0 12.83631 0 0 0 0 0 0 0 0 0 0
640 1120 285.0 24.44356 8617 139.0 9.51029 35.0 2.930903 120.0 18.92075 0 0 0 0 0 0 0 0 0 0
640 1200 290.0 43.47316 8579 151.0 27.84637 37.0 16.663269 110.0 6.9959 0 0 0 0 0 0 0 0 0 0
640 1280 265.0 36.804691 8452 136.0 24.418138 28.0 7.593935 96.0 10.511429 0 0 0 0 0 0 0 0 0 0
640 1360 257.0 23.48293 8716 133.0 12.32307 27.0 2.886449 95.0 5.80239 0 0 0 0 0 0 0 0 0 0
640 1440 222.0 31.52986 8551 116.0 20.088638 39.0 3.468562 98.0 13.44311 0 0 0 0 0 0 0 0 0 0
640 1520 206.0 38.59505 8575 108.0 13.56841 32.0 1.333484 108.0 9.70825 0 0 0 0 0 0 0 0 0 0
640 1600 224.0 26.45766 8483 110.0 10.09928 21.0 3.54626 74.0 11.96263 0 0 0 0 0 0 0 0 0 0
640 1680 209.0 26.44529 8504 95.0 12.949827 23.0 5.942654 106.0 4.39844 0 0 0 0 0 0 0 0 0 0
640 1760 190.0 49.16824 8432 93.0 29.928575 23.0 18.53711 80.0 14.36058 0 0 0 0 0 0 0 0 0 0
640 1840 187.0 27.66295 8599 89.0 6.735323 21.0 1.341433 73.0 12.49473 0 0 0 0 0 0 0 0 0 0
640 1920 205.0 29.975125 8587 93.0 6.292987 22.0 1.04089 85.0 7.246455 0 0 0 0 0 0 0 0 0 0
640 2000 200.0 26.5117 8468 89.0 18.07535 19.0 0.526905 96.0 7.00138 0 0 0 0 0 0 0 0 0 0
720 160 78.0 22.63847 7759 18.0 5.176835 1.0 0.170318 60.0 19.81453 0 0 0 0 0 0 0 0 0 0
720 240 247.0 53.10753 8746 56.0 10.756824 4.0 1.886268 319.0 58.59357 0 0 0 0 0 0 0 0 0 0
720 320 570.0 68.3174 8720 92.0 14.61401 7.0 1.15778 733.0 95.2778 0 0 0 0 0 0 0 0 0 0
720 400 831.0 109.4562 8641 193.0 35.84203 19.0 2.636052 813.0 95.5704 0 0 0 0 0 0 0 0 0 0
720 480 734.0 87.29596 8481 212.0 30.30124 25.0 3.313445 559.0 64.52064 0 0 0 0 0 0 0 0 0 0
720 560 608.0 82.18731 8458 209.0 27.63559 33.0 5.111844 323.0 35.53109 0 0 0 0 0 0 0 0 0 0
720 640 431.0 69.39754 8459 201.0 37.60966 41.0 4.391055 201.0 34.55955 0 0 0 0 0 0 0 0 0 0
720 720 391.0 97.6048 8593 207.0 47.81395 47.0 13.83209 119.0 27.5352 0 0 0 0 0 0 0 0 0 0
720 800 350.0 80.5184 8621 208.0 48.62407 58.0 15.44392 102.0 11.3939 0 0 0 0 0 0 0 0 0 0
720 880 325.0 41.31674 8662 195.0 20.09936 64.0 3.075929 83.0 6.3806 0 0 0 0 0 0 0 0 0 0
720 960 239.0 37.253976 8648 133.0 22.177866 37.0 4.81176 74.0 11.543454 0 0 0 0 0 0 0 0 0 0
720 1040 208.0 23.14745 8581 113.0 9.339776 38.0 2.675325 85.0 16.13704 0 0 0 0 0 0 0 0 0 0
720 1120 216.0 37.35935 8605 115.0 24.75494 39.0 8.065892 74.0 20.00242 0 0 0 0 0 0 0 0 0 0
720 1200 156.0 22.73164 8587 76.0 12.575572 23.0 0.487468 61.0 22.47042 0 0 0 0 0 0 0 0 0 0
720 1280 169.0 15.03563 8723 102.0 4.35445 22.0 1.555934 58.0 12.55122 0 0 0 0 0 0 0 0 0 0
720 1360 183.0 41.54414 8686 100.0 13.46173 30.0 1.564723 59.0 1.29966 0 0 0 0 0 0 0 0 0 0
720 1440 137.0 15.737373 8598 68.0 8.036695 22.0 6.181855 57.0 3.8647 0 0 0 0 0 0 0 0 0 0
720 1520 142.0 14.5693 8637 83.0 8.2697 26.0 1.822731 45.0 4.97447 0 0 0 0 0 0 0 0 0 0
720 1600 136.0 23.345538 8581 65.0 9.155197 17.0 5.071658 72.0 2.590652 0 0 0 0 0 0 0 0 0 0
720 1680 126.0 11.357997 8638 69.0 5.127329 19.0 1.947884 70.0 5.919226 0 0 0 0 0 0 0 0 0 0
720 1760 142.0 23.94592 8607 71.0 14.227878 22.0 2.847395 50.0 5.64699 0 0 0 0 0 0 0 0 0 0
720 1840 150.0 7.067214 8661 83.0 6.421658 26.0 3.175453 49.0 5.97113 0 0 0 0 0 0 0 0 0 0
720 1920 130.0 15.715455 8680 73.0 10.386355 26.0 1.681844 50.0 2.047611 0 0 0 0 0 0 0 0 0 0
720 2000 118.0 18.878994 8528 69.0 5.492068 17.0 5.221083 44.0 6.438891 0 0 0 0 0 0 0 0 0 0
800 160 61.0 29.141831 7933 17.0 8.433654 1.0 0.177191 49.0 27.750749 0 0 0 0 0 0 0 0 0 0
800 240 226.0 56.63998 8643 38.0 16.340781 5.0 4.265061 305.0 63.53632 0 0 0 0 0 0 0 0 0 0
800 320 392.0 61.5085 6210 70.0 19.05492 10.0 1.091966 492.0 62.9229 0 0 0 0 0 0 0 0 0 0
800 400 785.0 105.7296 8642 170.0 32.12062 13.0 6.177952 822.0 81.2113 0 0 0 0 0 0 0 0 0 0
800 480 638.0 88.2378 8526 194.0 23.74528 33.0 2.502527 507.0 58.5671 0 0 0 0 0 0 0 0 0 0
800 560 513.0 72.37068 8561 193.0 24.15244 37.0 1.79483 276.0 42.68775 0 0 0 0 0 0 0 0 0 0
800 640 325.0 55.27801 8478 129.0 30.42637 24.0 2.153739 174.0 23.89698 0 0 0 0 0 0 0 0 0 0
800 720 276.0 27.89679 8566 144.0 17.12168 42.0 4.266746 103.0 18.4751 0 0 0 0 0 0 0 0 0 0
800 800 187.0 57.42349 8652 111.0 28.194737 48.0 11.801939 73.0 14.20915 0 0 0 0 0 0 0 0 0 0
800 880 178.0 50.55866 8642 109.0 27.11823 35.0 7.729106 58.0 12.08439 0 0 0 0 0 0 0 0 0 0
800 960 153.0 29.76864 8589 77.0 22.86692 27.0 1.745161 45.0 5.60003 0 0 0 0 0 0 0 0 0 0
800 1040 158.0 19.89857 8680 96.0 17.82042 27.0 3.989451 58.0 8.46377 0 0 0 0 0 0 0 0 0 0
800 1120 122.0 20.553657 8459 66.0 12.58373 25.0 7.010146 40.0 6.225605 0 0 0 0 0 0 0 0 0 0
800 1200 124.0 30.44165 8717 66.0 20.34894 17.0 5.037323 57.0 8.63627 0 0 0 0 0 0 0 0 0 0
800 1280 104.0 31.61749 8745 61.0 16.226843 12.0 3.410389 57.0 3.68213 0 0 0 0 0 0 0 0 0 0
800 1360 99.0 21.85201 8683 63.0 16.258124 18.0 2.876099 39.0 7.84178 0 0 0 0 0 0 0 0 0 0
800 1440 80.0 16.05023 8673 44.0 9.456719 16.0 6.21462 35.0 2.15262 0 0 0 0 0 0 0 0 0 0
800 1520 95.0 5.707505 8671 51.0 1.902948 13.0 0.112 40.0 6.037836 0 0 0 0 0 0 0 0 0 0
800 1600 82.0 16.595297 8536 49.0 9.885997 15.0 0.209782 46.0 3.89855 0 0 0 0 0 0 0 0 0 0
800 1680 103.0 10.688627 8621 61.0 8.903327 25.0 1.508158 33.0 5.008144 0 0 0 0 0 0 0 0 0 0
800 1760 69.0 16.95052 8655 33.0 13.938296 12.0 9.584476 32.0 3.24112 0 0 0 0 0 0 0 0 0 0
800 1840 86.0 12.81258 8686 52.0 7.609416 13.0 1.17398 27.0 2.92046 0 0 0 0 0 0 0 0 0 0
800 1920 82.0 11.030306 8574 38.0 10.053716 16.0 8.649076 42.0 3.324214 0 0 0 0 0 0 0 0 0 0
800 2000 74.0 30.88078 8637 39.0 22.47524 12.0 15.1254 37.0 3.75403 0 0 0 0 0 0 0 0 0 0
880 160 47.0 15.96614 5423 9.0 3.79737 1.0 0.313822 43.0 10.64766 0 0 0 0 0 0 0 0 0 0
880 240 247.0 52.57417 8742 56.0 8.450005 6.0 0.592793 319.0 54.77523 0 0 0 0 0 0 0 0 0 0
880 320 204.0 34.0201 3769 38.0 5.52247 6.0 1.37736 302.0 39.5325 0 0 0 0 0 0 0 0 0 0
880 400 703.0 88.5116 8637 167.0 20.00432 17.0 2.145068 750.0 89.3283 0 0 0 0 0 0 0 0 0 0
880 480 572.0 68.32026 8456 180.0 15.87081 24.0 1.786184 468.0 57.22434 0 0 0 0 0 0 0 0 0 0
880 560 393.0 53.11255 8412 150.0 25.92911 29.0 4.50724 232.0 33.1062 0 0 0 0 0 0 0 0 0 0
880 640 194.0 39.69832 6064 82.0 18.23413 11.0 9.52596 103.0 22.44321 0 0 0 0 0 0 0 0 0 0
880 720 178.0 33.55527 8650 83.0 11.25899 19.0 1.907982 80.0 18.63097 0 0 0 0 0 0 0 0 0 0
880 800 125.0 34.2838 8769 65.0 18.594142 21.0 9.792674 73.0 7.41928 0 0 0 0 0 0 0 0 0 0
880 880 124.0 16.20334 8649 69.0 10.32678 27.0 0.751006 44.0 5.91784 0 0 0 0 0 0 0 0 0 0
880 960 104.0 25.13117 8507 64.0 21.84741 22.0 2.139961 23.0 9.28533 0 0 0 0 0 0 0 0 0 0
880 1040 81.0 7.629256 8718 42.0 2.948058 14.0 1.608789 36.0 2.75046 0 0 0 0 0 0 0 0 0 0
880 1120 97.0 10.831216 8623 45.0 9.751752 14.0 1.851495 39.0 2.03266 0 0 0 0 0 0 0 0 0 0
880 1200 50.0 9.961092 6126 29.0 0.405932 8.0 0.21059 22.0 3.870729 0 0 0 0 0 0 0 0 0 0
880 1280 65.0 18.23034 8650 44.0 10.25663 16.0 7.191327 44.0 2.54997 0 0 0 0 0 0 0 0 0 0
880 1360 69.0 6.730226 8708 35.0 1.669929 13.0 0.176268 29.0 7.032184 0 0 0 0 0 0 0 0 0 0
880 1440 70.0 6.125574 8676 36.0 4.093913 15.0 0.560561 36.0 6.871286 0 0 0 0 0 0 0 0 0 0
880 1520 52.0 11.251404 6149 26.0 6.919055 12.0 4.97033 25.0 4.205786 0 0 0 0 0 0 0 0 0 0
880 1600 46.0 7.396777 6174 21.0 5.554598 9.0 2.768 26.0 2.68902 0 0 0 0 0 0 0 0 0 0
880 1680 61.0 1.046916 8614 26.0 0.211848 6.0 0.014 31.0 2.493423 0 0 0 0 0 0 0 0 0 0
880 1760 31.0 8.04758 6193 15.0 1.036709 7.0 0.845323 15.0 3.02176 0 0 0 0 0 0 0 0 0 0
880 1840 68.0 11.300623 8806 27.0 10.213482 8.0 0.827182 22.0 2.587909 0 0 0 0 0 0 0 0 0 0
880 1920 39.0 5.692946 6068 19.0 5.664946 8.0 1.855411 20.0 4.31793 0 0 0 0 0 0 0 0 0 0
880 2000 39.0 4.98274 6173 23.0 0.75387 7.0 0.73987 14.0 1.860187 0 0 0 0 0 0 0 0 0 0
960 160 56.0 25.44439 7975 21.0 7.274033 4.0 2.232184 70.0 25.15912 0 0 0 0 0 0 0 0 0 0
960 240 175.0 35.63602 6347 27.0 6.2298 3.0 0.028 234.0 35.80298 0 0 0 0 0 0 0 0 0 0
960 320 374.0 49.5512 6253 57.0 12.64011 7.0 0.888587 487.0 50.4168 0 0 0 0 0 0 0 0 0 0
960 400 485.0 75.2616 6222 111.0 22.34904 12.0 2.858052 517.0 60.3499 0 0 0 0 0 0 0 0 0 0
960 480 404.0 51.3663 5995 103.0 10.97438 11.0 2.89439 309.0 49.7746 0 0 0 0 0 0 0 0 0 0
960 560 154.0 20.56659 3485 51.0 8.80902 9.0 0.867785 89.0 12.58691 0 0 0 0 0 0 0 0 0 0
960 640 181.0 29.4033 8708 71.0 11.09016 18.0 1.713526 121.0 19.0493 0 0 0 0 0 0 0 0 0 0
960 720 127.0 19.11863 8667 57.0 13.25909 13.0 0.976561 59.0 3.69053 0 0 0 0 0 0 0 0 0 0
960 800 61.0 17.72586 6127 36.0 16.25032 9.0 2.81834 30.0 4.18119 0 0 0 0 0 0 0 0 0 0
960 880 93.0 15.023995 8750 53.0 10.659402 18.0 4.63298 34.0 2.519875 0 0 0 0 0 0 0 0 0 0
960 960 82.0 12.33395 8706 50.0 10.7172 24.0 1.797028 41.0 0.882 0 0 0 0 0 0 0 0 0 0
960 1040 30.0 7.48074 3623 16.0 3.143039 6.0 0.186414 15.0 0.25153 0 0 0 0 0 0 0 0 0 0
960 1120 21.0 4.161175 3699 11.0 2.967605 6.0 1.79841 12.0 2.039965 0 0 0 0 0 0 0 0 0 0
960 1200 43.0 16.95342 6229 20.0 4.399266 3.0 0.492594 21.0 0.58713 0 0 0 0 0 0 0 0 0 0
960 1280 35.0 7.251612 6095 20.0 4.689672 11.0 0.840623 14.0 0.21897 0 0 0 0 0 0 0 0 0 0
960 1360 38.0 10.773484 6105 20.0 10.064 6.0 10.064 20.0 4.982944 0 0 0 0 0 0 0 0 0 0
960 1440 38.0 2.398436 6157 19.0 0.07 8.0 0.056 20.0 0.782424 0 0 0 0 0 0 0 0 0 0
960 1520 35.0 1.309043 8687 15.0 0.0 3.0 0.0 24.0 1.369334 0 0 0 0 0 0 0 0 0 0
960 1600 16.0 2.30114 3521 7.0 2.28714 2.0 1.02729 11.0 0.180976 0 0 0 0 0 0 0 0 0 0
960 1680 41.0 0.890715 8619 20.0 0.641054 4.0 0.271375 35.0 1.074975 0 0 0 0 0 0 0 0 0 0
960 1760 13.0 3.30349 3747 7.0 0.847779 2.0 0.17037 13.0 0.42642 0 0 0 0 0 0 0 0 0 0
960 1840 34.0 10.79412 8602 14.0 5.072171 3.0 0.0 29.0 0.19842 0 0 0 0 0 0 0 0 0 0
960 1920 29.0 10.549857 6098 14.0 7.323203 8.0 4.232133 21.0 0.848553 0 0 0 0 0 0 0 0 0 0
960 2000 33.0 1.691003 6153 15.0 0.573933 8.0 0.347216 14.0 0.184342 0 0 0 0 0 0 0 0 0 0
1040 160 26.0 7.264372 2931 4.0 1.340892 0.0 0.0 23.0 7.21866 0 0 0 0 0 0 0 0 0 0
1040 240 109.0 22.12196 3772 20.0 5.35465 2.0 0.170423 123.0 17.51574 0 0 0 0 0 0 0 0 0 0
1040 320 294.0 44.5595 5000 37.0 5.76153 2.0 1.35131 387.0 49.8608 0 0 0 0 0 0 0 0 0 0
1040 400 483.0 47.57865 6173 98.0 15.47598 13.0 3.666692 514.0 57.87205 0 0 0 0 0 0 0 0 0 0
1040 480 213.0 27.84693 3450 60.0 5.54514 8.0 1.664147 172.0 22.15517 0 0 0 0 0 0 0 0 0 0
1040 560 221.0 33.75577 6062 71.0 15.00201 11.0 2.108016 135.0 22.13053 0 0 0 0 0 0 0 0 0 0
1040 640 63.0 12.100551 3525 28.0 9.490726 7.0 0.386755 48.0 2.057669 0 0 0 0 0 0 0 0 0 0
1040 720 50.0 14.69862 3653 23.0 6.288563 4.0 0.0 18.0 4.27313 0 0 0 0 0 0 0 0 0 0
1040 800 57.0 8.54738 6249 24.0 6.25127 10.0 0.0 24.0 4.19713 0 0 0 0 0 0 0 0 0 0
1040 880 30.0 4.162567 3711 15.0 2.429077 4.0 0.170067 21.0 8.556963 0 0 0 0 0 0 0 0 0 0
1040 960 55.0 7.769676 6120 29.0 3.766128 12.0 0.576254 23.0 2.51086 0 0 0 0 0 0 0 0 0 0
1040 1040 10.0 1.99225 1273 4.0 1.99225 0.0 0.202453 5.0 0.1871 0 0 0 0 0 0 0 0 0 0
1040 1120 3.0 0.014 1145 2.0 0.014 2.0 0.0 3.0 0.0 0 0 0 0 0 0 0 0 0 0
1040 1200 35.0 9.647998 6106 17.0 7.633415 2.0 0.0 21.0 0.55414 0 0 0 0 0 0 0 0 0 0
1040 1280 42.0 13.337445 8624 21.0 7.235731 9.0 4.95568 24.0 0.74505 0 0 0 0 0 0 0 0 0 0
1040 1360 13.0 0.226457 3793 10.0 0.212457 4.0 0.0 13.0 0.0 0 0 0 0 0 0 0 0 0 0
1040 1440 26.0 0.795285 6147 13.0 0.194974 2.0 0.014 13.0 1.136213 0 0 0 0 0 0 0 0 0 0
1040 1520 29.0 2.966446 8716 9.0 2.586333 2.0 1.488483 18.0 0.1876 0 0 0 0 0 0 0 0 0 0
1040 1600 24.0 9.683144 6274 11.0 6.91488 4.0 4.52057 21.0 1.259805 0 0 0 0 0 0 0 0 0 0
1040 1680 20.0 3.92788 5000 8.0 3.18357 0.0 0.679785 14.0 0.1877 0 0 0 0 0 0 0 0 0 0
1040 1760 5.0 0.0 1170 1.0 0.0 1.0 0.0 3.0 0.0 0 0 0 0 0 0 0 0 0 0
1040 1840 26.0 2.315772 6273 7.0 1.49401 5.0 0.0 22.0 0.172951 0 0 0 0 0 0 0 0 0 0
1040 1920 24.0 0.628212 6326 13.0 0.211023 5.0 0.183023 15.0 0.014 0 0 0 0 0 0 0 0 0 0
1040 2000 15.0 0.673497 3665 8.0 0.301471 3.0 0.301471 12.0 0.214522 0 0 0 0 0 0 0 0 0 0
1120 160 18.0 6.304632 2948 5.0 2.97028 0.0 1.25173 22.0 7.97555 0 0 0 0 0 0 0 0 0 0
1120 240 140.0 27.3481 5000 22.0 3.596309 3.0 0.343574 191.0 28.5044 0 0 0 0 0 0 0 0 0 0
1120 320 228.0 30.51479 3744 37.0 5.16793 5.0 1.08803 304.0 31.18741 0 0 0 0 0 0 0 0 0 0
1120 400 514.0 60.57664 6210 104.0 14.68435 11.0 4.357594 528.0 53.05026 0 0 0 0 0 0 0 0 0 0
1120 480 206.0 31.9414 3434 49.0 13.65924 7.0 0.836817 161.0 24.5138 0 0 0 0 0 0 0 0 0 0
1120 560 229.0 27.74394 6022 73.0 12.417021 7.0 0.437711 128.0 16.08852 0 0 0 0 0 0 0 0 0 0
1120 640 105.0 16.14518 6259 51.0 6.43493 12.0 1.168562 73.0 6.40812 0 0 0 0 0 0 0 0 0 0
1120 720 65.0 6.92829 6028 25.0 3.228853 10.0 1.804575 35.0 2.407784 0 0 0 0 0 0 0 0 0 0
1120 800 76.0 9.65095 8676 38.0 5.16817 10.0 0.663653 39.0 2.607853 0 0 0 0 0 0 0 0 0 0
1120 880 34.0 6.59778 5000 19.0 2.507528 3.0 1.56161 20.0 1.00307 0 0 0 0 0 0 0 0 0 0
1120 960 4.0 0.191168 1136 2.0 0.014 1.0 0.0 6.0 0.0 0 0 0 0 0 0 0 0 0 0
1120 1040 24.0 0.356823 2500 9.0 0.356823 2.0 0.0 6.0 4.412897 0 0 0 0 0 0 0 0 0 0
1120 1120 24.0 3.903685 6223 9.0 3.035153 3.0 1.673413 17.0 0.939386 0 0 0 0 0 0 0 0 0 0
1120 1200 34.0 11.990037 8684 15.0 7.076569 5.0 1.78188 31.0 1.670523 0 0 0 0 0 0 0 0 0 0
1120 1280 14.0 0.81447 3776 9.0 0.561803 5.0 0.387091 12.0 1.897344 0 0 0 0 0 0 0 0 0 0
1120 1360 9.0 0.014 2499 5.0 0.0 2.0 0.0 10.0 0.53195 0 0 0 0 0 0 0 0 0 0
1120 1440 37.0 3.984491 8655 11.0 1.672698 4.0 0.014 22.0 1.41611 0 0 0 0 0 0 0 0 0 0
1120 1520 16.0 5.40025 6236 5.0 4.87078 2.0 0.0 23.0 0.449701 0 0 0 0 0 0 0 0 0 0
1120 1600 26.0 10.6091 6148 14.0 8.568601 5.0 0.639775 18.0 0.22919 0 0 0 0 0 0 0 0 0 0
1120 1680 21.0 3.14435 6178 6.0 0.986832 2.0 0.986832 8.0 1.93145 0 0 0 0 0 0 0 0 0 0
1120 1760 7.0 6.16046 2499 3.0 5.32221 1.0 5.32221 2.0 0.70769 0 0 0 0 0 0 0 0 0 0
1120 1840 20.0 0.912359 6084 8.0 0.538499 2.0 0.0 11.0 1.853041 0 0 0 0 0 0 0 0 0 0
1120 1920 6.0 1.228211 3782 2.0 1.214211 2.0 0.0 12.0 0.028 0 0 0 0 0 0 0 0 0 0
1120 2000 17.0 0.197388 4999 5.0 0.0 1.0 0.0 13.0 0.857999 0 0 0 0 0 0 0 0 0 0
1200 160 65.0 24.21084 7969 10.0 5.578379 1.0 1.546035 77.0  18.27611 0 0 0 0 0 0 0 0 155.0 155.0
1200 240 233.0 46.471 8817 35.0 5.054347 2.0 0.171928 332.0  48.8273 0 0 0 0 0 0 0 0 238.0 238.0
1200 320 59.0 17.0422 1340 6.0 2.76313 2.0 0.0 114.0 9.0552 0 0 0 0 0 0 0 0 0 0
1200 400 179.0 19.6193 2500 40.0 4.18181 3.0 1.01236 221.0 27.7298 0 0 0 0 0 0 0 0 0 0
1200 480 57.0 7.96057 1024 12.0 2.16957 2.0 0.349203 47.0 3.42193 0 0 0 0 0 0 0 0 0 0
1200 560 78.0 7.46684 2500 28.0 1.77253 4.0 0.429727 56.0 9.01766 0 0 0 0 0 0 0 0 0 0
1200 640 17.0 1.37383 1075 4.0 0.429366 2.0 0.014 9.0 1.58496 0 0 0 0 0 0 0 0 0 0
1200 720 7.0 1.25367 1117 1.0 0.632789 1.0 0.339462 2.0 0.0 0 0 0 0 0 0 0 0 0 0
1200 800 26.0 7.51016 2499 12.0 0.0 6.0 0.0 6.0 0.16991 0 0 0 0 0 0 0 0 0 0
1200 880 12.0 0.627481 3723 7.0 0.426601 6.0 0.0 11.0 0.827323 0 0 0 0 0 0 0 0 0 0
1200 960 8.0 0.333645 1212 2.0 0.0 1.0 0.0 4.0 0.213536 0 0 0 0 0 0 0 0 0 0
1200 1040 22.0 0.334771 6176 9.0 0.264771 3.0 0.0 23.0 1.517913 0 0 0 0 0 0 0 0 0 0
1200 1120 19.0 0.268055 3909 8.0 0.254055 1.0 0.0 5.0 0.288427 0 0 0 0 0 0 0 0 0 0
1200 1200 4.0 0.014 1160 2.0 0.0 0.0 0.0 8.0 0.0 0 0 0 0 0 0 0 0 0 0
1200 1280 22.0 6.36447 7497 6.0 6.17493 1.0 6.16093 22.0 1.264109 0 0 0 0 0 0 0 0 0 0
1200 1360 20.0 3.381 6107 5.0 0.0 1.0 0.0 11.0 0.373155 0 0 0 0 0 0 0 0 0 0
1200 1440 31.0 1.61863 8780 8.0 1.43232 6.0 0.014 20.0 0.294018 0 0 0 0 0 0 0 0 0 0
1200 1520 2.0 0.424051 2500 1.0 0.170144 0.0 0.0 8.0 0.415107 0 0 0 0 0 0 0 0 0 0
1200 1600 15.0 0.552963 3727 3.0 0.0 1.0 0.0 12.0 0.578682 0 0 0 0 0 0 0 0 0 0
1200 1680 33.0 6.163882 8608 12.0 0.223406 3.0 0.0 29.0 0.56023 0 0 0 0 0 0 0 0 0 0
1200 1760 33.0 4.404802 8628 10.0 1.74676 4.0 0.0 20.0 2.531745 0 0 0 0 0 0 0 0 0 0
1200 1840 28.0 1.769174 8793 12.0 0.208281 2.0 0.0 30.0 1.126356 0 0 0 0 0 0 0 0 0 0
1200 1920 25.0 0.184001 8758 8.0 0.014 3.0 0.014 25.0 1.234165 0 0 0 0 0 0 0 0 0 0
1200 2000 22.0 1.653585 8564 3.0 0.593409 1.0 0.0 20.0 1.86674 0 0 0 0 0 0 0 0 0 0
1280 160 66.0 13.76768 8009 17.0 5.513628 2.0 0.76554 67.0 17.26222 0 0 0 0 0 0 0 0 0 0
1280 240 217.0 49.90082 8619 31.0 8.550243 1.0 0.370599 344.0 47.31318 0 0 0 0 0 0 0 0 0 0
1280 320 487.0 70.507 8686 65.0 16.05278 3.0 2.521027 755.0 83.948 0 0 0 0 0 0 0 0 0 0
1280 400 641.0 79.17535 8570 129.0 15.70518 14.0 1.345614 724.0 77.51605 0 0 0 0 0 0 0 0 0 0
1280 480 498.0 49.0311 8444 103.0 10.3506 6.0 1.527587 392.0 43.8996 0 0 0 0 0 0 0 0 0 0
1280 560 286.0 29.41626 8566 78.0 7.52264 18.0 1.125205 197.0 18.32518 0 0 0 0 0 0 0 0 0 0
1280 640 129.0 19.5843 8511 53.0 6.990268 9.0 2.021184 88.0 9.93155 0 0 0 0 0 0 0 0 0 0
1280 720 80.0 13.688944 8589 31.0 10.500475 9.0 0.423749 56.0 9.805026 0 0 0 0 0 0 0 0 0 0
1280 800 43.0 12.72205 8751 22.0 3.889236 5.0 0.892803 36.0 1.97218 0 0 0 0 0 0 0 0 0 0
1280 880 31.0 5.236559 8634 12.0 0.980652 2.0 0.0 28.0 0.971027 0 0 0 0 0 0 0 0 0 0
1280 960 30.0 2.22437 8528 9.0 1.253309 2.0 0.0 31.0 5.881217 0 0 0 0 0 0 0 0 0 0
1280 1040 24.0 1.836765 8703 6.0 0.014 1.0 0.014 26.0 1.03271 0 0 0 0 0 0 0 0 0 0
1280 1120 24.0 4.930239 8833 9.0 4.584127 1.0 0.609999 20.0 1.06926 0 0 0 0 0 0 0 0 0 0
1280 1200 25.0 1.948939 8710 6.0 0.74714 3.0 0.0 31.0 1.120135 0 0 0 0 0 0 0 0 0 0
1280 1280 31.0 5.43216 8762 8.0 0.042 5.0 0.028 23.0 1.43001 0 0 0 0 0 0 0 0 0 0
1280 1360 32.0 0.659481 8676 6.0 0.17724 3.0 0.17724 28.0 0.184334 0 0 0 0 0 0 0 0 0 0
1280 1440 23.0 0.915002 8795 4.0 0.410708 1.0 0.396708 18.0 5.685797 0 0 0 0 0 0 0 0 0 0
1280 1520 29.0 3.01363 8676 6.0 1.40445 1.0 0.0 18.0 1.412316 0 0 0 0 0 0 0 0 0 0
1280 1600 21.0 1.624259 8714 8.0 1.431537 1.0 1.431537 30.0 0.78802 0 0 0 0 0 0 0 0 0 0
1280 1680 28.0 1.267815 8581 6.0 1.01207 2.0 0.0 25.0 0.222033 0 0 0 0 0 0 0 0 0 0
1280 1760 28.0 0.042 8770 13.0 0.014 3.0 0.014 24.0 2.385569 0 0 0 0 0 0 0 0 0 0
1280 1840 21.0 1.943284 8729 7.0 0.390777 3.0 0.205266 18.0 0.849412 0 0 0 0 0 0 0 0 0 0
1280 1920 32.0 0.750781 8757 11.0 0.014 4.0 0.0 20.0 0.640096 0 0 0 0 0 0 0 0 0 0
1280 2000 19.0 0.028 8531 5.0 0.0 1.0 0.0 22.0 0.608584 0 0 0 0 0 0 0 0 0 0
1360 160 73.0 21.71071 8143 17.0 7.16537 5.0 1.634635 62.0 18.22886 0 0 0 0 0 0 0 0 0 0
1360 240 230.0 45.88479 8526 31.0 8.885654 1.0 1.106548 320.0 52.07741 0 0 0 0 0 0 0 0 0 0
1360 320 464.0 73.3219 8633 70.0 11.48725 8.0 1.627131 718.0 85.2877 0 0 0 0 0 0 0 0 0 0
1360 400 622.0 73.83432 8691 120.0 15.55512 7.0 2.04536 726.0 82.19118 0 0 0 0 0 0 0 0 0 0
1360 480 467.0 53.21804 8507 127.0 17.66977 8.0 1.211809 444.0 43.26516 0 0 0 0 0 0 0 0 0 0
1360 560 285.0 37.12436 8615 84.0 13.98406 12.0 1.786544 181.0 25.67394 0 0 0 0 0 0 0 0 0 0
1360 640 117.0 31.1075 8745 49.0 8.119125 9.0 4.189607 90.0 9.24808 0 0 0 0 0 0 0 0 0 0
1360 720 82.0 11.62086 8693 42.0 4.10263 7.0 0.432387 38.0 11.4567 0 0 0 0 0 0 0 0 0 0
1360 800 40.0 5.831724 8646 12.0 2.449449 2.0 1.958227 30.0 0.70584 0 0 0 0 0 0 0 0 0 0
1360 880 29.0 1.889685 8728 12.0 0.726361 4.0 0.212967 28.0 0.39619 0 0 0 0 0 0 0 0 0 0
1360 960 32.0 1.531169 8622 15.0 1.30155 2.0 0.014 31.0 2.20346 0 0 0 0 0 0 0 0 0 0
1360 1040 18.0 1.301639 8688 8.0 0.185656 2.0 0.0 29.0 0.547987 0 0 0 0 0 0 0 0 0 0
1360 1120 24.0 13.521965 8820 7.0 12.026845 1.0 0.3572 20.0 0.384244 0 0 0 0 0 0 0 0 0 0
1360 1200 22.0 4.680389 8706 5.0 0.676499 1.0 0.676499 27.0 2.565559 0 0 0 0 0 0 0 0 0 0
1360 1280 29.0 0.755644 8601 6.0 0.548081 2.0 0.534081 27.0 0.354579 0 0 0 0 0 0 0 0 0 0
1360 1360 25.0 0.420148 8681 6.0 0.187469 2.0 0.014 24.0 1.848293 0 0 0 0 0 0 0 0 0 0
1360 1440 22.0 0.389533 8580 3.0 0.200124 0.0 0.186124 23.0 1.330477 0 0 0 0 0 0 0 0 0 0
1360 1520 28.0 2.195407 8671 12.0 0.581467 4.0 0.581467 28.0 0.734752 0 0 0 0 0 0 0 0 0 0
1360 1600 21.0 0.655498 8672 6.0 0.641498 1.0 0.627498 19.0 0.794448 0 0 0 0 0 0 0 0 0 0
1360 1680 28.0 2.874957 8851 13.0 0.178193 1.0 0.0 29.0 0.649608 0 0 0 0 0 0 0 0 0 0
1360 1760 24.0 2.65237 8691 9.0 1.20364 4.0 0.0 21.0 0.601712 0 0 0 0 0 0 0 0 0 0
1360 1840 26.0 4.289061 8711 9.0 2.267971 1.0 1.6673 23.0 1.025953 0 0 0 0 0 0 0 0 0 0
1360 1920 25.0 0.757765 8637 5.0 0.58072 2.0 0.56672 20.0 1.627541 0 0 0 0 0 0 0 0 0 0
1360 2000 13.0 1.110676 8718 4.0 0.185446 1.0 0.0 32.0 1.100512 0 0 0 0 0 0 0 0 0 0
1440 160 64.0 32.227202 8027 17.0 7.800082 1.0 1.316294 76.0 15.605228 0 0 0 0 0 0 0 0 0 0
1440 240 243.0 47.9601 8829 42.0 7.80216 6.0 0.295316 300.0 54.3757 0 0 0 0 0 0 0 0 0 0
1440 320 528.0 72.3444 8765 82.0 16.49632 5.0 1.158218 699.0 82.4978 0 0 0 0 0 0 0 0 0 0
1440 400 636.0 73.4389 8555 103.0 13.92435 8.0 1.28539 718.0 73.1253 0 0 0 0 0 0 0 0 0 0
1440 480 489.0 63.80804 8520 124.0 15.89973 16.0 1.644701 437.0 46.73686 0 0 0 0 0 0 0 0 0 0
1440 560 243.0 33.12281 8590 73.0 8.86118 11.0 0.568191 148.0 25.48067 0 0 0 0 0 0 0 0 0 0
1440 640 127.0 23.559472 8652 49.0 5.557719 13.0 1.044477 71.0 13.834778 0 0 0 0 0 0 0 0 0 0
1440 720 57.0 4.64637 8647 24.0 3.942338 3.0 0.586334 42.0 7.057561 0 0 0 0 0 0 0 0 0 0
1440 800 36.0 3.11283 8591 14.0 0.589743 2.0 0.575743 35.0 0.764882 0 0 0 0 0 0 0 0 0 0
1440 880 36.0 3.201346 8734 12.0 2.525187 3.0 1.3588 28.0 5.320094 0 0 0 0 0 0 0 0 0 0
1440 960 19.0 1.257386 8689 6.0 0.374155 2.0 0.0 26.0 0.780736 0 0 0 0 0 0 0 0 0 0
1440 1040 22.0 1.480819 8745 6.0 0.014 1.0 0.014 33.0 2.71723 0 0 0 0 0 0 0 0 0 0
1440 1120 31.0 2.817684 8653 11.0 2.45901 3.0 2.43101 24.0 3.353346 0 0 0 0 0 0 0 0 0 0
1440 1200 21.0 1.32358 8618 5.0 0.854131 2.0 0.0 20.0 4.286455 0 0 0 0 0 0 0 0 0 0
1440 1280 24.0 0.237583 8728 5.0 0.223583 0.0 0.0 27.0 1.578664 0 0 0 0 0 0 0 0 0 0
1440 1360 22.0 2.298765 8643 7.0 0.374279 1.0 0.0 26.0 2.021927 0 0 0 0 0 0 0 0 0 0
1440 1440 21.0 0.622881 8626 9.0 0.21436 1.0 0.0 22.0 3.894382 0 0 0 0 0 0 0 0 0 0
1440 1520 21.0 1.654921 8740 3.0 0.0 0.0 0.0 21.0 2.652817 0 0 0 0 0 0 0 0 0 0
1440 1600 22.0 2.460741 8604 2.0 0.186298 1.0 0.0 21.0 0.941142 0 0 0 0 0 0 0 0 0 0
1440 1680 29.0 8.108913 8714 6.0 6.91465 1.0 6.73636 32.0 0.462949 0 0 0 0 0 0 0 0 0 0
1440 1760 22.0 1.200482 8650 3.0 0.180868 0.0 0.0 23.0 0.419737 0 0 0 0 0 0 0 0 0 0
1440 1840 26.0 0.028 8728 8.0 0.014 0.0 0.0 27.0 0.247619 0 0 0 0 0 0 0 0 0 0
1440 1920 31.0 3.211381 8707 11.0 0.552427 0.0 0.0 21.0 0.922934 0 0 0 0 0 0 0 0 0 0
1440 2000 21.0 1.933199 8675 5.0 0.88129 0.0 0.0 27.0 0.816317 0 0 0 0 0 0 0 0 0 0
1520 160 78.0 22.82502 8154 23.0 8.658282 6.0 2.03495 74.0 15.68121 0 0 0 0 0 0 0 0 0 0
1520 240 234.0 48.92049 8674 34.0 8.330651 1.0 2.439147 310.0 42.26181 0 0 0 0 0 0 0 0 0 0
1520 320 466.0 76.7994 8803 62.0 12.70459 3.0 1.168899 674.0 90.7988 0 0 0 0 0 0 0 0 0 0
1520 400 611.0 88.9465 8730 116.0 21.32409 14.0 4.19773 709.0 80.0725 0 0 0 0 0 0 0 0 0 0
1520 480 458.0 55.2864 8469 108.0 14.57518 11.0 1.797919 428.0 63.8692 0 0 0 0 0 0 0 0 0 0
1520 560 260.0 28.21588 8501 76.0 11.7608 11.0 0.670434 171.0 22.24213 0 0 0 0 0 0 0 0 0 0
1520 640 114.0 19.3868 8663 35.0 7.801101 9.0 4.26811 82.0 5.8392 0 0 0 0 0 0 0 0 0 0
1520 720 57.0 14.75724 8834 16.0 4.921404 1.0 4.556104 39.0 2.40573 0 0 0 0 0 0 0 0 0 0
1520 800 33.0 9.191614 8701 14.0 6.290655 4.0 0.0 30.0 0.87324 0 0 0 0 0 0 0 0 0 0
1520 880 26.0 2.154847 8788 6.0 0.451509 1.0 0.0 28.0 9.915771 0 0 0 0 0 0 0 0 0 0
1520 960 17.0 3.136414 8762 7.0 1.05041 0.0 0.0 21.0 0.651941 0 0 0 0 0 0 0 0 0 0
1520 1040 38.0 3.820567 8707 14.0 0.775891 2.0 0.0 22.0 0.761041 0 0 0 0 0 0 0 0 0 0
1520 1120 25.0 8.17293 8830 8.0 7.86179 1.0 7.86179 30.0 1.195534 0 0 0 0 0 0 0 0 0 0
1520 1200 29.0 0.47807 8642 4.0 0.206756 0.0 0.206756 25.0 0.649414 0 0 0 0 0 0 0 0 0 0
1520 1280 24.0 0.368252 8727 5.0 0.191812 0.0 0.0 33.0 4.10807 0 0 0 0 0 0 0 0 0 0
1520 1360 13.0 0.446999 8634 2.0 0.014 0.0 0.014 20.0 0.557823 0 0 0 0 0 0 0 0 0 0
1520 1440 22.0 0.645742 8742 4.0 0.0 0.0 0.0 24.0 0.391768 0 0 0 0 0 0 0 0 0 0
1520 1520 23.0 3.960835 8729 3.0 3.669815 0.0 3.04253 18.0 1.655045 0 0 0 0 0 0 0 0 0 0
1520 1600 26.0 0.028 8721 6.0 0.0 0.0 0.0 25.0 0.585244 0 0 0 0 0 0 0 0 0 0
1520 1680 21.0 0.702565 8597 3.0 0.169855 1.0 0.0 26.0 0.658806 0 0 0 0 0 0 0 0 0 0
1520 1760 15.0 0.667849 8744 3.0 0.0 0.0 0.0 24.0 0.410959 0 0 0 0 0 0 0 0 0 0
1520 1840 16.0 0.929016 8639 3.0 0.350702 2.0 0.0 24.0 3.180177 0 0 0 0 0 0 0 0 0 0
1520 1920 30.0 1.38129 8675 8.0 0.014 2.0 0.0 35.0 0.762028 0 0 0 0 0 0 0 0 0 0
1520 2000 25.0 0.27696 8674 8.0 0.26296 0.0 0.0 32.0 1.024886 0 0 0 0 0 0 0 0 0 0
1600 160 83.0 19.943753 8010 25.0 5.368983 1.0 0.646745 63.0 17.786253 0 0 0 0 0 0 0 0 0 0
1600 240 208.0 46.44864 8695 35.0 9.84738 5.0 1.258327 287.0 46.21492 0 0 0 0 0 0 0 0 0 0
1600 320 457.0 68.6958 8834 63.0 11.29629 3.0 0.967495 710.0 78.5052 0 0 0 0 0 0 0 0 0 0
1600 400 608.0 75.22805 8706 123.0 16.33025 10.0 1.924183 734.0 81.79725 0 0 0 0 0 0 0 0 0 0
1600 480 489.0 75.58804 8543 117.0 21.15445 15.0 2.48448 407.0 52.24046 0 0 0 0 0 0 0 0 0 0
1600 560 265.0 27.06719 8558 78.0 9.43378 13.0 0.028 176.0 21.80288 0 0 0 0 0 0 0 0 0 0
1600 640 121.0 15.40039 8663 39.0 4.106516 13.0 0.433619 80.0 7.33037 0 0 0 0 0 0 0 0 0 0
1600 720 62.0 8.957524 8629 25.0 2.685403 8.0 0.511562 45.0 6.553416 0 0 0 0 0 0 0 0 0 0
1600 800 32.0 0.980279 8704 11.0 0.725609 0.0 0.34285 38.0 2.15107 0 0 0 0 0 0 0 0 0 0
1600 880 38.0 0.584356 8748 15.0 0.340397 4.0 0.0 31.0 2.262174 0 0 0 0 0 0 0 0 0 0
1600 960 23.0 0.421491 8794 7.0 0.250485 1.0 0.0 25.0 2.379436 0 0 0 0 0 0 0 0 0 0
1600 1040 27.0 0.433851 8537 5.0 0.419851 1.0 0.0 25.0 0.644323 0 0 0 0 0 0 0 0 0 0
1600 1120 21.0 1.307801 8596 7.0 0.36241 1.0 0.0 31.0 0.216435 0 0 0 0 0 0 0 0 0 0
1600 1200 18.0 0.235824 8668 4.0 0.221824 1.0 0.0 26.0 0.185101 0 0 0 0 0 0 0 0 0 0
1600 1280 20.0 1.434264 8812 3.0 0.684203 1.0 0.0 34.0 1.57407 0 0 0 0 0 0 0 0 0 0
1600 1360 19.0 0.014 8555 6.0 0.014 0.0 0.0 21.0 0.188787 0 0 0 0 0 0 0 0 0 0
1600 1440 20.0 1.105087 8708 6.0 0.296706 0.0 0.282706 30.0 0.248826 0 0 0 0 0 0 0 0 0 0
1600 1520 20.0 0.368036 8568 1.0 0.0 0.0 0.0 31.0 1.354037 0 0 0 0 0 0 0 0 0 0
1600 1600 19.0 1.71763 8763 6.0 1.70363 1.0 0.0 24.0 0.802423 0 0 0 0 0 0 0 0 0 0
1600 1680 23.0 1.088782 8645 5.0 0.577902 0.0 0.0 29.0 1.693761 0 0 0 0 0 0 0 0 0 0
1600 1760 19.0 1.084007 8652 6.0 0.66174 2.0 0.0 29.0 0.366103 0 0 0 0 0 0 0 0 0 0
1600 1840 22.0 1.109709 8706 9.0 0.331227 2.0 0.0 27.0 1.229869 0 0 0 0 0 0 0 0 0 0
1600 1920 21.0 6.484981 8723 8.0 0.957694 1.0 0.957694 27.0 0.549947 0 0 0 0 0 0 0 0 0 0
1600 2000 22.0 1.381297 8761 7.0 0.014 1.0 0.014 30.0 0.206532 0 0 0 0 0 0 0 0 0 0
1680 160 72.0 19.0317 8157 17.0 5.232702 2.0 0.636282 67.0 15.30396 0 0 0 0 0 0 0 0 0 0
1680 240 247.0 48.40534 8836 34.0 11.57538 5.0 0.847296 304.0 53.72656 0 0 0 0 0 0 0 0 0 0
1680 320 489.0 63.15304 8812 76.0 9.96439 7.0 0.788469 712.0 83.86586 0 0 0 0 0 0 0 0 0 0
1680 400 646.0 78.91216 8685 114.0 20.3841 8.0 2.085228 739.0 76.96934 0 0 0 0 0 0 0 0 0 0
1680 480 437.0 51.35119 8675 86.0 14.26186 6.0 0.726948 473.0 50.74021 0 0 0 0 0 0 0 0 0 0
1680 560 257.0 25.39918 8591 76.0 9.168002 7.0 1.897236 181.0 26.72398 0 0 0 0 0 0 0 0 0 0
1680 640 129.0 17.10806 8649 43.0 8.247501 5.0 0.793365 87.0 11.10115 0 0 0 0 0 0 0 0 0 0
1680 720 65.0 7.88946 8684 23.0 0.994851 5.0 0.0 39.0 7.28109 0 0 0 0 0 0 0 0 0 0
1680 800 36.0 1.597131 8747 12.0 0.462009 2.0 0.448009 31.0 7.166023 0 0 0 0 0 0 0 0 0 0
1680 880 28.0 1.581625 8747 8.0 0.357438 0.0 0.0 27.0 0.733159 0 0 0 0 0 0 0 0 0 0
1680 960 24.0 0.576974 8677 6.0 0.393127 2.0 0.0 29.0 1.333752 0 0 0 0 0 0 0 0 0 0
1680 1040 18.0 1.329532 8747 4.0 0.789082 0.0 0.0 25.0 0.654588 0 0 0 0 0 0 0 0 0 0
1680 1120 22.0 1.279822 8549 3.0 0.648627 0.0 0.0 30.0 0.662055 0 0 0 0 0 0 0 0 0 0
1680 1200 35.0 2.390547 8656 9.0 2.187473 1.0 0.176561 29.0 0.741009 0 0 0 0 0 0 0 0 0 0
1680 1280 18.0 0.834622 8704 5.0 0.381812 1.0 0.0 34.0 0.170941 0 0 0 0 0 0 0 0 0 0
1680 1360 16.0 0.283404 8683 4.0 0.014 2.0 0.0 23.0 0.252738 0 0 0 0 0 0 0 0 0 0
1680 1440 28.0 1.47518 8687 10.0 0.968257 1.0 0.180558 33.0 0.713068 0 0 0 0 0 0 0 0 0 0
1680 1520 26.0 9.87269 8566 8.0 0.0 1.0 0.0 25.0 0.346889 0 0 0 0 0 0 0 0 0 0
1680 1600 19.0 0.206612 8582 5.0 0.014 2.0 0.014 26.0 1.557704 0 0 0 0 0 0 0 0 0 0
1680 1680 21.0 2.17756 8654 5.0 0.189766 1.0 0.0 31.0 0.714696 0 0 0 0 0 0 0 0 0 0
1680 1760 21.0 0.521458 8673 1.0 0.177575 0.0 0.0 28.0 1.342228 0 0 0 0 0 0 0 0 0 0
1680 1840 17.0 0.429432 8669 6.0 0.22201 0.0 0.0 26.0 1.367819 0 0 0 0 0 0 0 0 0 0
1680 1920 28.0 0.813634 8690 9.0 0.0 0.0 0.0 27.0 1.444981 0 0 0 0 0 0 0 0 0 0
1680 2000 32.0 1.591652 8464 7.0 0.0 0.0 0.0 22.0 0.751918 0 0 0 0 0 0 0 0 0 0
1760 160 59.0 20.652754 8201 16.0 6.638786 3.0 2.447083 86.0 17.006726 0 0 0 0 0 0 0 0 0 0
1760 240 227.0 47.10925 8726 35.0 10.410986 4.0 0.599953 304.0 55.75225 0 0 0 0 0 0 0 0 0 0
1760 320 484.0 77.25 8733 70.0 15.14742 6.0 1.525466 688.0 66.4211 0 0 0 0 0 0 0 0 0 0
1760 400 683.0 71.55177 8685 113.0 13.67567 6.0 1.521304 733.0 70.79673 0 0 0 0 0 0 0 0 0 0
1760 480 464.0 61.74542 8620 107.0 12.28476 4.0 2.452827 363.0 42.46658 0 0 0 0 0 0 0 0 0 0
1760 560 261.0 25.76615 8480 74.0 8.366886 6.0 0.404466 161.0 18.87294 0 0 0 0 0 0 0 0 0 0
1760 640 127.0 15.58891 8526 38.0 4.778542 3.0 1.862444 87.0 9.14781 0 0 0 0 0 0 0 0 0 0
1760 720 72.0 9.1129 8679 29.0 3.234202 4.0 0.014 46.0 4.13006 0 0 0 0 0 0 0 0 0 0
1760 800 38.0 6.257724 8628 16.0 0.563686 3.0 0.0 39.0 1.266345 0 0 0 0 0 0 0 0 0 0
1760 880 28.0 3.167457 8685 6.0 1.389215 1.0 0.63476 27.0 1.933973 0 0 0 0 0 0 0 0 0 0
1760 960 21.0 5.97318 8632 5.0 4.62842 0.0 0.0 27.0 0.741209 0 0 0 0 0 0 0 0 0 0
1760 1040 25.0 0.014 8763 11.0 0.014 2.0 0.0 26.0 1.32609 0 0 0 0 0 0 0 0 0 0
1760 1120 18.0 0.603634 8674 3.0 0.201485 0.0 0.0 32.0 1.01499 0 0 0 0 0 0 0 0 0 0
1760 1200 26.0 0.17699 8638 3.0 0.0 0.0 0.0 22.0 0.461372 0 0 0 0 0 0 0 0 0 0
1760 1280 25.0 0.448858 8734 5.0 0.203142 0.0 0.0 29.0 0.489022 0 0 0 0 0 0 0 0 0 0
1760 1360 22.0 0.569025 8637 5.0 0.0 2.0 0.0 25.0 0.850539 0 0 0 0 0 0 0 0 0 0
1760 1440 19.0 1.061314 8791 2.0 0.642966 0.0 0.213712 30.0 0.381607 0 0 0 0 0 0 0 0 0 0
1760 1520 30.0 0.574089 8582 4.0 0.0 0.0 0.0 25.0 1.040253 0 0 0 0 0 0 0 0 0 0
1760 1600 28.0 0.950733 8743 5.0 0.0 0.0 0.0 29.0 0.835867 0 0 0 0 0 0 0 0 0 0
1760 1680 18.0 1.065323 8640 3.0 0.208766 1.0 0.028 25.0 1.218505 0 0 0 0 0 0 0 0 0 0
1760 1760 27.0 0.042 8701 9.0 0.028 0.0 0.0 29.0 0.197854 0 0 0 0 0 0 0 0 0 0
1760 1840 18.0 0.028 8677 3.0 0.0 0.0 0.0 22.0 0.477067 0 0 0 0 0 0 0 0 0 0
1760 1920 25.0 1.59602 8668 6.0 1.23465 0.0 1.23465 19.0 0.585045 0 0 0 0 0 0 0 0 0 0
1760 2000 18.0 0.586869 8724 3.0 0.172786 0.0 0.0 39.0 0.698891 0 0 0 0 0 0 0 0 0 0
1840 160 67.0 27.23244 8263 18.0 2.553622 1.0 0.598607 71.0 25.81587 0 0 0 0 0 0 0 0 0 0
1840 240 221.0 52.93511 8713 35.0 7.48819 0.0 1.061092 315.0 60.61419 0 0 0 0 0 0 0 0 0 0
1840 320 499.0 72.26483 8789 70.0 12.64211 3.0 2.07628 668.0 78.11077 0 0 0 0 0 0 0 0 0 0
1840 400 625.0 73.84499 8519 101.0 18.02961 10.0 2.038713 712.0 78.34691 0 0 0 0 0 0 0 0 0 0
1840 480 458.0 69.07001 8489 118.0 29.23265 10.0 0.435471 449.0 56.52189 0 0 0 0 0 0 0 0 0 0
1840 560 240.0 22.87674 8524 66.0 10.055917 5.0 2.530464 170.0 18.18566 0 0 0 0 0 0 0 0 0 0
1840 640 120.0 22.682839 8665 38.0 6.597029 4.0 1.810828 80.0 18.000794 0 0 0 0 0 0 0 0 0 0
1840 720 75.0 9.25803 8763 25.0 5.717003 3.0 0.434943 48.0 5.17329 0 0 0 0 0 0 0 0 0 0
1840 800 43.0 3.060602 8735 13.0 1.126012 2.0 0.014 20.0 3.811427 0 0 0 0 0 0 0 0 0 0
1840 880 43.0 3.143586 8655 16.0 0.726693 2.0 0.36098 21.0 1.317558 0 0 0 0 0 0 0 0 0 0
1840 960 24.0 0.713821 8640 9.0 0.657821 3.0 0.014 33.0 0.682243 0 0 0 0 0 0 0 0 0 0
1840 1040 27.0 1.08712 8797 6.0 0.236631 1.0 0.0 35.0 0.771584 0 0 0 0 0 0 0 0 0 0
1840 1120 30.0 0.642317 8728 8.0 0.211067 2.0 0.0 23.0 0.788253 0 0 0 0 0 0 0 0 0 0
1840 1200 29.0 1.231474 8779 7.0 0.014 1.0 0.014 33.0 1.394716 0 0 0 0 0 0 0 0 0 0
1840 1280 19.0 0.744235 8809 10.0 0.571306 3.0 0.0 23.0 1.628926 0 0 0 0 0 0 0 0 0 0
1840 1360 28.0 0.5659 8654 6.0 0.171157 1.0 0.0 18.0 1.399394 0 0 0 0 0 0 0 0 0 0
1840 1440 17.0 0.216176 8655 4.0 0.0 1.0 0.0 29.0 1.520769 0 0 0 0 0 0 0 0 0 0
1840 1520 25.0 0.534647 8581 8.0 0.360975 1.0 0.014 33.0 1.220484 0 0 0 0 0 0 0 0 0 0
1840 1600 23.0 0.970632 8593 3.0 0.576903 1.0 0.0 22.0 1.079252 0 0 0 0 0 0 0 0 0 0
1840 1680 21.0 1.157392 8729 3.0 0.198384 1.0 0.0 28.0 1.296435 0 0 0 0 0 0 0 0 0 0
1840 1760 15.0 0.937367 8764 6.0 0.169977 0.0 0.0 25.0 0.202736 0 0 0 0 0 0 0 0 0 0
1840 1840 29.0 0.403037 8654 9.0 0.0 0.0 0.0 28.0 1.893006 0 0 0 0 0 0 0 0 0 0
1840 1920 28.0 1.04109 8715 7.0 0.176003 1.0 0.0 26.0 0.50836 0 0 0 0 0 0 0 0 0 0
1840 2000 21.0 1.044777 8715 5.0 0.182905 1.0 0.0 27.0 0.704434 0 0 0 0 0 0 0 0 0 0
1920 160 68.0 24.29731 8306 21.0 8.473648 6.0 1.07722 67.0 19.80989 0 0 0 0 0 0 0 0 0 0
1920 240 267.0 45.41763 8746 47.0 5.364284 7.0 0.0 285.0 57.75637 0 0 0 0 0 0 0 0 0 0
1920 320 520.0 74.76995 8801 64.0 15.8441 2.0 0.789863 728.0 78.31735 0 0 0 0 0 0 0 0 0 0
1920 400 597.0 75.7455 8575 105.0 21.46422 7.0 2.023997 769.0 82.8862 0 0 0 0 0 0 0 0 0 0
1920 480 488.0 68.1862 8515 108.0 21.44217 8.0 3.75007 406.0 46.3358 0 0 0 0 0 0 0 0 0 0
1920 560 252.0 27.59347 8517 65.0 8.466236 9.0 0.0 201.0 22.8234 0 0 0 0 0 0 0 0 0 0
1920 640 111.0 9.04174 8606 33.0 4.695614 5.0 0.479337 97.0 6.93261 0 0 0 0 0 0 0 0 0 0
1920 720 49.0 5.851224 8652 15.0 2.172781 1.0 0.0 57.0 1.817216 0 0 0 0 0 0 0 0 0 0
1920 800 46.0 5.309513 8761 20.0 1.245124 2.0 0.014 32.0 0.910495 0 0 0 0 0 0 0 0 0 0
1920 880 29.0 2.584284 8649 6.0 0.589527 2.0 0.0 25.0 1.558364 0 0 0 0 0 0 0 0 0 0
1920 960 32.0 1.460173 8647 6.0 0.379668 2.0 0.0 35.0 1.872535 0 0 0 0 0 0 0 0 0 0
1920 1040 20.0 0.014 8712 4.0 0.0 0.0 0.0 18.0 2.291217 0 0 0 0 0 0 0 0 0 0
1920 1120 29.0 0.547219 8612 9.0 0.0 2.0 0.0 26.0 1.837442 0 0 0 0 0 0 0 0 0 0
1920 1200 25.0 0.565628 8675 3.0 0.014 0.0 0.0 26.0 0.702645 0 0 0 0 0 0 0 0 0 0
1920 1280 23.0 0.98336 8701 4.0 0.431477 0.0 0.0 30.0 0.782293 0 0 0 0 0 0 0 0 0 0
1920 1360 28.0 0.551174 8728 6.0 0.0 1.0 0.0 24.0 0.991944 0 0 0 0 0 0 0 0 0 0
1920 1440 21.0 1.250643 8564 5.0 0.0 2.0 0.0 29.0 0.529306 0 0 0 0 0 0 0 0 0 0
1920 1520 21.0 1.391042 8535 5.0 0.40549 1.0 0.234562 28.0 0.18607 0 0 0 0 0 0 0 0 0 0
1920 1600 24.0 0.421686 8591 5.0 0.237888 2.0 0.0 22.0 2.378162 0 0 0 0 0 0 0 0 0 0
1920 1680 19.0 0.714676 8708 7.0 0.513539 1.0 0.242373 14.0 1.363591 0 0 0 0 0 0 0 0 0 0
1920 1760 27.0 0.368817 8701 4.0 0.014 0.0 0.0 32.0 0.547915 0 0 0 0 0 0 0 0 0 0
1920 1840 25.0 0.708825 8637 6.0 0.0 0.0 0.0 20.0 1.535646 0 0 0 0 0 0 0 0 0 0
1920 1920 24.0 0.350878 8688 2.0 0.0 0.0 0.0 29.0 0.511311 0 0 0 0 0 0 0 0 0 0
1920 2000 22.0 3.43978 8662 6.0 1.222 1.0 0.0 28.0 1.078354 0 0 0 0 0 0 0 0 0 0
2000 160 64.0 21.87718 8245 17.0 5.80137 0.0 2.990063 67.0 13.53046 0 0 0 0 0 0 0 0 0 0
2000 240 235.0 52.11462 8793 41.0 14.01775 2.0 2.22367 332.0 52.30828 0 0 0 0 0 0 0 0 0 0
2000 320 465.0 70.43315 8745 57.0 17.33683 1.0 0.453484 702.0 77.97675 0 0 0 0 0 0 0 0 0 0
2000 400 657.0 73.3951 8714 108.0 16.29179 3.0 1.378574 772.0 89.5769 0 0 0 0 0 0 0 0 0 0
2000 480 490.0 62.60329 8584 113.0 14.804115 11.0 1.950457 435.0 55.17921 0 0 0 0 0 0 0 0 0 0
2000 560 239.0 32.42284 8612 72.0 14.10858 6.0 0.502366 198.0 20.04445 0 0 0 0 0 0 0 0 0 0
2000 640 96.0 11.00503 8675 39.0 5.410764 5.0 1.50717 71.0 8.7229 0 0 0 0 0 0 0 0 0 0
2000 720 71.0 10.91367 8657 27.0 7.103912 2.0 2.49774 38.0 11.23326 0 0 0 0 0 0 0 0 0 0
2000 800 23.0 10.61174 8816 7.0 8.992554 0.0 1.307228 36.0 3.34729 0 0 0 0 0 0 0 0 0 0
2000 880 37.0 1.40871 8583 8.0 0.200143 1.0 0.014 12.0 3.97979 0 0 0 0 0 0 0 0 0 0
2000 960 23.0 1.22709 8526 4.0 0.412075 1.0 0.014 21.0 1.757181 0 0 0 0 0 0 0 0 0 0
2000 1040 35.0 0.744828 8626 8.0 0.357299 2.0 0.0 28.0 1.6412 0 0 0 0 0 0 0 0 0 0
2000 1120 20.0 1.857036 8670 4.0 0.648788 2.0 0.0 27.0 2.155908 0 0 0 0 0 0 0 0 0 0
2000 1200 27.0 1.772018 8703 4.0 0.998711 1.0 0.742247 33.0 3.094112 0 0 0 0 0 0 0 0 0 0
2000 1280 27.0 0.014 8699 9.0 0.014 1.0 0.014 32.0 1.240075 0 0 0 0 0 0 0 0 0 0
2000 1360 26.0 1.491761 8648 4.0 0.0 0.0 0.0 34.0 1.114779 0 0 0 0 0 0 0 0 0 0
2000 1440 21.0 0.224101 8731 2.0 0.014 0.0 0.0 18.0 0.246936 0 0 0 0 0 0 0 0 0 0
2000 1520 17.0 0.240069 8528 4.0 0.240069 0.0 0.014 20.0 1.135836 0 0 0 0 0 0 0 0 0 0
2000 1600 25.0 1.421191 8655 3.0 0.0 0.0 0.0 33.0 0.353868 0 0 0 0 0 0 0 0 0 0
2000 1680 24.0 0.37145 8764 5.0 0.0 1.0 0.0 33.0 0.839189 0 0 0 0 0 0 0 0 0 0
2000 1760 20.0 0.249721 8661 6.0 0.0 0.0 0.0 19.0 0.475104 0 0 0 0 0 0 0 0 0 0
2000 1840 24.0 0.65186 8618 3.0 0.0 0.0 0.0 31.0 0.698477 0 0 0 0 0 0 0 0 0 0
2000 1920 18.0 0.751466 8616 7.0 0.014 0.0 0.0 29.0 0.311351 0 0 0 0 0 0 0 0 0 0
2000 2000 11.0 1.047202 8696 3.0 0.014 0.0 0.0 20.0 0.711864 0 0 0 0 0 0 0 0 0 0
