400 400 1421.0 468.5473 15000 968.0 338.7544 286.0 118.76019 205.0 60.6918 0 0 0 0 0 0 0 0
400 480 2087.0 449.0198 13639 1335.0 319.3753 346.0 132.6234 325.0 62.8188 0 0 0 0 0 0 0 0
400 560 1964.0 432.1048 12739 1262.0 312.322 340.0 114.01003 329.0 53.0686 0 0 0 0 0 0 0 0
400 640 1754.0 425.7628 12038 1172.0 314.9842 342.0 118.4577 302.0 70.9845 0 0 0 0 0 0 0 0
400 720 1852.0 469.33954 12640 1260.0 339.65969 377.0 137.651924 282.0 47.5896 0 0 0 0 0 0 0 0
400 800 1486.0 400.0141 11905 1021.0 291.5734 302.0 133.5452 217.0 43.6993 0 0 0 0 0 0 0 0
400 880 1393.0 338.3687 11655 964.0 248.3971 294.0 143.0714 198.0 63.7688 0 0 0 0 0 0 0 0
400 960 1328.0 329.0646 11876 941.0 233.5624 298.0 84.8908 173.0 38.1945 0 0 0 0 0 0 0 0
400 1040 1335.0 363.8196 11975 912.0 264.1572 261.0 131.816 206.0 35.0314 0 0 0 0 0 0 0 0
400 1120 1222.0 319.3275 11946 824.0 243.1323 262.0 108.23377 186.0 57.3444 0 0 0 0 0 0 0 0
400 1200 1261.0 335.6133 12141 839.0 245.67 265.0 73.61079 186.0 24.5557 0 0 0 0 0 0 0 0
400 1280 1198.0 328.9206 12305 804.0 253.779 236.0 131.0705 205.0 44.1909 0 0 0 0 0 0 0 0
400 1360 1261.0 326.7016 12016 813.0 242.719 263.0 107.7025 231.0 31.0167 0 0 0 0 0 0 0 0
400 1440 1291.0 306.3054 12223 888.0 206.1925 247.0 83.984 209.0 31.1858 0 0 0 0 0 0 0 0
400 1520 1235.0 285.232 12328 838.0 222.9986 259.0 91.0543 188.0 50.1504 0 0 0 0 0 0 0 0
400 1600 1263.0 320.4501 12233 865.0 233.1019 221.0 95.0012 201.0 37.6581 0 0 0 0 0 0 0 0
400 1680 1252.0 270.71135 12556 839.0 189.64445 222.0 65.15244 199.0 35.75912 0 0 0 0 0 0 0 0
400 1760 1225.0 291.2108 12473 844.0 212.9145 233.0 90.61864 186.0 45.4662 0 0 0 0 0 0 0 0
400 1840 1292.0 298.5785 12316 843.0 236.5331 253.0 100.5037 220.0 35.1569 0 0 0 0 0 0 0 0
400 1920 1262.0 293.92337 12728 867.0 221.95202 213.0 103.821497 228.0 33.03 0 0 0 0 0 0 0 0
400 2000 1304.0 302.22071 12615 870.0 231.14808 230.0 99.77079 161.0 44.87154 0 0 0 0 0 0 0 0
480 400 1543.0 471.971 10976 1019.0 340.0801 254.0 125.24183 275.0 60.5912 0 0 0 0 0 0 0 0
480 480 3439.0 715.069 15000 2184.0 512.7034 502.0 166.2802 575.0 117.455 0 0 0 0 0 0 0 0
480 560 3597.0 620.6913 13050 2279.0 455.7157 537.0 168.2931 626.0 83.7553 0 0 0 0 0 0 0 0
480 640 3544.0 525.57393 12581 2247.0 402.75523 548.0 159.752933 598.0 97.23768 0 0 0 0 0 0 0 0
480 720 3333.0 487.0125 12060 2150.0 369.1186 536.0 137.9263 537.0 49.3936 0 0 0 0 0 0 0 0
480 800 3123.0 479.335 11649 2083.0 351.0265 570.0 137.6024 522.0 66.5747 0 0 0 0 0 0 0 0
480 880 3063.0 468.3648 11755 2015.0 354.2965 517.0 156.2041 484.0 50.5851 0 0 0 0 0 0 0 0
480 960 3007.0 512.9153 11609 1929.0 399.7204 505.0 218.9995 484.0 55.1006 0 0 0 0 0 0 0 0
480 1040 2940.0 436.8326 12256 1942.0 323.5474 483.0 140.6444 500.0 56.5261 0 0 0 0 0 0 0 0
480 1120 2764.0 414.4962 11527 1824.0 300.064 489.0 135.4652 484.0 53.3309 0 0 0 0 0 0 0 0
480 1200 2745.0 438.4714 11490 1820.0 335.211 465.0 141.547 500.0 48.7997 0 0 0 0 0 0 0 0
480 1280 2822.0 465.4144 11975 1841.0 338.3065 446.0 141.7307 483.0 37.064 0 0 0 0 0 0 0 0
480 1360 2934.0 447.9033 12282 1892.0 316.6109 477.0 99.4852 458.0 49.3383 0 0 0 0 0 0 0 0
480 1440 2839.0 449.6435 12181 1882.0 326.7325 452.0 105.8045 475.0 44.7075 0 0 0 0 0 0 0 0
480 1520 2848.0 446.0888 11859 1815.0 347.4903 457.0 176.3354 485.0 35.1313 0 0 0 0 0 0 0 0
480 1600 2759.0 431.5355 11686 1775.0 333.9721 467.0 154.5083 474.0 47.2457 0 0 0 0 0 0 0 0
480 1680 2844.0 430.897 12175 1881.0 304.023 482.0 110.8624 501.0 41.5946 0 0 0 0 0 0 0 0
480 1760 2900.0 424.3347 12159 1875.0 316.7645 496.0 148.0426 470.0 63.123 0 0 0 0 0 0 0 0
480 1840 2695.0 475.3595 11627 1778.0 356.0984 459.0 170.4815 455.0 45.3385 0 0 0 0 0 0 0 0
480 1920 2758.0 449.7948 11632 1759.0 353.2808 468.0 135.7089 440.0 46.13 0 0 0 0 0 0 0 0
480 2000 2795.0 436.0595 11762 1802.0 320.753 466.0 121.7399 454.0 37.5925 0 0 0 0 0 0 0 0
560 400 1584.0 487.3319 11135 1012.0 322.6596 264.0 127.5783 273.0 65.7386 0 0 0 0 0 0 0 0
560 480 2867.0 715.1683 11356 1820.0 517.2426 402.0 150.4615 501.0 98.0865 0 0 0 0 0 0 0 0
560 560 4562.0 884.326 15000 2922.0 653.8798 765.0 252.4264 729.0 101.758 0 0 0 0 0 0 0 0
560 640 4199.0 591.733 12387 2645.0 438.696 718.0 164.4105 661.0 72.168 0 0 0 0 0 0 0 0
560 720 4101.0 522.0317 12434 2680.0 360.3124 725.0 158.6797 676.0 48.9303 0 0 0 0 0 0 0 0
560 800 4022.0 554.464 12115 2675.0 396.4812 759.0 165.6719 663.0 50.9566 0 0 0 0 0 0 0 0
560 880 3935.0 545.21 12038 2658.0 399.6072 752.0 197.0674 626.0 72.2 0 0 0 0 0 0 0 0
560 960 3671.0 514.7429 11673 2409.0 386.2558 685.0 147.3341 570.0 65.7372 0 0 0 0 0 0 0 0
560 1040 3622.0 523.8325 11541 2458.0 377.5224 714.0 177.9554 518.0 72.1794 0 0 0 0 0 0 0 0
560 1120 3630.0 479.0233 11735 2426.0 334.2536 699.0 134.7816 590.0 48.5383 0 0 0 0 0 0 0 0
560 1200 3306.0 489.9376 11038 2195.0 386.4687 637.0 172.1014 542.0 65.6938 0 0 0 0 0 0 0 0
560 1280 3470.0 447.389 11290 2302.0 338.0604 691.0 131.8566 500.0 61.9526 0 0 0 0 0 0 0 0
560 1360 3423.0 486.0506 11440 2311.0 376.6656 629.0 130.2158 552.0 45.5122 0 0 0 0 0 0 0 0
560 1440 3498.0 482.587 11538 2357.0 361.9059 663.0 136.0059 600.0 46.08 0 0 0 0 0 0 0 0
560 1520 3456.0 529.6842 11555 2274.0 401.7897 657.0 178.9391 604.0 62.546 0 0 0 0 0 0 0 0
560 1600 3479.0 418.3955 11529 2318.0 307.5702 662.0 119.8949 541.0 47.5508 0 0 0 0 0 0 0 0
560 1680 3305.0 457.7308 11084 2127.0 345.5103 625.0 153.3754 529.0 49.4972 0 0 0 0 0 0 0 0
560 1760 3509.0 491.7765 11734 2269.0 349.848 658.0 136.7938 569.0 47.7309 0 0 0 0 0 0 0 0
560 1840 3367.0 498.5383 11381 2220.0 350.8739 650.0 162.935 535.0 37.6918 0 0 0 0 0 0 0 0
560 1920 3207.0 413.9326 11038 2152.0 319.5126 632.0 137.2237 481.0 46.7126 0 0 0 0 0 0 0 0
560 2000 3279.0 473.7427 11339 2199.0 352.7472 645.0 150.9475 556.0 52.5217 0 0 0 0 0 0 0 0
640 400 1613.0 496.8902 11104 1098.0 347.6774 293.0 124.91423 251.0 80.9486 0 0 0 0 0 0 0 0
640 480 3117.0 761.1021 11350 1952.0 519.7622 470.0 173.6871 556.0 100.7969 0 0 0 0 0 0 0 0
640 560 3605.0 743.3711 11153 2298.0 548.8119 558.0 220.81084 628.0 89.7448 0 0 0 0 0 0 0 0
640 640 4104.0 660.7559 11775 2742.0 487.7054 796.0 188.6892 609.0 61.3218 0 0 0 0 0 0 0 0
640 720 4179.0 634.3577 11429 2880.0 494.744 950.0 228.9391 579.0 89.5411 0 0 0 0 0 0 0 0
640 800 4206.0 683.9947 11699 2918.0 502.361 1010.0 228.8071 606.0 74.1013 0 0 0 0 0 0 0 0
640 880 4130.0 588.6172 11479 2833.0 432.6365 990.0 188.5301 530.0 75.9826 0 0 0 0 0 0 0 0
640 960 3905.0 561.5234 11008 2688.0 422.2623 949.0 159.23052 544.0 50.4082 0 0 0 0 0 0 0 0
640 1040 3832.0 485.9475 11041 2714.0 391.7727 932.0 182.2265 539.0 56.1075 0 0 0 0 0 0 0 0
640 1120 3715.0 548.0796 10953 2541.0 392.7952 869.0 164.5098 565.0 61.0002 0 0 0 0 0 0 0 0
640 1200 3644.0 528.5146 10919 2492.0 380.2246 811.0 188.5556 519.0 60.4446 0 0 0 0 0 0 0 0
640 1280 3651.0 467.8449 10826 2519.0 323.5241 897.0 106.8158 497.0 56.1045 0 0 0 0 0 0 0 0
640 1360 3435.0 477.261 10545 2361.0 335.3557 818.0 131.24351 495.0 56.8669 0 0 0 0 0 0 0 0
640 1440 3531.0 466.5445 10656 2428.0 321.5612 826.0 136.7662 471.0 57.789 0 0 0 0 0 0 0 0
640 1520 3703.0 483.9348 11109 2534.0 368.7721 881.0 169.9432 500.0 54.6698 0 0 0 0 0 0 0 0
640 1600 3633.0 451.2578 11046 2518.0 315.8937 828.0 122.19 495.0 54.2324 0 0 0 0 0 0 0 0
640 1680 3479.0 441.6933 10635 2342.0 306.9726 763.0 121.91477 505.0 49.2846 0 0 0 0 0 0 0 0
640 1760 3394.0 471.7561 10492 2315.0 354.69741 766.0 152.96386 444.0 47.0802 0 0 0 0 0 0 0 0
640 1840 3426.0 505.7755 10749 2418.0 402.3687 839.0 181.8684 481.0 55.5153 0 0 0 0 0 0 0 0
640 1920 3613.0 473.9597 11038 2508.0 326.7 856.0 131.67094 483.0 65.3518 0 0 0 0 0 0 0 0
640 2000 3498.0 513.2371 10980 2361.0 388.4311 830.0 188.0439 513.0 66.586 0 0 0 0 0 0 0 0
720 400 1524.0 492.8035 11153 1007.0 348.151 272.0 122.968 256.0 77.8797 0 0 0 0 0 0 0 0
720 480 2972.0 781.5615 11169 1924.0 547.0844 487.0 174.7494 531.0 110.3714 0 0 0 0 0 0 0 0
720 560 3817.0 828.812 11385 2435.0 588.2498 642.0 218.283 600.0 109.354 0 0 0 0 0 0 0 0
720 640 3940.0 710.8236 10831 2617.0 500.6169 751.0 154.13332 580.0 104.401 0 0 0 0 0 0 0 0
720 720 4240.0 711.1819 11574 2993.0 519.2489 1086.0 193.2461 569.0 69.4981 0 0 0 0 0 0 0 0
720 800 4291.0 740.4137 11422 3052.0 539.0953 1197.0 239.8143 505.0 56.1414 0 0 0 0 0 0 0 0
720 880 4211.0 677.3105 11311 3020.0 518.4594 1164.0 224.7811 507.0 76.0793 0 0 0 0 0 0 0 0
720 960 3916.0 594.0731 10962 2806.0 445.1787 1115.0 211.2846 480.0 65.649 0 0 0 0 0 0 0 0
720 1040 3979.0 617.1367 11173 2870.0 432.5404 1160.0 201.6931 518.0 61.6843 0 0 0 0 0 0 0 0
720 1120 3815.0 538.5512 10934 2765.0 379.6939 1120.0 157.2864 449.0 79.6267 0 0 0 0 0 0 0 0
720 1200 3741.0 572.7213 10892 2652.0 447.6489 1022.0 200.4321 457.0 46.1858 0 0 0 0 0 0 0 0
720 1280 3535.0 503.9571 10508 2511.0 364.7754 995.0 173.3794 421.0 45.9357 0 0 0 0 0 0 0 0
720 1360 3756.0 575.3565 10967 2665.0 420.8107 1046.0 168.9701 454.0 47.523 0 0 0 0 0 0 0 0
720 1440 3759.0 447.7935 11052 2659.0 350.6048 1025.0 159.8275 467.0 54.1576 0 0 0 0 0 0 0 0
720 1520 3594.0 499.187 10828 2541.0 348.7984 983.0 192.1808 427.0 68.0696 0 0 0 0 0 0 0 0
720 1600 3417.0 537.7871 10598 2445.0 411.161 947.0 179.50984 433.0 46.8275 0 0 0 0 0 0 0 0
720 1680 3445.0 560.9798 10546 2459.0 419.2132 979.0 210.90835 447.0 57.1408 0 0 0 0 0 0 0 0
720 1760 3443.0 534.034 10616 2452.0 397.1156 974.0 220.86039 419.0 47.0063 0 0 0 0 0 0 0 0
720 1840 3357.0 469.5923 10633 2365.0 356.4884 917.0 182.0226 424.0 59.383 0 0 0 0 0 0 0 0
720 1920 3610.0 442.1267 10674 2547.0 348.793 951.0 143.4516 409.0 41.4693 0 0 0 0 0 0 0 0
720 2000 3659.0 492.0741 10901 2592.0 363.6355 994.0 179.3912 406.0 39.2744 0 0 0 0 0 0 0 0
800 400 1444.0 427.2365 11181 937.0 319.0368 275.0 110.5534 215.0 67.9879 0 0 0 0 0 0 0 0
800 480 3061.0 799.425 11569 1985.0 562.4153 483.0 194.1409 509.0 115.368 0 0 0 0 0 0 0 0
800 560 3725.0 843.281 11296 2401.0 573.2734 618.0 191.3148 607.0 94.894 0 0 0 0 0 0 0 0
800 640 3931.0 890.6863 11048 2623.0 637.9517 764.0 247.9545 550.0 91.6987 0 0 0 0 0 0 0 0
800 720 3864.0 717.2737 10461 2687.0 547.108 925.0 226.2245 522.0 72.983 0 0 0 0 0 0 0 0
800 800 4215.0 761.8104 11421 3112.0 558.7609 1322.0 266.4129 493.0 95.3526 0 0 0 0 0 0 0 0
800 880 4219.0 711.9539 11401 3127.0 525.2097 1411.0 256.2963 484.0 77.1654 0 0 0 0 0 0 0 0
800 960 4259.0 649.415 11433 3144.0 474.0231 1369.0 214.1563 459.0 64.385 0 0 0 0 0 0 0 0
800 1040 3800.0 576.2049 10884 2806.0 399.5709 1291.0 183.1864 387.0 50.8716 0 0 0 0 0 0 0 0
800 1120 3641.0 491.6566 10717 2704.0 376.7552 1237.0 175.6489 351.0 70.0635 0 0 0 0 0 0 0 0
800 1200 3523.0 475.0304 10708 2590.0 368.2305 1164.0 190.98166 358.0 78.4599 0 0 0 0 0 0 0 0
800 1280 3468.0 617.0988 10622 2559.0 445.507 1164.0 175.3826 395.0 58.5083 0 0 0 0 0 0 0 0
800 1360 3533.0 468.1522 10824 2630.0 358.2292 1182.0 172.5238 377.0 33.7381 0 0 0 0 0 0 0 0
800 1440 3359.0 503.2879 10613 2450.0 372.2379 1121.0 189.8365 374.0 64.9291 0 0 0 0 0 0 0 0
800 1520 3347.0 496.62 10624 2485.0 382.91008 1062.0 171.19396 380.0 39.0531 0 0 0 0 0 0 0 0
800 1600 3299.0 490.1634 10705 2428.0 331.3274 1087.0 151.5432 374.0 35.7801 0 0 0 0 0 0 0 0
800 1680 3367.0 460.6182 10674 2451.0 333.0983 1067.0 163.9184 362.0 45.0684 0 0 0 0 0 0 0 0
800 1760 3057.0 502.0131 10271 2284.0 348.41334 1029.0 182.23164 362.0 66.6048 0 0 0 0 0 0 0 0
800 1840 3029.0 486.1601 10532 2198.0 370.5786 1004.0 184.186 310.0 46.7036 0 0 0 0 0 0 0 0
800 1920 3108.0 503.1973 10709 2288.0 361.3072 980.0 182.01094 373.0 39.48 0 0 0 0 0 0 0 0
800 2000 3065.0 480.7237 10549 2274.0 338.18392 1023.0 175.55702 344.0 42.1897 0 0 0 0 0 0 0 0
880 400 1360.0 471.3561 11087 945.0 324.0114 298.0 109.27014 194.0 57.5535 0 0 0 0 0 0 0 0
880 480 2900.0 768.6081 11582 1907.0 548.5421 477.0 192.9224 469.0 93.7849 0 0 0 0 0 0 0 0
880 560 3651.0 804.5696 11370 2331.0 536.8739 575.0 167.9752 596.0 101.6324 0 0 0 0 0 0 0 0
880 640 3732.0 847.4116 11046 2495.0 610.9738 759.0 237.2861 606.0 103.024 0 0 0 0 0 0 0 0
880 720 3591.0 759.4462 10532 2466.0 540.4043 891.0 218.4187 480.0 89.9328 0 0 0 0 0 0 0 0
880 800 3513.0 745.0057 10221 2552.0 556.9142 1020.0 277.14391 410.0 96.436 0 0 0 0 0 0 0 0
880 880 3748.0 759.3822 10931 2824.0 533.2281 1344.0 238.9046 391.0 77.222 0 0 0 0 0 0 0 0
880 960 3826.0 729.3032 11263 2904.0 535.6605 1477.0 275.1851 383.0 95.1531 0 0 0 0 0 0 0 0
880 1040 3589.0 559.2095 11138 2742.0 428.3717 1400.0 206.9188 358.0 79.8815 0 0 0 0 0 0 0 0
880 1120 3294.0 547.571 10798 2469.0 412.5544 1143.0 196.9125 308.0 51.4125 0 0 0 0 0 0 0 0
880 1200 3160.0 538.2808 10587 2396.0 409.1229 1182.0 205.09696 311.0 30.7965 0 0 0 0 0 0 0 0
880 1280 3114.0 492.5288 10946 2403.0 392.483 1150.0 193.1077 315.0 51.7179 0 0 0 0 0 0 0 0
880 1360 3187.0 462.1496 10744 2457.0 365.4172 1204.0 202.26705 345.0 57.1661 0 0 0 0 0 0 0 0
880 1440 2891.0 440.92436 10506 2179.0 334.1526 1044.0 163.60946 279.0 65.65474 0 0 0 0 0 0 0 0
880 1520 2918.0 489.1446 10794 2228.0 349.1179 1143.0 166.2565 303.0 27.7978 0 0 0 0 0 0 0 0
880 1600 2749.0 460.6474 10380 2112.0 367.48281 1014.0 169.45654 256.0 34.4299 0 0 0 0 0 0 0 0
880 1680 2712.0 458.43711 10392 2060.0 351.32091 1034.0 164.12427 265.0 44.06182 0 0 0 0 0 0 0 0
880 1760 2735.0 402.525 10631 2075.0 312.8998 1022.0 162.46969 289.0 36.3871 0 0 0 0 0 0 0 0
880 1840 2782.0 478.6892 10733 2115.0 370.1512 1036.0 188.7017 299.0 44.7297 0 0 0 0 0 0 0 0
880 1920 2574.0 399.8987 10657 1909.0 300.8315 920.0 164.92693 277.0 29.2805 0 0 0 0 0 0 0 0
880 2000 2504.0 374.5499 10489 1902.0 278.72623 902.0 130.24193 246.0 41.3312 0 0 0 0 0 0 0 0
960 400 1239.0 373.6493 11035 860.0 260.6569 256.0 96.25304 174.0 67.2541 0 0 0 0 0 0 0 0
960 480 2786.0 765.5063 11316 1847.0 542.1233 470.0 211.6667 490.0 96.6861 0 0 0 0 0 0 0 0
960 560 3611.0 820.375 11338 2294.0 569.7869 610.0 192.5686 572.0 101.431 0 0 0 0 0 0 0 0
960 640 3697.0 751.6713 10898 2469.0 522.1331 746.0 183.4903 613.0 112.3347 0 0 0 0 0 0 0 0
960 720 3419.0 715.5792 10499 2380.0 539.8855 828.0 237.1851 463.0 104.4968 0 0 0 0 0 0 0 0
960 800 3286.0 686.4457 10293 2305.0 494.6793 900.0 224.0499 366.0 78.9158 0 0 0 0 0 0 0 0
960 880 3154.0 649.7766 10320 2351.0 450.1966 1089.0 226.06859 332.0 85.2287 0 0 0 0 0 0 0 0
960 960 2928.0 615.6113 10607 2315.0 486.6211 1205.0 241.3082 269.0 42.983 0 0 0 0 0 0 0 0
960 1040 3161.0 576.1285 10996 2486.0 469.6886 1320.0 275.2529 266.0 44.6438 0 0 0 0 0 0 0 0
960 1120 2861.0 522.5251 10863 2258.0 419.4511 1224.0 248.8482 243.0 39.5065 0 0 0 0 0 0 0 0
960 1200 2662.0 438.0112 10911 2087.0 332.0098 1096.0 187.8788 248.0 36.7676 0 0 0 0 0 0 0 0
960 1280 2573.0 505.972 10726 1976.0 400.406 1035.0 185.6826 247.0 53.5659 0 0 0 0 0 0 0 0
960 1360 2322.0 366.177 10586 1806.0 273.55623 936.0 159.28517 244.0 14.8469 0 0 0 0 0 0 0 0
960 1440 2321.0 407.5561 10602 1809.0 302.2487 932.0 172.86721 216.0 42.2734 0 0 0 0 0 0 0 0
960 1520 2219.0 410.7337 10594 1733.0 309.01261 894.0 165.22863 230.0 29.4174 0 0 0 0 0 0 0 0
960 1600 2117.0 360.9347 10454 1632.0 283.1632 838.0 151.63419 212.0 36.1299 0 0 0 0 0 0 0 0
960 1680 2264.0 403.3234 10737 1761.0 310.8103 896.0 168.57782 243.0 53.2881 0 0 0 0 0 0 0 0
960 1760 2098.0 354.1135 10586 1632.0 275.0869 850.0 116.41931 201.0 21.9788 0 0 0 0 0 0 0 0
960 1840 2121.0 382.3903 10857 1665.0 281.2872 865.0 149.32712 214.0 27.5303 0 0 0 0 0 0 0 0
960 1920 2114.0 356.3984 10798 1666.0 243.3606 871.0 132.72837 203.0 47.9304 0 0 0 0 0 0 0 0
960 2000 1942.0 330.0231 10569 1462.0 247.5706 739.0 100.11942 171.0 44.8544 0 0 0 0 0 0 0 0
1040 400 1295.0 406.4708 11335 890.0 282.0892 255.0 109.85973 216.0 47.0238 0 0 0 0 0 0 0 0
1040 480 2726.0 764.993 11533 1722.0 527.4188 429.0 188.0221 420.0 96.843 0 0 0 0 0 0 0 0
1040 560 3536.0 841.212 11560 2272.0 597.1555 589.0 192.076 568.0 101.326 0 0 0 0 0 0 0 0
1040 640 3601.0 836.7463 11031 2359.0 618.2342 704.0 250.8378 587.0 92.4482 0 0 0 0 0 0 0 0
1040 720 3249.0 767.8624 10489 2165.0 552.5455 774.0 228.02364 424.0 64.9426 0 0 0 0 0 0 0 0
1040 800 2992.0 757.0383 10338 2131.0 543.6146 879.0 245.2507 354.0 75.2372 0 0 0 0 0 0 0 0
1040 880 2580.0 626.773 10198 1885.0 459.6428 862.0 238.52013 293.0 81.5477 0 0 0 0 0 0 0 0
1040 960 2401.0 601.6406 10521 1850.0 466.9724 909.0 213.15996 258.0 59.0575 0 0 0 0 0 0 0 0
1040 1040 2462.0 542.5213 10925 1925.0 400.9659 1064.0 213.9852 194.0 46.003 0 0 0 0 0 0 0 0
1040 1120 2213.0 452.7171 10782 1778.0 344.828 954.0 211.26723 186.0 38.1378 0 0 0 0 0 0 0 0
1040 1200 1935.0 377.2491 10701 1507.0 278.956 816.0 151.5183 178.0 44.3025 0 0 0 0 0 0 0 0
1040 1280 1865.0 418.0625 10682 1464.0 319.168 802.0 144.98396 172.0 50.4932 0 0 0 0 0 0 0 0
1040 1360 1952.0 358.4764 10933 1555.0 269.04983 834.0 135.23013 159.0 33.9344 0 0 0 0 0 0 0 0
1040 1440 1795.0 352.8015 10701 1404.0 267.989 730.0 167.03696 145.0 13.0505 0 0 0 0 0 0 0 0
1040 1520 1661.0 288.4952 10673 1264.0 233.0355 676.0 148.25899 160.0 24.8131 0 0 0 0 0 0 0 0
1040 1600 1680.0 278.1712 10842 1288.0 222.59541 697.0 139.27197 134.0 20.9803 0 0 0 0 0 0 0 0
1040 1680 1588.0 252.9313 10621 1235.0 188.8495 657.0 94.85749 154.0 8.3424 0 0 0 0 0 0 0 0
1040 1760 1540.0 281.2344 10879 1209.0 195.879 647.0 95.75344 146.0 6.1192 0 0 0 0 0 0 0 0
1040 1840 1664.0 268.22272 10759 1305.0 211.36734 694.0 123.04316 125.0 32.04058 0 0 0 0 0 0 0 0
1040 1920 1447.0 284.48456 10697 1120.0 204.87092 580.0 98.28909 135.0 20.21754 0 0 0 0 0 0 0 0
1040 2000 1537.0 196.57509 10683 1199.0 150.90207 618.0 77.94891 135.0 29.9623 0 0 0 0 0 0 0 0
1120 400 1197.0 376.2892 11096 814.0 276.248 212.0 109.8042 181.0 51.2787 0 0 0 0 0 0 0 0
1120 480 2709.0 708.5391 11486 1736.0 490.8787 394.0 148.6658 456.0 95.3439 0 0 0 0 0 0 0 0
1120 560 3423.0 772.1347 11394 2205.0 563.9858 552.0 194.5027 595.0 109.8543 0 0 0 0 0 0 0 0
1120 640 3558.0 763.5212 11110 2349.0 521.239 728.0 165.9294 509.0 104.8198 0 0 0 0 0 0 0 0
1120 720 3181.0 689.7202 10612 2172.0 492.6417 770.0 192.53155 443.0 87.7808 0 0 0 0 0 0 0 0
1120 800 2690.0 591.3026 10372 1922.0 436.25586 699.0 180.71843 329.0 62.2065 0 0 0 0 0 0 0 0
1120 880 2306.0 501.7201 10424 1701.0 357.5436 749.0 154.84886 261.0 64.1514 0 0 0 0 0 0 0 0
1120 960 1978.0 407.7223 10376 1520.0 295.213 739.0 156.6533 190.0 68.946 0 0 0 0 0 0 0 0
1120 1040 1711.0 370.5226 10513 1319.0 286.9249 677.0 137.80164 176.0 48.6293 0 0 0 0 0 0 0 0
1120 1120 1710.0 352.4126 10742 1375.0 286.5551 754.0 162.7863 158.0 24.3393 0 0 0 0 0 0 0 0
1120 1200 1528.0 310.7223 10657 1217.0 240.83888 678.0 135.87904 130.0 29.6093 0 0 0 0 0 0 0 0
1120 1280 1333.0 285.4594 10747 1058.0 224.0103 559.0 102.8884 128.0 18.2498 0 0 0 0 0 0 0 0
1120 1360 1305.0 259.7321 10664 1037.0 179.0656 565.0 93.4213 126.0 30.291 0 0 0 0 0 0 0 0
1120 1440 1316.0 240.74043 10679 1043.0 191.55279 556.0 103.96282 140.0 12.11435 0 0 0 0 0 0 0 0
1120 1520 1245.0 237.87133 10709 973.0 194.45478 535.0 129.09914 106.0 24.5267 0 0 0 0 0 0 0 0
1120 1600 1168.0 246.4641 10734 885.0 210.9135 452.0 115.09146 100.0 16.9355 0 0 0 0 0 0 0 0
1120 1680 1122.0 171.3834 10521 874.0 109.12642 435.0 56.01077 125.0 18.2581 0 0 0 0 0 0 0 0
1120 1760 1094.0 208.5545 10690 859.0 145.4482 444.0 70.1144 101.0 16.5689 0 0 0 0 0 0 0 0
1120 1840 1120.0 220.0097 10825 868.0 176.4731 445.0 90.04584 139.0 11.1359 0 0 0 0 0 0 0 0
1120 1920 1070.0 153.85145 10747 832.0 109.21759 416.0 66.77111 112.0 13.75522 0 0 0 0 0 0 0 0
1120 2000 996.0 167.30711 10475 752.0 129.81527 398.0 74.80197 94.0 13.2915 0 0 0 0 0 0 0 0
1200 400 1203.0 385.1209 11163 797.0 251.9194 210.0 115.3383 162.0 77.86 0 0 0 0 0 0 0 0
1200 480 2696.0 724.3542 11638 1700.0 509.0893 378.0 175.5866 418.0 83.0598 0 0 0 0 0 0 0 0
1200 560 3511.0 798.737 11647 2245.0 561.3568 542.0 162.6795 592.0 75.579 0 0 0 0 0 0 0 0
1200 640 3490.0 790.1415 11177 2265.0 545.1962 673.0 184.8327 599.0 90.2975 0 0 0 0 0 0 0 0
1200 720 3017.0 654.4041 10543 2060.0 436.0469 645.0 161.73927 389.0 68.0369 0 0 0 0 0 0 0 0
1200 800 2458.0 600.2559 10529 1697.0 449.8964 654.0 168.63236 289.0 71.335 0 0 0 0 0 0 0 0
1200 880 1971.0 450.2395 10571 1457.0 328.9019 616.0 129.7671 229.0 35.8637 0 0 0 0 0 0 0 0
1200 960 1575.0 378.3225 10545 1184.0 272.7392 578.0 137.75923 158.0 41.2102 0 0 0 0 0 0 0 0
1200 1040 1293.0 329.4766 10606 973.0 263.70532 477.0 155.907025 147.0 39.6196 0 0 0 0 0 0 0 0
1200 1120 1172.0 340.6016 10561 893.0 271.5475 466.0 129.48002 114.0 25.9779 0 0 0 0 0 0 0 0
1200 1200 1121.0 261.3849 10725 877.0 198.3872 494.0 121.05472 128.0 16.4035 0 0 0 0 0 0 0 0
1200 1280 1025.0 240.882 10884 785.0 184.1612 430.0 119.38443 94.0 4.989 0 0 0 0 0 0 0 0
1200 1360 949.0 215.4922 10896 740.0 166.90101 374.0 123.54896 99.0 23.9672 0 0 0 0 0 0 0 0
1200 1440 911.0 145.79135 10875 703.0 134.34345 348.0 86.16563 95.0 5.7072 0 0 0 0 0 0 0 0
1200 1520 899.0 139.73129 10710 673.0 106.30079 331.0 31.78306 91.0 6.55976 0 0 0 0 0 0 0 0
1200 1600 798.0 119.113 10705 616.0 98.6677 309.0 57.72276 116.0 17.0091 0 0 0 0 0 0 0 0
1200 1680 838.0 96.11796 10835 648.0 75.74206 326.0 38.43523 94.0 13.5342 0 0 0 0 0 0 0 0
1200 1760 788.0 165.20524 10790 607.0 140.2431 280.0 59.47466 86.0 13.99676 0 0 0 0 0 0 0 0
1200 1840 782.0 104.03474 10790 609.0 71.72175 262.0 27.60685 92.0 5.92433 0 0 0 0 0 0 0 0
1200 1920 813.0 151.58557 10847 626.0 114.47073 284.0 82.12269 90.0 15.75187 0 0 0 0 0 0 0 0
1200 2000 741.0 117.1027 10656 558.0 103.0231 265.0 50.92103 98.0 8.2234 0 0 0 0 0 0 0 0
1280 400 1195.0 356.5546 11118 832.0 261.7332 243.0 90.49267 184.0 55.1851 0 0 0 0 0 0 0 0
1280 480 2561.0 670.6912 11485 1636.0 458.1684 387.0 141.5672 468.0 96.9324 0 0 0 0 0 0 0 0
1280 560 3367.0 765.2812 11487 2085.0 560.5794 505.0 181.65 573.0 95.9318 0 0 0 0 0 0 0 0
1280 640 3366.0 721.874 10914 2195.0 518.509 624.0 189.7667 547.0 86.7479 0 0 0 0 0 0 0 0
1280 720 2807.0 593.7428 10561 1892.0 428.7312 587.0 164.42957 403.0 95.9144 0 0 0 0 0 0 0 0
1280 800 2300.0 496.67 10510 1618.0 354.7945 598.0 153.365 279.0 48.2597 0 0 0 0 0 0 0 0
1280 880 1696.0 427.9681 10601 1226.0 304.4989 490.0 143.55244 211.0 43.5288 0 0 0 0 0 0 0 0
1280 960 1356.0 285.4701 10502 983.0 204.55677 435.0 80.273821 130.0 32.2975 0 0 0 0 0 0 0 0
1280 1040 1065.0 238.90464 10592 811.0 180.60372 363.0 84.36388 125.0 34.83766 0 0 0 0 0 0 0 0
1280 1120 862.0 190.6976 10568 642.0 142.18811 320.0 69.07953 112.0 34.83043 0 0 0 0 0 0 0 0
1280 1200 790.0 146.7051 10554 589.0 126.9527 262.0 80.02375 97.0 14.7652 0 0 0 0 0 0 0 0
1280 1280 688.0 97.79029 10642 535.0 63.82529 250.0 40.06004 97.0 13.88781 0 0 0 0 0 0 0 0
1280 1360 741.0 120.57397 10707 560.0 98.31885 262.0 57.25813 71.0 1.9841 0 0 0 0 0 0 0 0
1280 1440 716.0 144.93294 10858 557.0 118.930354 262.0 62.360346 88.0 3.281 0 0 0 0 0 0 0 0
1280 1520 668.0 79.13636 10530 503.0 61.41156 239.0 28.25902 68.0 1.65151 0 0 0 0 0 0 0 0
1280 1600 694.0 95.37636 10756 505.0 76.86053 213.0 48.934 83.0 3.54335 0 0 0 0 0 0 0 0
1280 1680 651.0 97.8815 10842 485.0 80.21029 236.0 66.50085 64.0 13.4155 0 0 0 0 0 0 0 0
1280 1760 621.0 90.85553 10901 479.0 68.6208 213.0 34.605391 62.0 10.68607 0 0 0 0 0 0 0 0
1280 1840 627.0 87.92023 10852 463.0 76.88193 207.0 42.75391 97.0 4.1318 0 0 0 0 0 0 0 0
1280 1920 642.0 98.96589 10891 478.0 87.70678 203.0 67.63651 77.0 15.29761 0 0 0 0 0 0 0 0
1280 2000 581.0 71.95196 10810 422.0 58.54416 197.0 40.01994 81.0 6.2667 0 0 0 0 0 0 0 0
1360 400 1152.0 361.5394 11248 765.0 259.502 212.0 82.69446 178.0 42.9907 0 0 0 0 0 0 0 0
1360 480 2506.0 703.4353 11407 1620.0 482.5275 360.0 166.0193 474.0 89.1347 0 0 0 0 0 0 0 0
1360 560 3457.0 729.888 11481 2176.0 542.8221 504.0 179.4374 609.0 110.044 0 0 0 0 0 0 0 0
1360 640 3409.0 730.7838 11132 2193.0 522.0088 633.0 182.1604 528.0 102.7431 0 0 0 0 0 0 0 0
1360 720 2719.0 629.7151 10657 1795.0 461.1555 600.0 183.5479 406.0 73.7886 0 0 0 0 0 0 0 0
1360 800 2098.0 533.6875 10565 1452.0 391.9313 517.0 182.8442 264.0 72.5049 0 0 0 0 0 0 0 0
1360 880 1463.0 348.352 10572 1034.0 247.82468 388.0 90.74205 196.0 42.7644 0 0 0 0 0 0 0 0
1360 960 1112.0 238.3409 10684 791.0 161.1984 338.0 91.9933 139.0 24.7844 0 0 0 0 0 0 0 0
1360 1040 911.0 133.3491 10751 657.0 101.5177 290.0 51.41224 97.0 28.0718 0 0 0 0 0 0 0 0
1360 1120 723.0 108.17441 10623 547.0 91.82045 227.0 50.89032 72.0 7.4516 0 0 0 0 0 0 0 0
1360 1200 685.0 127.23742 10903 506.0 99.0364 224.0 43.66396 68.0 14.2764 0 0 0 0 0 0 0 0
1360 1280 640.0 85.06459 10747 478.0 58.35013 224.0 30.65772 84.0 14.8172 0 0 0 0 0 0 0 0
1360 1360 556.0 118.873 10577 413.0 109.01047 179.0 67.558079 81.0 4.1707 0 0 0 0 0 0 0 0
1360 1440 580.0 111.4458 10706 433.0 99.7245 197.0 38.346332 72.0 6.3961 0 0 0 0 0 0 0 0
1360 1520 529.0 92.01163 10673 376.0 75.42763 149.0 44.773864 73.0 2.43068 0 0 0 0 0 0 0 0
1360 1600 518.0 59.30518 10793 396.0 49.347 162.0 32.1343 75.0 7.45881 0 0 0 0 0 0 0 0
1360 1680 529.0 61.88276 10826 374.0 54.52417 120.0 39.6081 74.0 5.21274 0 0 0 0 0 0 0 0
1360 1760 513.0 60.82592 10805 351.0 46.95864 152.0 19.40951 63.0 3.54016 0 0 0 0 0 0 0 0
1360 1840 523.0 57.93526 10801 368.0 45.60836 144.0 22.876151 85.0 8.7627 0 0 0 0 0 0 0 0
1360 1920 517.0 48.58565 10926 360.0 44.18478 126.0 27.55312 69.0 9.75639 0 0 0 0 0 0 0 0
1360 2000 541.0 55.35262 10768 386.0 46.39309 161.0 24.056551 70.0 1.25127 0 0 0 0 0 0 0 0
1440 400 1080.0 305.4678 11060 716.0 218.5079 203.0 75.13493 195.0 58.7879 0 0 0 0 0 0 0 0
1440 480 2581.0 607.6875 11549 1630.0 435.8353 343.0 126.4077 476.0 91.1049 0 0 0 0 0 0 0 0
1440 560 3410.0 774.601 11461 2108.0 536.3677 524.0 185.5255 591.0 85.243 0 0 0 0 0 0 0 0
1440 640 3396.0 721.6165 11095 2161.0 498.5738 565.0 173.1112 543.0 103.3878 0 0 0 0 0 0 0 0
1440 720 2749.0 589.9224 10659 1849.0 424.9117 555.0 162.46593 425.0 74.9948 0 0 0 0 0 0 0 0
1440 800 1968.0 444.5907 10578 1395.0 323.2738 491.0 121.60381 269.0 56.1083 0 0 0 0 0 0 0 0
1440 880 1314.0 293.6947 10635 917.0 223.4623 335.0 91.98499 171.0 39.2535 0 0 0 0 0 0 0 0
1440 960 904.0 202.01601 10493 630.0 146.23936 257.0 66.734431 135.0 23.4212 0 0 0 0 0 0 0 0
1440 1040 726.0 146.56328 10592 499.0 94.30012 196.0 45.08333 85.0 11.55042 0 0 0 0 0 0 0 0
1440 1120 590.0 147.13199 10747 401.0 131.08988 167.0 59.60933 99.0 4.9943 0 0 0 0 0 0 0 0
1440 1200 559.0 60.94811 10682 387.0 48.68436 147.0 25.96662 87.0 13.9713 0 0 0 0 0 0 0 0
1440 1280 559.0 69.70603 10630 394.0 54.66343 154.0 31.548941 86.0 11.5585 0 0 0 0 0 0 0 0
1440 1360 507.0 90.60814 10884 343.0 72.78934 140.0 36.64802 70.0 1.9965 0 0 0 0 0 0 0 0
1440 1440 463.0 76.8255 10681 344.0 49.02392 119.0 20.917202 68.0 5.99801 0 0 0 0 0 0 0 0
1440 1520 475.0 71.83434 10839 333.0 55.82824 115.0 26.089568 75.0 7.40789 0 0 0 0 0 0 0 0
1440 1600 499.0 52.4842 11037 356.0 42.93936 139.0 25.86388 58.0 2.35268 0 0 0 0 0 0 0 0
1440 1680 448.0 64.88767 10902 307.0 47.67206 100.0 26.21093 76.0 10.45248 0 0 0 0 0 0 0 0
1440 1760 471.0 28.74057 10805 340.0 20.645733 127.0 12.307601 72.0 2.70847 0 0 0 0 0 0 0 0
1440 1840 469.0 44.067886 10833 328.0 39.157066 125.0 24.166161 67.0 1.823337 0 0 0 0 0 0 0 0
1440 1920 468.0 48.14986 10864 336.0 32.33608 116.0 18.080368 70.0 3.75354 0 0 0 0 0 0 0 0
1440 2000 452.0 33.3335 10821 301.0 29.11499 95.0 19.712356 66.0 4.31862 0 0 0 0 0 0 0 0
1520 400 1107.0 310.8222 11210 756.0 208.6399 235.0 67.4692 163.0 56.4639 0 0 0 0 0 0 0 0
1520 480 2543.0 662.3558 11468 1642.0 475.601 351.0 148.8954 460.0 85.9982 0 0 0 0 0 0 0 0
1520 560 3440.0 732.2085 11609 2170.0 539.7946 488.0 177.3768 557.0 106.4145 0 0 0 0 0 0 0 0
1520 640 3315.0 711.8775 11188 2088.0 508.0691 516.0 166.0406 514.0 73.4965 0 0 0 0 0 0 0 0
1520 720 2727.0 569.2124 10897 1823.0 407.8727 510.0 135.6021 404.0 91.9476 0 0 0 0 0 0 0 0
1520 800 1915.0 366.3595 10546 1289.0 247.4453 441.0 111.36528 238.0 54.3501 0 0 0 0 0 0 0 0
1520 880 1317.0 273.8846 10726 932.0 211.3652 341.0 71.6748 160.0 43.2378 0 0 0 0 0 0 0 0
1520 960 906.0 211.57411 10697 646.0 123.35518 255.0 55.199506 124.0 26.01759 0 0 0 0 0 0 0 0
1520 1040 665.0 117.61696 10654 472.0 95.45242 182.0 39.3412 90.0 22.6144 0 0 0 0 0 0 0 0
1520 1120 587.0 82.36396 10849 419.0 68.31556 151.0 34.968883 104.0 3.2379 0 0 0 0 0 0 0 0
1520 1200 508.0 83.26916 10861 346.0 69.33053 124.0 33.875445 70.0 3.61789 0 0 0 0 0 0 0 0
1520 1280 477.0 65.75829 10879 335.0 46.828376 126.0 16.849043 79.0 2.55978 0 0 0 0 0 0 0 0
1520 1360 449.0 41.61852 10790 294.0 33.52559 117.0 12.818632 82.0 4.1271 0 0 0 0 0 0 0 0
1520 1440 456.0 48.5095 10796 315.0 41.87228 119.0 24.47718 71.0 1.22608 0 0 0 0 0 0 0 0
1520 1520 428.0 57.39657 10942 303.0 53.40778 103.0 32.086222 69.0 5.91362 0 0 0 0 0 0 0 0
1520 1600 445.0 36.8038 10701 290.0 30.70018 93.0 20.830703 79.0 2.50091 0 0 0 0 0 0 0 0
1520 1680 395.0 37.83567 10930 257.0 30.83043 87.0 14.943744 92.0 4.43205 0 0 0 0 0 0 0 0
1520 1760 455.0 50.149445 10904 301.0 42.789618 94.0 28.191258 75.0 2.100415 0 0 0 0 0 0 0 0
1520 1840 420.0 31.819808 10866 279.0 27.420425 85.0 15.65131 56.0 2.20453 0 0 0 0 0 0 0 0
1520 1920 468.0 39.47551 10811 319.0 33.29183 97.0 23.95572 47.0 3.93012 0 0 0 0 0 0 0 0
1520 2000 412.0 35.16697 10735 285.0 28.253963 91.0 11.953576 66.0 0.89648 0 0 0 0 0 0 0 0
1600 400 1074.0 333.3304 11032 733.0 253.6857 219.0 111.0395 146.0 58.4389 0 0 0 0 0 0 0 0
1600 480 2604.0 661.5007 11670 1688.0 457.7646 398.0 141.8347 475.0 88.4377 0 0 0 0 0 0 0 0
1600 560 3368.0 761.7478 11438 2120.0 557.5549 469.0 194.2973 576.0 101.1377 0 0 0 0 0 0 0 0
1600 640 3391.0 646.0513 11203 2194.0 453.2639 556.0 136.0752 567.0 93.6817 0 0 0 0 0 0 0 0
1600 720 2728.0 543.0904 10777 1792.0 401.0152 528.0 158.9899 419.0 67.3346 0 0 0 0 0 0 0 0
1600 800 1891.0 331.9321 10548 1273.0 234.45635 444.0 93.14179 275.0 47.0413 0 0 0 0 0 0 0 0
1600 880 1135.0 194.84252 10446 778.0 142.70036 276.0 58.35979 192.0 26.10909 0 0 0 0 0 0 0 0
1600 960 836.0 145.56256 10817 603.0 123.64354 205.0 50.71807 109.0 20.62784 0 0 0 0 0 0 0 0
1600 1040 582.0 91.71484 10666 407.0 74.99545 141.0 33.58599 86.0 4.904 0 0 0 0 0 0 0 0
1600 1120 514.0 59.92274 10739 348.0 44.72526 116.0 26.28045 56.0 5.85589 0 0 0 0 0 0 0 0
1600 1200 473.0 41.2999 10875 342.0 31.49365 86.0 22.882265 66.0 7.86747 0 0 0 0 0 0 0 0
1600 1280 461.0 54.540182 11034 307.0 36.729972 96.0 14.573756 82.0 7.629006 0 0 0 0 0 0 0 0
1600 1360 427.0 42.78475 10700 281.0 36.4441 81.0 14.50804 89.0 3.52176 0 0 0 0 0 0 0 0
1600 1440 407.0 26.124239 10851 262.0 14.50495 79.0 2.912398 66.0 0.97393 0 0 0 0 0 0 0 0
1600 1520 401.0 26.03067 10927 260.0 22.02964 68.0 9.285992 55.0 5.65242 0 0 0 0 0 0 0 0
1600 1600 410.0 49.11526 10838 270.0 43.77106 75.0 19.571878 75.0 2.66493 0 0 0 0 0 0 0 0
1600 1680 381.0 51.81505 10713 259.0 45.47824 74.0 20.467904 67.0 2.47071 0 0 0 0 0 0 0 0
1600 1760 402.0 29.0274 10845 253.0 25.67531 62.0 5.229913 67.0 1.7866 0 0 0 0 0 0 0 0
1600 1840 373.0 50.2897 10834 248.0 38.26139 69.0 19.401533 56.0 2.08756 0 0 0 0 0 0 0 0
1600 1920 394.0 25.7846 10977 250.0 15.83137 68.0 5.45992 65.0 2.4464 0 0 0 0 0 0 0 0
1600 2000 385.0 20.755776 10807 262.0 11.694379 60.0 1.828405 58.0 1.593047 0 0 0 0 0 0 0 0
1680 400 1140.0 355.1182 11226 770.0 266.2288 226.0 95.72337 165.0 54.0123 0 0 0 0 0 0 0 0
1680 480 2606.0 667.2436 11563 1639.0 488.9699 373.0 167.7532 422.0 90.9364 0 0 0 0 0 0 0 0
1680 560 3303.0 678.963 11489 2044.0 487.2093 420.0 162.0499 597.0 100.866 0 0 0 0 0 0 0 0
1680 640 3289.0 714.0814 11188 2084.0 524.8462 526.0 147.9995 601.0 83.0045 0 0 0 0 0 0 0 0
1680 720 2596.0 460.4893 10578 1690.0 303.6387 478.0 125.48044 429.0 66.5867 0 0 0 0 0 0 0 0
1680 800 1804.0 361.1018 10612 1235.0 268.26784 426.0 107.3492 248.0 43.7334 0 0 0 0 0 0 0 0
1680 880 1122.0 228.9478 10709 793.0 159.7318 287.0 60.58072 176.0 22.5894 0 0 0 0 0 0 0 0
1680 960 793.0 115.2903 10450 535.0 80.08174 191.0 33.11841 118.0 12.5239 0 0 0 0 0 0 0 0
1680 1040 581.0 105.1098 10770 403.0 77.04937 142.0 43.500475 91.0 6.6644 0 0 0 0 0 0 0 0
1680 1120 462.0 82.1399 10770 332.0 70.93834 103.0 29.2548 76.0 6.8808 0 0 0 0 0 0 0 0
1680 1200 456.0 46.24796 10757 301.0 38.24779 76.0 20.00029 76.0 1.99463 0 0 0 0 0 0 0 0
1680 1280 414.0 33.69963 10868 274.0 27.766729 85.0 4.077919 58.0 6.8659 0 0 0 0 0 0 0 0
1680 1360 409.0 27.0159 10981 286.0 22.58573 92.0 8.862726 90.0 1.63334 0 0 0 0 0 0 0 0
1680 1440 394.0 32.38624 10904 270.0 20.03663 61.0 7.334539 74.0 3.20681 0 0 0 0 0 0 0 0
1680 1520 401.0 40.00127 10880 266.0 33.51292 71.0 18.523427 79.0 2.88752 0 0 0 0 0 0 0 0
1680 1600 372.0 30.748743 10914 249.0 20.768822 60.0 5.564957 67.0 0.45761 0 0 0 0 0 0 0 0
1680 1680 427.0 14.409855 10917 290.0 11.535291 60.0 5.730596 56.0 3.82884 0 0 0 0 0 0 0 0
1680 1760 389.0 42.715461 10948 284.0 22.567735 78.0 6.42528 77.0 1.463509 0 0 0 0 0 0 0 0
1680 1840 392.0 16.526219 11058 261.0 12.861369 60.0 3.44193 75.0 16.35493 0 0 0 0 0 0 0 0
1680 1920 391.0 23.936063 10737 261.0 21.30975 76.0 14.761332 68.0 1.800301 0 0 0 0 0 0 0 0
1680 2000 391.0 23.295208 10773 260.0 20.108004 66.0 9.661691 71.0 3.134326 0 0 0 0 0 0 0 0
1760 400 1059.0 321.3205 11329 703.0 218.932 211.0 81.3202 149.0 52.1986 0 0 0 0 0 0 0 0
1760 480 2532.0 693.3652 11536 1588.0 484.4403 310.0 138.9838 460.0 86.4618 0 0 0 0 0 0 0 0
1760 560 3381.0 706.176 11625 2054.0 505.8996 463.0 170.0751 581.0 85.076 0 0 0 0 0 0 0 0
1760 640 3311.0 654.0278 11141 2099.0 479.2263 515.0 176.3905 554.0 92.8444 0 0 0 0 0 0 0 0
1760 720 2638.0 558.252 10870 1713.0 383.6173 485.0 145.94964 437.0 65.7497 0 0 0 0 0 0 0 0
1760 800 1766.0 376.0962 10605 1194.0 277.6528 395.0 104.15683 261.0 36.9246 0 0 0 0 0 0 0 0
1760 880 1124.0 202.4653 10721 772.0 146.13897 266.0 58.55518 156.0 22.7582 0 0 0 0 0 0 0 0
1760 960 765.0 130.48723 10823 528.0 98.23455 183.0 49.07253 102.0 16.6929 0 0 0 0 0 0 0 0
1760 1040 560.0 89.74581 10707 394.0 72.63261 129.0 35.42989 79.0 4.8134 0 0 0 0 0 0 0 0
1760 1120 469.0 43.04106 10838 310.0 35.22252 86.0 15.878713 70.0 6.51008 0 0 0 0 0 0 0 0
1760 1200 431.0 40.3262 10837 293.0 26.5126 61.0 18.585196 77.0 9.65824 0 0 0 0 0 0 0 0
1760 1280 427.0 31.59431 10952 285.0 24.64642 73.0 11.467541 58.0 7.4496 0 0 0 0 0 0 0 0
1760 1360 368.0 26.082127 10733 236.0 24.79271 57.0 10.160054 71.0 5.70354 0 0 0 0 0 0 0 0
1760 1440 382.0 41.14913 11011 255.0 31.76244 69.0 19.811778 83.0 2.05381 0 0 0 0 0 0 0 0
1760 1520 373.0 36.07244 10720 251.0 31.66032 69.0 20.19642 54.0 1.40792 0 0 0 0 0 0 0 0
1760 1600 377.0 34.30007 10858 247.0 29.10119 64.0 12.513711 59.0 4.35126 0 0 0 0 0 0 0 0
1760 1680 364.0 30.31023 10918 238.0 22.90468 53.0 6.769864 63.0 1.86245 0 0 0 0 0 0 0 0
1760 1760 343.0 22.83623 10855 216.0 16.27463 64.0 6.990304 69.0 0.44827 0 0 0 0 0 0 0 0
1760 1840 392.0 22.178799 10831 254.0 17.839289 59.0 7.962145 61.0 4.29711 0 0 0 0 0 0 0 0
1760 1920 363.0 24.630031 10943 255.0 19.75379 61.0 7.045379 67.0 2.740303 0 0 0 0 0 0 0 0
1760 2000 416.0 19.097444 10832 287.0 12.909594 72.0 6.266725 67.0 1.25969 0 0 0 0 0 0 0 0
1840 400 1055.0 335.3921 11326 666.0 234.8652 183.0 79.48922 192.0 42.6743 0 0 0 0 0 0 0 0
1840 480 2512.0 662.4317 11540 1560.0 479.8891 344.0 171.5346 454.0 72.2553 0 0 0 0 0 0 0 0
1840 560 3417.0 707.7772 11486 2068.0 510.7152 472.0 181.6453 604.0 93.2458 0 0 0 0 0 0 0 0
1840 640 3319.0 691.3498 11269 2161.0 492.7926 537.0 183.5679 546.0 93.4877 0 0 0 0 0 0 0 0
1840 720 2640.0 577.7658 10717 1714.0 422.2991 475.0 161.47169 389.0 88.9481 0 0 0 0 0 0 0 0
1840 800 1760.0 348.4231 10651 1215.0 261.4788 371.0 76.83262 238.0 43.9059 0 0 0 0 0 0 0 0
1840 880 1132.0 204.5746 10711 779.0 142.1511 280.0 51.66603 142.0 17.5734 0 0 0 0 0 0 0 0
1840 960 719.0 141.624 10751 491.0 115.70459 181.0 43.09197 106.0 16.6619 0 0 0 0 0 0 0 0
1840 1040 581.0 90.76962 10710 399.0 60.72942 138.0 14.99031 84.0 12.33917 0 0 0 0 0 0 0 0
1840 1120 440.0 46.35621 10887 299.0 30.78484 92.0 16.8731 74.0 3.77383 0 0 0 0 0 0 0 0
1840 1200 463.0 43.090316 10666 305.0 35.782228 82.0 11.044424 82.0 3.3084 0 0 0 0 0 0 0 0
1840 1280 403.0 37.50028 10855 276.0 18.41842 63.0 3.442774 59.0 5.0653 0 0 0 0 0 0 0 0
1840 1360 361.0 34.508377 10771 240.0 29.960487 57.0 12.152747 60.0 0.96606 0 0 0 0 0 0 0 0
1840 1440 388.0 17.066684 10984 261.0 11.596624 67.0 3.285541 56.0 1.87019 0 0 0 0 0 0 0 0
1840 1520 381.0 28.498526 10823 255.0 24.555766 65.0 8.337063 69.0 3.128684 0 0 0 0 0 0 0 0
1840 1600 379.0 31.025038 10907 237.0 25.293658 54.0 13.626036 56.0 2.895467 0 0 0 0 0 0 0 0
1840 1680 378.0 19.60568 10856 244.0 16.00467 76.0 9.368131 84.0 2.18432 0 0 0 0 0 0 0 0
1840 1760 335.0 23.72169 10781 207.0 16.21295 59.0 5.647829 64.0 1.20544 0 0 0 0 0 0 0 0
1840 1840 405.0 14.80351 10773 270.0 8.92539 61.0 1.83869 59.0 4.13745 0 0 0 0 0 0 0 0
1840 1920 382.0 38.31852 10952 267.0 29.69857 64.0 8.016667 81.0 3.26431 0 0 0 0 0 0 0 0
1840 2000 363.0 22.427099 10774 246.0 15.81882 42.0 9.546254 83.0 1.264086 0 0 0 0 0 0 0 0
1920 400 1124.0 359.3842 11359 763.0 241.6029 201.0 69.07343 184.0 43.6051 0 0 0 0 0 0 0 0
1920 480 2541.0 694.576 11703 1617.0 499.8288 342.0 180.801 466.0 86.849 0 0 0 0 0 0 0 0
1920 560 3412.0 722.64 11548 2173.0 508.1589 463.0 161.3263 539.0 98.778 0 0 0 0 0 0 0 0
1920 640 3286.0 716.313 11278 2094.0 503.7256 516.0 183.3284 555.0 81.39 0 0 0 0 0 0 0 0
1920 720 2547.0 502.9901 10754 1646.0 375.4601 471.0 136.9682 379.0 80.4725 0 0 0 0 0 0 0 0
1920 800 1798.0 362.3186 10759 1233.0 267.3872 377.0 87.25334 245.0 56.2106 0 0 0 0 0 0 0 0
1920 880 1083.0 192.6719 10735 744.0 140.44045 270.0 54.96888 159.0 25.1967 0 0 0 0 0 0 0 0
1920 960 728.0 129.9368 10730 500.0 88.26229 178.0 31.7673 84.0 18.7416 0 0 0 0 0 0 0 0
1920 1040 536.0 68.4547 10697 362.0 55.15743 112.0 23.11033 97.0 3.03641 0 0 0 0 0 0 0 0
1920 1120 430.0 69.7796 10898 281.0 56.67155 78.0 28.32205 96.0 3.9757 0 0 0 0 0 0 0 0
1920 1200 435.0 36.80291 10784 288.0 24.73128 75.0 13.609449 59.0 0.71914 0 0 0 0 0 0 0 0
1920 1280 438.0 16.83028 10916 285.0 12.68918 77.0 3.289088 69.0 2.56179 0 0 0 0 0 0 0 0
1920 1360 400.0 36.51392 10737 262.0 31.22447 58.0 9.426643 67.0 2.58733 0 0 0 0 0 0 0 0
1920 1440 400.0 29.087238 10837 259.0 21.458818 52.0 5.606871 63.0 1.63199 0 0 0 0 0 0 0 0
1920 1520 422.0 27.989952 11072 288.0 24.518302 73.0 16.322529 81.0 3.827958 0 0 0 0 0 0 0 0
1920 1600 356.0 30.304868 10862 242.0 20.272628 57.0 4.704726 54.0 1.36111 0 0 0 0 0 0 0 0
1920 1680 386.0 18.371638 10731 259.0 12.02317 59.0 4.977668 61.0 8.917679 0 0 0 0 0 0 0 0
1920 1760 361.0 34.841707 10825 235.0 30.279438 52.0 19.476879 64.0 3.70726 0 0 0 0 0 0 0 0
1920 1840 346.0 29.67725 10813 231.0 25.53851 59.0 11.4375 67.0 3.25715 0 0 0 0 0 0 0 0
1920 1920 390.0 18.1442 10746 261.0 12.98139 59.0 2.081144 60.0 2.98456 0 0 0 0 0 0 0 0
1920 2000 374.0 34.00249 10753 258.0 30.19586 54.0 14.855223 71.0 1.46231 0 0 0 0 0 0 0 0
2000 400 1075.0 329.5382 11198 701.0 224.8902 188.0 74.76246 188.0 39.9946 0 0 0 0 0 0 0 0
2000 480 2475.0 675.749 11621 1562.0 473.9198 331.0 146.7864 431.0 82.57 0 0 0 0 0 0 0 0
2000 560 3323.0 693.5339 11409 2058.0 493.2016 394.0 169.5682 593.0 74.8115 0 0 0 0 0 0 0 0
2000 640 3281.0 659.031 11268 2080.0 474.4253 501.0 156.4666 552.0 93.9842 0 0 0 0 0 0 0 0
2000 720 2615.0 510.8805 10814 1714.0 383.3694 471.0 141.79116 355.0 62.6727 0 0 0 0 0 0 0 0
2000 800 1726.0 360.3486 10676 1180.0 235.9977 389.0 91.12341 260.0 45.8625 0 0 0 0 0 0 0 0
2000 880 1116.0 195.71528 10847 740.0 136.13697 241.0 74.0477 156.0 38.58282 0 0 0 0 0 0 0 0
2000 960 724.0 120.2135 10636 492.0 83.5378 149.0 34.96861 99.0 16.2918 0 0 0 0 0 0 0 0
2000 1040 517.0 70.93338 10805 361.0 55.31074 96.0 23.72927 76.0 3.35968 0 0 0 0 0 0 0 0
2000 1120 440.0 44.254456 10601 289.0 33.121796 77.0 10.84585 62.0 5.569514 0 0 0 0 0 0 0 0
2000 1200 436.0 52.52736 10941 271.0 40.49626 66.0 9.762376 69.0 4.85954 0 0 0 0 0 0 0 0
2000 1280 402.0 26.892587 10632 258.0 18.377647 60.0 7.806144 82.0 3.07794 0 0 0 0 0 0 0 0
2000 1360 359.0 23.8354 10933 231.0 20.198505 44.0 5.9229 57.0 2.63532 0 0 0 0 0 0 0 0
2000 1440 360.0 17.39198 10773 237.0 12.05773 56.0 3.009224 66.0 1.38827 0 0 0 0 0 0 0 0
2000 1520 391.0 20.87941 10821 263.0 14.723699 66.0 3.62595 66.0 2.19057 0 0 0 0 0 0 0 0
2000 1600 397.0 32.14022 10760 265.0 15.77029 51.0 3.783454 61.0 5.7999 0 0 0 0 0 0 0 0
2000 1680 380.0 23.144779 10855 228.0 20.473199 50.0 6.106464 67.0 1.419594 0 0 0 0 0 0 0 0
2000 1760 372.0 23.95785 10802 234.0 19.7226 53.0 7.75359 56.0 2.86257 0 0 0 0 0 0 0 0
2000 1840 399.0 17.653177 10790 250.0 14.876069 51.0 8.160479 76.0 1.39726 0 0 0 0 0 0 0 0
2000 1920 385.0 19.22639 10892 249.0 12.54966 67.0 5.16445 54.0 4.35577 0 0 0 0 0 0 0 0
2000 2000 383.0 20.08586 10734 248.0 13.07844 54.0 2.520544 64.0 0.60488 0 0 0 0 0 0 0 0
