160 160 0.0 0.0 6 0.0 0.0 0.0 0.0 0.0 0.0 0 0 0 0 0 0 0 0 2.0 2.0
160 240 1.0 0.0 33 1.0 0.0 0.0 0.0 0.0 0.0 0 0 0 0 0 0 0 0 14.0 14.0
160 320 2.0 0.0 47 1.0 0.0 0.0 0.0 0.0 0.0 0 0 0 0 0 0 0 0 16.0 16.0
160 400 2.0 0.0 63 1.0 0.0 0.0 0.0 1.0 0.0 0 0 0 0 0 0 0 0 21.0 21.0
160 480 3.0 0.180725 75 2.0 0.180725 0.0 0.0 3.0 0.0 0 0 0 0 0 0 0 0 27.0 27.0
160 560 5.0 0.0 64 2.0 0.0 0.0 0.0 0.0 0.0 0 0 0 0 0 0 0 0 18.0 18.0
160 640 2.0 0.0 69 1.0 0.0 0.0 0.0 1.0 0.0 0 0 0 0 0 0 0 0 19.0 19.0
160 720 2.0 0.0 74 1.0 0.0 0.0 0.0 0.0 0.0 0 0 0 0 0 0 0 0 24.0 24.0
160 800 1.0 0.0 76 0.0 0.0 0.0 0.0 0.0 0.0 0 0 0 0 0 0 0 0 14.0 14.0
160 880 6.0 0.204272 81 4.0 0.204272 2.0 0.0 1.0 0.0 0 0 0 0 0 0 0 0 23.0 23.0
160 960 4.0 0.0 73 1.0 0.0 1.0 0.0 1.0 0.170448 0 0 0 0 0 0 0 0 21.0 21.0
160 1040 6.0 1.08826 75 2.0 1.08826 1.0 0.0 0.0 0.0 0 0 0 0 0 0 0 0 21.0 21.0
160 1120 4.0 0.172507 88 3.0 0.172507 0.0 0.0 0.0 0.0 0 0 0 0 0 0 0 0 23.0 23.0
160 1200 1.0 0.0 95 1.0 0.0 1.0 0.0 0.0 0.0 0 0 0 0 0 0 0 0 30.0 30.0
160 1280 4.0 0.014 79 3.0 0.014 1.0 0.0 1.0 0.0 0 0 0 0 0 0 0 0 22.0 22.0
160 1360 0.0 0.0 66 0.0 0.0 0.0 0.0 0.0 0.0 0 0 0 0 0 0 0 0 16.0 16.0
160 1440 3.0 0.0 78 1.0 0.0 0.0 0.0 0.0 0.0 0 0 0 0 0 0 0 0 19.0 19.0
160 1520 7.0 0.014 88 4.0 0.0 0.0 0.0 1.0 0.0 0 0 0 0 0 0 0 0 33.0 33.0
160 1600 0.0 0.44087 63 0.0 0.41287 0.0 0.0 0.0 0.0 0 0 0 0 0 0 0 0 17.0 17.0
160 1680 2.0 0.19179 88 1.0 0.0 0.0 0.0 0.0 0.0 0 0 0 0 0 0 0 0 31.0 31.0
160 1760 6.0 0.0 77 3.0 0.0 3.0 0.0 0.0 0.0 0 0 0 0 0 0 0 0 21.0 21.0
160 1840 2.0 0.0 77 1.0 0.0 0.0 0.0 0.0 0.0 0 0 0 0 0 0 0 0 26.0 26.0
160 1920 2.0 0.0 73 1.0 0.0 0.0 0.0 0.0 0.0 0 0 0 0 0 0 0 0 22.0 22.0
160 2000 3.0 0.0 65 1.0 0.0 1.0 0.0 1.0 0.0 0 0 0 0 0 0 0 0 23.0 23.0
240 160 0 0 0 0 0 0 0 0 0 0 0 0 0 0 0 0 0 0 0
240 240 0.0 0.0 23 0.0 0.0 0.0 0.0 2.0 0.0 0 0 0 0 0 0 0 0 8.0 8.0
240 320 2.0 0.76134 85 2.0 0.76134 0.0 0.76134 0.0 0.5359 0 0 0 0 0 0 0 0 38.0 38.0
240 400 3.0 1.04123 129 2.0 0.0 1.0 0.0 1.0 0.0 0 0 0 0 0 0 0 0 43.0 43.0
240 480 10.0 0.423654 171 8.0 0.423654 5.0 0.0 2.0 0.0 0 0 0 0 0 0 0 0 63.0 63.0
240 560 13.0 1.73683 220 10.0 1.3985 4.0 0.837232 2.0 0.51264 0 0 0 0 0 0 0 0 86.0 86.0
240 640 7.0 0.230018 198 2.0 0.0 1.0 0.0 2.0 0.0 0 0 0 0 0 0 0 0 74.0 74.0
240 720 8.0 0.617144 259 6.0 0.014 2.0 0.0 3.0 1.492096 0 0 0 0 0 0 0 0 97.0 97.0
240 800 18.0 0.717334 298 10.0 0.717334 4.0 0.717334 3.0 0.0 0 0 0 0 0 0 0 0 112.0 112.0
240 880 19.0 1.62955 303 14.0 0.56347 1.0 0.173387 0.0 0.18114 0 0 0 0 0 0 0 0 117.0 117.0
240 960 20.0 0.014 296 12.0 0.014 2.0 0.0 3.0 0.0 0 0 0 0 0 0 0 0 107.0 107.0
240 1040 20.0 0.87997 310 8.0 0.87997 2.0 0.0 5.0 0.18834 0 0 0 0 0 0 0 0 108.0 108.0
240 1120 16.0 1.33879 309 9.0 1.33879 3.0 0.950699 3.0 0.0 0 0 0 0 0 0 0 0 123.0 123.0
240 1200 24.0 2.29988 329 16.0 2.07578 1.0 0.0 3.0 0.0 0 0 0 0 0 0 0 0 124.0 124.0
240 1280 17.0 0.679993 321 10.0 0.466464 1.0 0.170311 4.0 0.0 0 0 0 0 0 0 0 0 118.0 118.0
240 1360 13.0 1.45705 319 3.0 0.562771 1.0 0.33352 2.0 0.0 0 0 0 0 0 0 0 0 123.0 123.0
240 1440 24.0 0.418018 319 12.0 0.404018 0.0 0.0 2.0 0.0 0 0 0 0 0 0 0 0 130.0 130.0
240 1520 17.0 1.6067 351 10.0 1.42402 4.0 0.0 1.0 2.77904 0 0 0 0 0 0 0 0 129.0 129.0
240 1600 15.0 0.499398 360 9.0 0.249109 2.0 0.0 2.0 0.0 0 0 0 0 0 0 0 0 140.0 140.0
240 1680 20.0 1.02072 347 14.0 0.654849 4.0 0.0 1.0 0.0 0 0 0 0 0 0 0 0 130.0 130.0
240 1760 20.0 0.75679 350 15.0 0.554776 3.0 0.186315 3.0 0.0 0 0 0 0 0 0 0 0 128.0 128.0
240 1840 16.0 0.234372 319 13.0 0.220372 3.0 0.0 6.0 0.0 0 0 0 0 0 0 0 0 122.0 122.0
240 1920 12.0 1.72153 360 6.0 0.367364 0.0 0.169825 1.0 0.0 0 0 0 0 0 0 0 0 120.0 120.0
240 2000 26.0 0.655564 385 18.0 0.299636 4.0 0.0 7.0 0.0 0 0 0 0 0 0 0 0 143.0 143.0
320 160 0 0 0 0 0 0 0 0 0 0 0 0 0 0 0 0 0 0 0
320 240 0 0 0 0 0 0 0 0 0 0 0 0 0 0 0 0 0 0 0
320 320 5.0 0.0 52 2.0 0.0 0.0 0.0 0.0 0.969983 0 0 0 0 0 0 0 0 23.0 23.0
320 400 7.0 0.597925 120 4.0 0.365706 2.0 0.0 1.0 0.0 0 0 0 0 0 0 0 0 55.0 55.0
320 480 14.0 1.20176 216 11.0 0.832312 3.0 0.0 7.0 0.83971 0 0 0 0 0 0 0 0 91.0 91.0
320 560 19.0 1.25381 259 15.0 1.25381 4.0 1.25381 5.0 0.0 0 0 0 0 0 0 0 0 112.0 112.0
320 640 32.0 0.96454 325 15.0 0.579248 5.0 0.0 5.0 0.94386 0 0 0 0 0 0 0 0 124.0 124.0
320 720 27.0 1.98733 375 20.0 1.98733 2.0 0.0 3.0 0.0 0 0 0 0 0 0 0 0 161.0 161.0
320 800 30.0 2.57653 460 21.0 1.06603 3.0 0.857803 5.0 0.34925 0 0 0 0 0 0 0 0 200.0 200.0
320 880 30.0 2.56895 416 19.0 1.85275 4.0 0.215368 2.0 0.0 0 0 0 0 0 0 0 0 185.0 185.0
320 960 33.0 2.68653 476 19.0 0.982846 4.0 0.255533 6.0 0.0 0 0 0 0 0 0 0 0 197.0 197.0
320 1040 35.0 1.42829 546 24.0 1.42829 10.0 0.174273 6.0 0.0 0 0 0 0 0 0 0 0 237.0 237.0
320 1120 33.0 2.45893 513 19.0 1.88218 6.0 0.498341 7.0 0.0 0 0 0 0 0 0 0 0 216.0 216.0
320 1200 31.0 4.4172 519 21.0 1.50528 7.0 0.0 10.0 0.4383 0 0 0 0 0 0 0 0 223.0 223.0
320 1280 46.0 5.23543 533 28.0 3.12733 9.0 2.56991 6.0 0.21914 0 0 0 0 0 0 0 0 241.0 241.0
320 1360 48.0 6.83114 581 33.0 5.73938 9.0 2.79413 7.0 3.49826 0 0 0 0 0 0 0 0 271.0 271.0
320 1440 48.0 2.77559 610 30.0 2.60412 6.0 0.0 9.0 0.72465 0 0 0 0 0 0 0 0 280.0 280.0
320 1520 42.0 1.18482 577 27.0 1.18482 12.0 0.998026 12.0 1.28707 0 0 0 0 0 0 0 0 259.0 259.0
320 1600 37.0 4.73505 636 27.0 3.358 6.0 1.12697 7.0 0.0 0 0 0 0 0 0 0 0 283.0 283.0
320 1680 54.0 2.82715 657 28.0 0.654851 9.0 0.459231 8.0 0.30603 0 0 0 0 0 0 0 0 281.0 281.0
320 1760 47.0 2.12435 643 25.0 0.014 6.0 0.0 7.0 0.30104 0 0 0 0 0 0 0 0 272.0 272.0
320 1840 48.0 4.17709 670 34.0 3.57664 9.0 1.5258 12.0 0.78893 0 0 0 0 0 0 0 0 302.0 302.0
320 1920 39.0 3.80761 673 27.0 1.46126 6.0 0.570752 7.0 0.0 0 0 0 0 0 0 0 0 285.0 285.0
320 2000 48.0 4.11857 680 33.0 2.53559 9.0 0.210529 7.0 3.311 0 0 0 0 0 0 0 0 305.0 305.0
400 160 0 0 0 0 0 0 0 0 0 0 0 0 0 0 0 0 0 0 0
400 240 0 0 0 0 0 0 0 0 0 0 0 0 0 0 0 0 0 0 0
400 320 0 0 0 0 0 0 0 0 0 0 0 0 0 0 0 0 0 0 0
400 400 1245.0 444.9369 15000 865.0 324.1936 262.0 111.09909 180.0 57.8305 0 0 0 0 0 0 0 0 6913.0 6913.0
400 480 1797.0 436.7511 13639 1174.0 311.9789 324.0 134.0478 262.0 62.2955 0 0 0 0 0 0 0 0 6467.0 6467.0
400 560 1746.0 420.1465 12739 1136.0 303.4483 317.0 110.89053 291.0 52.2285 0 0 0 0 0 0 0 0 6120.0 6120.0
400 640 1578.0 409.2028 12038 1063.0 300.5847 321.0 118.103 270.0 67.8749 0 0 0 0 0 0 0 0 5886.0 5886.0
400 720 1691.0 464.00081 12640 1156.0 335.10776 360.0 137.545724 252.0 46.4583 0 0 0 0 0 0 0 0 6223.0 6223.0
400 800 1361.0 392.2569 11905 960.0 286.0368 293.0 128.0424 183.0 45.277 0 0 0 0 0 0 0 0 5760.0 5760.0
400 880 1256.0 334.4435 11655 875.0 244.9257 287.0 145.3527 173.0 59.0135 0 0 0 0 0 0 0 0 5591.0 5591.0
400 960 1175.0 328.9736 11876 844.0 234.0572 276.0 81.42525 148.0 37.7096 0 0 0 0 0 0 0 0 5733.0 5733.0
400 1040 1192.0 356.1932 11975 825.0 258.2212 245.0 132.0079 187.0 33.9829 0 0 0 0 0 0 0 0 5656.0 5656.0
400 1120 1072.0 317.3291 11946 733.0 242.6137 241.0 108.03287 151.0 54.6321 0 0 0 0 0 0 0 0 5568.0 5568.0
400 1200 1091.0 329.717 12141 742.0 242.0919 254.0 72.82616 158.0 23.1644 0 0 0 0 0 0 0 0 5752.0 5752.0
400 1280 1045.0 311.6685 12305 713.0 239.2614 221.0 120.0627 169.0 43.9135 0 0 0 0 0 0 0 0 5734.0 5734.0
400 1360 1112.0 315.6197 12016 725.0 236.0712 249.0 105.0995 190.0 28.7681 0 0 0 0 0 0 0 0 5483.0 5483.0
400 1440 1110.0 292.4649 12223 775.0 194.2172 235.0 81.9377 179.0 31.3109 0 0 0 0 0 0 0 0 5692.0 5692.0
400 1520 1072.0 278.7722 12328 724.0 219.4354 234.0 90.5174 159.0 48.6691 0 0 0 0 0 0 0 0 5788.0 5788.0
400 1600 1098.0 314.1836 12233 762.0 228.3685 201.0 97.5778 172.0 36.7888 0 0 0 0 0 0 0 0 5662.0 5662.0
400 1680 1081.0 256.39015 12556 736.0 179.18525 204.0 64.86973 171.0 33.91032 0 0 0 0 0 0 0 0 5920.0 5920.0
400 1760 1064.0 299.238 12473 744.0 217.6177 216.0 97.59994 162.0 45.0179 0 0 0 0 0 0 0 0 5745.0 5745.0
400 1840 1136.0 279.6398 12316 747.0 220.3863 229.0 93.7751 173.0 33.7239 0 0 0 0 0 0 0 0 5689.0 5689.0
400 1920 1096.0 282.66788 12728 766.0 213.01513 204.0 99.721697 187.0 32.3587 0 0 0 0 0 0 0 0 5898.0 5898.0
400 2000 1129.0 290.46711 12615 747.0 220.50278 204.0 93.47569 134.0 45.11834 0 0 0 0 0 0 0 0 5838.0 5838.0
480 160 0 0 0 0 0 0 0 0 0 0 0 0 0 0 0 0 0 0 0
480 240 0 0 0 0 0 0 0 0 0 0 0 0 0 0 0 0 0 0 0
480 320 0 0 0 0 0 0 0 0 0 0 0 0 0 0 0 0 0 0 0
480 400 1368.0 460.3359 10976 914.0 333.47 246.0 123.80643 221.0 54.8569 0 0 0 0 0 0 0 0 5273.0 5273.0
480 480 3070.0 677.3137 15000 1968.0 485.3281 476.0 157.2167 486.0 108.2703 0 0 0 0 0 0 0 0 7627.0 7627.0
480 560 3249.0 599.8353 13050 2078.0 436.8755 502.0 162.8143 536.0 80.9253 0 0 0 0 0 0 0 0 6776.0 6776.0
480 640 3234.0 511.21713 12581 2063.0 389.78183 523.0 155.586133 546.0 93.72948 0 0 0 0 0 0 0 0 6509.0 6509.0
480 720 3050.0 467.3788 12060 1986.0 351.9848 515.0 137.3955 479.0 48.8476 0 0 0 0 0 0 0 0 6456.0 6456.0
480 800 2864.0 463.2693 11649 1919.0 337.4754 543.0 129.9369 473.0 65.7599 0 0 0 0 0 0 0 0 6245.0 6245.0
480 880 2790.0 458.4505 11755 1847.0 348.2172 476.0 154.0817 439.0 50.1376 0 0 0 0 0 0 0 0 6313.0 6313.0
480 960 2715.0 488.7814 11609 1767.0 378.8061 476.0 204.6176 418.0 52.771 0 0 0 0 0 0 0 0 6094.0 6094.0
480 1040 2626.0 422.1536 12256 1747.0 311.544 452.0 138.0448 443.0 55.2149 0 0 0 0 0 0 0 0 6361.0 6361.0
480 1120 2498.0 396.3757 11527 1664.0 287.631 461.0 131.897 433.0 53.2642 0 0 0 0 0 0 0 0 6066.0 6066.0
480 1200 2445.0 437.0354 11490 1628.0 325.8772 440.0 140.5288 440.0 47.8087 0 0 0 0 0 0 0 0 6059.0 6059.0
480 1280 2536.0 445.0901 11975 1658.0 324.6656 420.0 130.3248 425.0 35.8781 0 0 0 0 0 0 0 0 6251.0 6251.0
480 1360 2633.0 424.55 12282 1705.0 300.1352 452.0 93.73787 401.0 48.279 0 0 0 0 0 0 0 0 6329.0 6329.0
480 1440 2556.0 430.6214 12181 1688.0 314.3676 425.0 102.1639 408.0 44.9065 0 0 0 0 0 0 0 0 6407.0 6407.0
480 1520 2537.0 423.0972 11859 1641.0 326.5988 421.0 160.4801 426.0 35.1622 0 0 0 0 0 0 0 0 6156.0 6156.0
480 1600 2487.0 412.4033 11686 1620.0 320.4779 446.0 147.6253 411.0 45.2884 0 0 0 0 0 0 0 0 6071.0 6071.0
480 1680 2538.0 425.9962 12175 1713.0 301.4501 459.0 108.4161 445.0 38.7587 0 0 0 0 0 0 0 0 6338.0 6338.0
480 1760 2607.0 405.4355 12159 1699.0 304.4502 471.0 143.816 401.0 61.3426 0 0 0 0 0 0 0 0 6336.0 6336.0
480 1840 2373.0 450.6488 11627 1583.0 332.9614 428.0 161.8403 395.0 44.449 0 0 0 0 0 0 0 0 6018.0 6018.0
480 1920 2447.0 423.3697 11632 1564.0 333.1873 433.0 121.9764 380.0 40.8781 0 0 0 0 0 0 0 0 6056.0 6056.0
480 2000 2510.0 417.4176 11762 1633.0 306.3198 434.0 117.7942 397.0 36.5249 0 0 0 0 0 0 0 0 6074.0 6074.0
560 160 0 0 0 0 0 0 0 0 0 0 0 0 0 0 0 0 0 0 0
560 240 0 0 0 0 0 0 0 0 0 0 0 0 0 0 0 0 0 0 0
560 320 0 0 0 0 0 0 0 0 0 0 0 0 0 0 0 0 0 0 0
560 400 1418.0 470.8683 11135 918.0 313.1042 243.0 127.3116 246.0 62.3681 0 0 0 0 0 0 0 0 5379.0 5379.0
560 480 2561.0 681.1702 11356 1651.0 488.66 369.0 144.2247 444.0 95.1664 0 0 0 0 0 0 0 0 5707.0 5707.0
560 560 4223.0 856.674 15000 2706.0 632.9051 727.0 245.5521 681.0 94.128 0 0 0 0 0 0 0 0 8085.0 8085.0
560 640 3965.0 582.7609 12387 2497.0 432.5173 694.0 163.465 623.0 72.4941 0 0 0 0 0 0 0 0 6694.0 6694.0
560 720 3913.0 512.7582 12434 2565.0 353.1606 700.0 153.584 651.0 48.5875 0 0 0 0 0 0 0 0 6925.0 6925.0
560 800 3819.0 544.4627 12115 2555.0 387.6901 721.0 162.6514 629.0 50.5462 0 0 0 0 0 0 0 0 6799.0 6799.0
560 880 3700.0 534.1895 12038 2496.0 390.2803 712.0 189.6291 596.0 70.4465 0 0 0 0 0 0 0 0 6762.0 6762.0
560 960 3478.0 507.2512 11673 2287.0 380.7724 653.0 144.3708 535.0 63.7849 0 0 0 0 0 0 0 0 6535.0 6535.0
560 1040 3418.0 515.952 11541 2331.0 368.9114 686.0 172.0661 486.0 71.9664 0 0 0 0 0 0 0 0 6559.0 6559.0
560 1120 3385.0 467.0955 11735 2283.0 324.1439 667.0 131.0826 547.0 44.2011 0 0 0 0 0 0 0 0 6551.0 6551.0
560 1200 3149.0 481.5115 11038 2102.0 380.0187 617.0 170.9834 510.0 65.6689 0 0 0 0 0 0 0 0 6167.0 6167.0
560 1280 3275.0 437.5516 11290 2177.0 331.536 650.0 128.4349 472.0 55.7939 0 0 0 0 0 0 0 0 6345.0 6345.0
560 1360 3208.0 477.6728 11440 2170.0 370.4034 598.0 127.3459 516.0 45.1125 0 0 0 0 0 0 0 0 6419.0 6419.0
560 1440 3303.0 473.8373 11538 2229.0 355.1007 633.0 132.8561 548.0 44.9021 0 0 0 0 0 0 0 0 6451.0 6451.0
560 1520 3247.0 518.127 11555 2140.0 391.5465 635.0 175.7319 558.0 62.3301 0 0 0 0 0 0 0 0 6296.0 6296.0
560 1600 3279.0 407.891 11529 2194.0 298.4836 640.0 116.1627 499.0 48.2164 0 0 0 0 0 0 0 0 6463.0 6463.0
560 1680 3080.0 444.8583 11084 1987.0 332.2867 602.0 145.5507 495.0 41.0615 0 0 0 0 0 0 0 0 6052.0 6052.0
560 1760 3302.0 487.7805 11734 2131.0 346.303 634.0 136.9273 533.0 47.6743 0 0 0 0 0 0 0 0 6402.0 6402.0
560 1840 3163.0 487.9362 11381 2096.0 342.9558 621.0 156.9608 503.0 37.1641 0 0 0 0 0 0 0 0 6354.0 6354.0
560 1920 3000.0 402.6808 11038 2029.0 312.7944 596.0 135.7586 439.0 45.7822 0 0 0 0 0 0 0 0 6112.0 6112.0
560 2000 3092.0 471.8367 11339 2087.0 355.8555 617.0 158.8533 525.0 53.0358 0 0 0 0 0 0 0 0 6280.0 6280.0
640 160 0 0 0 0 0 0 0 0 0 0 0 0 0 0 0 0 0 0 0
640 240 0 0 0 0 0 0 0 0 0 0 0 0 0 0 0 0 0 0 0
640 320 0 0 0 0 0 0 0 0 0 0 0 0 0 0 0 0 0 0 0
640 400 1483.0 478.1181 11104 1007.0 338.2913 278.0 122.02774 226.0 78.9442 0 0 0 0 0 0 0 0 5391.0 5391.0
640 480 2824.0 733.3494 11350 1785.0 500.2994 445.0 170.1575 486.0 97.1166 0 0 0 0 0 0 0 0 5909.0 5909.0
640 560 3396.0 725.2842 11153 2179.0 533.0359 538.0 213.52214 576.0 88.672 0 0 0 0 0 0 0 0 5924.0 5924.0
640 640 3960.0 660.0595 11775 2644.0 489.1532 771.0 187.1673 579.0 60.1301 0 0 0 0 0 0 0 0 6783.0 6783.0
640 720 4104.0 622.8447 11429 2831.0 484.7467 937.0 220.5212 568.0 89.3565 0 0 0 0 0 0 0 0 6721.0 6721.0
640 800 4107.0 676.9427 11699 2850.0 496.3158 992.0 227.581 590.0 72.0133 0 0 0 0 0 0 0 0 6946.0 6946.0
640 880 4056.0 581.7029 11479 2786.0 425.8928 976.0 181.7822 518.0 75.9274 0 0 0 0 0 0 0 0 6855.0 6855.0
640 960 3811.0 558.5102 11008 2628.0 419.3362 923.0 158.95472 522.0 50.1064 0 0 0 0 0 0 0 0 6534.0 6534.0
640 1040 3723.0 484.7749 11041 2640.0 392.4113 911.0 184.0167 524.0 54.8017 0 0 0 0 0 0 0 0 6628.0 6628.0
640 1120 3607.0 546.9477 10953 2474.0 391.9487 847.0 167.2677 554.0 60.796 0 0 0 0 0 0 0 0 6422.0 6422.0
640 1200 3531.0 521.2438 10919 2414.0 373.9536 782.0 185.3365 500.0 60.4636 0 0 0 0 0 0 0 0 6389.0 6389.0
640 1280 3536.0 464.6381 10826 2435.0 323.2764 878.0 107.6816 488.0 55.7853 0 0 0 0 0 0 0 0 6393.0 6393.0
640 1360 3331.0 473.609 10545 2290.0 333.8739 799.0 128.57571 475.0 55.9404 0 0 0 0 0 0 0 0 6126.0 6126.0
640 1440 3408.0 465.0833 10656 2332.0 323.1257 794.0 137.1374 455.0 57.7861 0 0 0 0 0 0 0 0 6268.0 6268.0
640 1520 3608.0 485.9998 11109 2466.0 371.0889 870.0 172.7562 491.0 53.6771 0 0 0 0 0 0 0 0 6651.0 6651.0
640 1600 3524.0 445.0827 11046 2442.0 309.5458 798.0 120.2131 483.0 53.8677 0 0 0 0 0 0 0 0 6485.0 6485.0
640 1680 3353.0 440.9251 10635 2266.0 308.048 742.0 123.43017 492.0 49.2978 0 0 0 0 0 0 0 0 6116.0 6116.0
640 1760 3264.0 453.9064 10492 2233.0 338.75332 739.0 139.48286 421.0 47.2647 0 0 0 0 0 0 0 0 6100.0 6100.0
640 1840 3322.0 503.2839 10749 2354.0 398.0629 820.0 178.369 461.0 55.1673 0 0 0 0 0 0 0 0 6383.0 6383.0
640 1920 3502.0 465.0025 11038 2426.0 318.8693 829.0 124.85024 466.0 65.3512 0 0 0 0 0 0 0 0 6456.0 6456.0
640 2000 3376.0 498.4211 10980 2280.0 377.3411 812.0 178.8747 488.0 65.1303 0 0 0 0 0 0 0 0 6333.0 6333.0
720 160 0 0 0 0 0 0 0 0 0 0 0 0 0 0 0 0 0 0 0
720 240 0 0 0 0 0 0 0 0 0 0 0 0 0 0 0 0 0 0 0
720 320 0 0 0 0 0 0 0 0 0 0 0 0 0 0 0 0 0 0 0
720 400 1390.0 476.754 11153 915.0 337.6067 264.0 120.6164 218.0 74.6387 0 0 0 0 0 0 0 0 5441.0 5441.0
720 480 2742.0 767.4437 11169 1789.0 538.2275 467.0 173.0744 481.0 106.7125 0 0 0 0 0 0 0 0 5861.0 5861.0
720 560 3667.0 813.614 11385 2342.0 577.417 623.0 214.5459 558.0 110.843 0 0 0 0 0 0 0 0 6131.0 6131.0
720 640 3839.0 707.2886 10831 2553.0 498.3079 743.0 154.30482 563.0 102.722 0 0 0 0 0 0 0 0 6170.0 6170.0
720 720 4167.0 711.6777 11574 2947.0 521.4208 1066.0 193.5558 551.0 69.4833 0 0 0 0 0 0 0 0 7153.0 7153.0
720 800 4250.0 741.6236 11422 3023.0 543.2513 1183.0 239.9322 504.0 56.3154 0 0 0 0 0 0 0 0 7214.0 7214.0
720 880 4155.0 672.6703 11311 2979.0 515.0787 1154.0 225.2171 501.0 76.2462 0 0 0 0 0 0 0 0 7097.0 7097.0
720 960 3880.0 593.1321 10962 2785.0 443.3791 1111.0 211.2566 473.0 65.646 0 0 0 0 0 0 0 0 6782.0 6782.0
720 1040 3940.0 607.3648 11173 2843.0 421.8736 1148.0 191.1158 512.0 62.4112 0 0 0 0 0 0 0 0 6990.0 6990.0
720 1120 3753.0 537.2672 10934 2721.0 378.9081 1110.0 159.012 439.0 79.5984 0 0 0 0 0 0 0 0 6766.0 6766.0
720 1200 3677.0 571.2841 10892 2608.0 445.0803 1005.0 197.851 449.0 46.7187 0 0 0 0 0 0 0 0 6716.0 6716.0
720 1280 3489.0 500.9343 10508 2469.0 360.8673 978.0 173.7869 417.0 45.5086 0 0 0 0 0 0 0 0 6463.0 6463.0
720 1360 3694.0 574.9195 10967 2627.0 419.6193 1034.0 168.0239 447.0 47.7899 0 0 0 0 0 0 0 0 6727.0 6727.0
720 1440 3705.0 441.9055 11052 2627.0 345.7497 1017.0 154.9698 457.0 54.1568 0 0 0 0 0 0 0 0 6746.0 6746.0
720 1520 3526.0 499.7369 10828 2488.0 349.2583 973.0 191.9575 418.0 68.0715 0 0 0 0 0 0 0 0 6619.0 6619.0
720 1600 3375.0 542.0085 10598 2418.0 416.1355 936.0 184.43984 427.0 46.5015 0 0 0 0 0 0 0 0 6296.0 6296.0
720 1680 3385.0 557.1332 10546 2422.0 418.419 969.0 210.696 437.0 55.4588 0 0 0 0 0 0 0 0 6354.0 6354.0
720 1760 3374.0 534.133 10616 2413.0 397.2511 961.0 217.72514 405.0 46.7913 0 0 0 0 0 0 0 0 6406.0 6406.0
720 1840 3286.0 465.6031 10633 2317.0 353.4314 904.0 179.7007 411.0 59.6661 0 0 0 0 0 0 0 0 6344.0 6344.0
720 1920 3528.0 435.5999 10674 2486.0 343.2924 938.0 144.0285 393.0 41.297 0 0 0 0 0 0 0 0 6529.0 6529.0
720 2000 3599.0 474.2254 10901 2544.0 347.3293 979.0 164.7046 400.0 39.2734 0 0 0 0 0 0 0 0 6585.0 6585.0
800 160 0 0 0 0 0 0 0 0 0 0 0 0 0 0 0 0 0 0 0
800 240 0 0 0 0 0 0 0 0 0 0 0 0 0 0 0 0 0 0 0
800 320 0 0 0 0 0 0 0 0 0 0 0 0 0 0 0 0 0 0 0
800 400 1319.0 406.5414 11181 876.0 301.1273 261.0 103.3749 178.0 66.1421 0 0 0 0 0 0 0 0 5393.0 5393.0
800 480 2846.0 778.308 11569 1859.0 546.8465 466.0 186.5468 452.0 111.616 0 0 0 0 0 0 0 0 6068.0 6068.0
800 560 3570.0 820.753 11296 2291.0 553.0421 602.0 180.5584 585.0 93.754 0 0 0 0 0 0 0 0 6104.0 6104.0
800 640 3848.0 887.6569 11048 2566.0 636.9117 754.0 247.647 536.0 91.1127 0 0 0 0 0 0 0 0 6274.0 6274.0
800 720 3825.0 721.1287 10461 2663.0 550.726 917.0 226.026 516.0 73.69 0 0 0 0 0 0 0 0 6266.0 6266.0
800 800 4194.0 756.907 11421 3102.0 554.4535 1325.0 266.8464 486.0 95.5256 0 0 0 0 0 0 0 0 7381.0 7381.0
800 880 4189.0 712.1309 11401 3101.0 524.6354 1401.0 256.2823 482.0 79.5574 0 0 0 0 0 0 0 0 7425.0 7425.0
800 960 4235.0 644.5527 11433 3133.0 470.6308 1372.0 211.0086 452.0 64.3993 0 0 0 0 0 0 0 0 7332.0 7332.0
800 1040 3769.0 575.5479 10884 2780.0 398.8879 1281.0 181.9741 383.0 50.6646 0 0 0 0 0 0 0 0 6897.0 6897.0
800 1120 3629.0 492.6225 10717 2694.0 377.4867 1234.0 176.2988 350.0 70.0803 0 0 0 0 0 0 0 0 6764.0 6764.0
800 1200 3502.0 470.3107 10708 2584.0 364.6875 1162.0 187.53996 354.0 78.4586 0 0 0 0 0 0 0 0 6655.0 6655.0
800 1280 3443.0 618.3028 10622 2544.0 447.6845 1165.0 175.8077 393.0 51.4633 0 0 0 0 0 0 0 0 6553.0 6553.0
800 1360 3503.0 462.0678 10824 2609.0 352.8452 1177.0 167.1117 365.0 33.7238 0 0 0 0 0 0 0 0 6749.0 6749.0
800 1440 3321.0 498.6145 10613 2418.0 367.6572 1106.0 186.2846 373.0 65.2445 0 0 0 0 0 0 0 0 6476.0 6476.0
800 1520 3318.0 492.5638 10624 2469.0 378.86838 1059.0 171.63446 377.0 39.2823 0 0 0 0 0 0 0 0 6536.0 6536.0
800 1600 3283.0 487.5273 10705 2423.0 329.3996 1083.0 148.7976 373.0 35.7811 0 0 0 0 0 0 0 0 6550.0 6550.0
800 1680 3343.0 450.076 10674 2443.0 322.8367 1067.0 157.1805 356.0 45.0544 0 0 0 0 0 0 0 0 6432.0 6432.0
800 1760 3008.0 499.5695 10271 2248.0 345.14824 1018.0 176.84544 345.0 66.6204 0 0 0 0 0 0 0 0 6098.0 6098.0
800 1840 2995.0 465.1415 10532 2181.0 351.7803 1000.0 165.06595 303.0 46.6896 0 0 0 0 0 0 0 0 6295.0 6295.0
800 1920 3084.0 495.4333 10709 2270.0 354.0156 976.0 175.55404 367.0 39.523 0 0 0 0 0 0 0 0 6418.0 6418.0
800 2000 3015.0 484.7387 10549 2243.0 341.65162 1010.0 178.89812 342.0 43.5487 0 0 0 0 0 0 0 0 6266.0 6266.0
880 160 0 0 0 0 0 0 0 0 0 0 0 0 0 0 0 0 0 0 0
880 240 0 0 0 0 0 0 0 0 0 0 0 0 0 0 0 0 0 0 0
880 320 0 0 0 0 0 0 0 0 0 0 0 0 0 0 0 0 0 0 0
880 400 1245.0 455.7482 11087 873.0 315.3354 277.0 107.37784 160.0 53.0455 0 0 0 0 0 0 0 0 5277.0 5277.0
880 480 2624.0 756.0145 11582 1738.0 540.8216 454.0 196.6486 399.0 89.4015 0 0 0 0 0 0 0 0 6120.0 6120.0
880 560 3490.0 788.8079 11370 2234.0 528.6524 564.0 167.7341 555.0 100.3471 0 0 0 0 0 0 0 0 6084.0 6084.0
880 640 3668.0 842.0436 11046 2461.0 609.0598 753.0 236.1256 578.0 102.98 0 0 0 0 0 0 0 0 6278.0 6278.0
880 720 3559.0 758.198 10532 2448.0 539.6383 884.0 218.2198 474.0 89.7498 0 0 0 0 0 0 0 0 6160.0 6160.0
880 800 3500.0 745.1507 10221 2550.0 556.7732 1024.0 277.38461 409.0 96.436 0 0 0 0 0 0 0 0 6316.0 6316.0
880 880 3734.0 758.7842 10931 2821.0 534.0874 1348.0 239.115 390.0 78.862 0 0 0 0 0 0 0 0 6989.0 6989.0
880 960 3822.0 726.6022 11263 2901.0 532.7285 1476.0 271.9773 379.0 94.8589 0 0 0 0 0 0 0 0 7174.0 7174.0
880 1040 3575.0 558.4104 11138 2731.0 427.7339 1393.0 204.5719 353.0 79.8935 0 0 0 0 0 0 0 0 7039.0 7039.0
880 1120 3274.0 546.9317 10798 2465.0 411.7068 1146.0 196.3925 301.0 51.0953 0 0 0 0 0 0 0 0 6668.0 6668.0
880 1200 3139.0 537.1308 10587 2388.0 406.0796 1185.0 201.1568 312.0 30.7965 0 0 0 0 0 0 0 0 6422.0 6422.0
880 1280 3094.0 492.164 10946 2392.0 392.3002 1151.0 193.3329 315.0 51.7191 0 0 0 0 0 0 0 0 6715.0 6715.0
880 1360 3165.0 463.0636 10744 2446.0 366.3463 1199.0 201.81815 339.0 57.1671 0 0 0 0 0 0 0 0 6567.0 6567.0
880 1440 2870.0 448.61216 10506 2173.0 341.8551 1044.0 170.68556 272.0 65.48394 0 0 0 0 0 0 0 0 6133.0 6133.0
880 1520 2895.0 488.2966 10794 2214.0 348.2832 1142.0 165.6078 299.0 27.7978 0 0 0 0 0 0 0 0 6404.0 6404.0
880 1600 2723.0 460.7205 10380 2098.0 367.00851 1010.0 170.51144 254.0 34.4299 0 0 0 0 0 0 0 0 6128.0 6128.0
880 1680 2685.0 458.86311 10392 2042.0 351.41291 1031.0 163.95217 256.0 43.0981 0 0 0 0 0 0 0 0 6054.0 6054.0
880 1760 2702.0 404.9107 10631 2056.0 315.7116 1024.0 166.41819 284.0 35.9811 0 0 0 0 0 0 0 0 6174.0 6174.0
880 1840 2757.0 479.3817 10733 2102.0 371.6804 1034.0 190.0963 293.0 45.169 0 0 0 0 0 0 0 0 6254.0 6254.0
880 1920 2544.0 399.83 10657 1889.0 300.7767 913.0 164.50973 264.0 29.2805 0 0 0 0 0 0 0 0 5996.0 5996.0
880 2000 2486.0 373.5661 10489 1897.0 277.25203 900.0 128.69303 243.0 41.3311 0 0 0 0 0 0 0 0 5958.0 5958.0
960 160 0 0 0 0 0 0 0 0 0 0 0 0 0 0 0 0 0 0 0
960 240 0 0 0 0 0 0 0 0 0 0 0 0 0 0 0 0 0 0 0
960 320 0 0 0 0 0 0 0 0 0 0 0 0 0 0 0 0 0 0 0
960 400 1150.0 358.2483 11035 813.0 252.0954 249.0 94.78759 151.0 63.4047 0 0 0 0 0 0 0 0 5175.0 5175.0
960 480 2508.0 750.1171 11316 1690.0 530.7006 452.0 211.4569 417.0 91.5931 0 0 0 0 0 0 0 0 5897.0 5897.0
960 560 3413.0 808.2042 11338 2193.0 561.5756 602.0 188.1715 537.0 99.0078 0 0 0 0 0 0 0 0 6029.0 6029.0
960 640 3623.0 747.1643 10898 2428.0 520.49 741.0 183.066 600.0 110.4957 0 0 0 0 0 0 0 0 6089.0 6089.0
960 720 3383.0 719.4752 10499 2354.0 544.5565 821.0 239.4956 458.0 103.5968 0 0 0 0 0 0 0 0 6101.0 6101.0
960 800 3262.0 683.1967 10293 2289.0 492.2603 896.0 222.2091 360.0 78.7468 0 0 0 0 0 0 0 0 5968.0 5968.0
960 880 3143.0 648.7637 10320 2351.0 450.9815 1090.0 227.0884 330.0 85.2308 0 0 0 0 0 0 0 0 6120.0 6120.0
960 960 2905.0 624.5703 10607 2302.0 495.5802 1211.0 249.3351 267.0 42.982 0 0 0 0 0 0 0 0 6524.0 6524.0
960 1040 3145.0 575.9995 10996 2481.0 469.783 1323.0 275.2949 262.0 44.6438 0 0 0 0 0 0 0 0 6725.0 6725.0
960 1120 2848.0 523.5971 10863 2250.0 421.0507 1227.0 247.0472 241.0 39.5066 0 0 0 0 0 0 0 0 6453.0 6453.0
960 1200 2638.0 433.0507 10911 2076.0 328.1191 1100.0 187.8788 241.0 36.7677 0 0 0 0 0 0 0 0 6231.0 6231.0
960 1280 2565.0 505.168 10726 1968.0 400.1344 1040.0 184.0499 242.0 53.5809 0 0 0 0 0 0 0 0 6056.0 6056.0
960 1360 2279.0 363.5289 10586 1776.0 271.08053 931.0 156.98007 237.0 15.0879 0 0 0 0 0 0 0 0 5825.0 5825.0
960 1440 2294.0 406.5111 10602 1795.0 302.3412 930.0 173.83271 212.0 41.7021 0 0 0 0 0 0 0 0 5875.0 5875.0
960 1520 2191.0 410.6515 10594 1711.0 308.97981 889.0 164.14033 221.0 29.4034 0 0 0 0 0 0 0 0 5861.0 5861.0
960 1600 2073.0 366.7472 10454 1603.0 288.3348 839.0 152.2033 210.0 35.9594 0 0 0 0 0 0 0 0 5648.0 5648.0
960 1680 2242.0 402.583 10737 1755.0 311.1039 894.0 168.50612 236.0 56.591 0 0 0 0 0 0 0 0 5820.0 5820.0
960 1760 2069.0 352.1038 10586 1620.0 274.1227 854.0 116.85024 194.0 21.9229 0 0 0 0 0 0 0 0 5723.0 5723.0
960 1840 2102.0 381.8167 10857 1658.0 280.3545 868.0 149.11062 210.0 27.5303 0 0 0 0 0 0 0 0 5849.0 5849.0
960 1920 2103.0 356.6969 10798 1666.0 243.5885 883.0 132.54507 201.0 47.9164 0 0 0 0 0 0 0 0 5795.0 5795.0
960 2000 1906.0 333.644 10569 1439.0 251.4 741.0 102.81032 164.0 44.8544 0 0 0 0 0 0 0 0 5546.0 5546.0
1040 160 0 0 0 0 0 0 0 0 0 0 0 0 0 0 0 0 0 0 0
1040 240 0 0 0 0 0 0 0 0 0 0 0 0 0 0 0 0 0 0 0
1040 320 0 0 0 0 0 0 0 0 0 0 0 0 0 0 0 0 0 0 0
1040 400 1165.0 389.725 11335 818.0 273.6974 258.0 106.77343 181.0 44.524 0 0 0 0 0 0 0 0 5416.0 5416.0
1040 480 2450.0 739.3338 11533 1565.0 514.3788 403.0 182.2231 374.0 93.7702 0 0 0 0 0 0 0 0 5892.0 5892.0
1040 560 3343.0 826.05 11560 2146.0 586.1126 578.0 187.4451 530.0 99.538 0 0 0 0 0 0 0 0 6202.0 6202.0
1040 640 3500.0 830.1393 11031 2300.0 613.4032 686.0 250.1244 570.0 92.2082 0 0 0 0 0 0 0 0 6183.0 6183.0
1040 720 3206.0 766.1559 10489 2135.0 551.072 765.0 227.78534 416.0 65.6216 0 0 0 0 0 0 0 0 5865.0 5865.0
1040 800 2966.0 754.3763 10338 2116.0 538.7376 878.0 241.7523 352.0 75.0072 0 0 0 0 0 0 0 0 5846.0 5846.0
1040 880 2548.0 627.0666 10198 1867.0 460.67935 858.0 239.74339 290.0 81.7378 0 0 0 0 0 0 0 0 5738.0 5738.0
1040 960 2368.0 600.5086 10521 1831.0 466.7014 913.0 213.15996 254.0 59.0425 0 0 0 0 0 0 0 0 5915.0 5915.0
1040 1040 2453.0 542.1357 10925 1925.0 400.5941 1067.0 214.8204 193.0 46.4899 0 0 0 0 0 0 0 0 6123.0 6123.0
1040 1120 2180.0 453.4437 10782 1757.0 346.4166 949.0 213.64553 180.0 37.9507 0 0 0 0 0 0 0 0 5989.0 5989.0
1040 1200 1911.0 374.5997 10701 1496.0 276.2267 820.0 150.3881 170.0 44.3042 0 0 0 0 0 0 0 0 5524.0 5524.0
1040 1280 1821.0 419.8827 10682 1441.0 321.3504 800.0 146.97256 172.0 50.0443 0 0 0 0 0 0 0 0 5458.0 5458.0
1040 1360 1911.0 358.1102 10933 1529.0 268.34251 832.0 135.59571 152.0 33.7243 0 0 0 0 0 0 0 0 5505.0 5505.0
1040 1440 1741.0 356.5412 10701 1372.0 271.7282 731.0 172.73916 138.0 13.1638 0 0 0 0 0 0 0 0 5303.0 5303.0
1040 1520 1627.0 289.098 10673 1248.0 233.5112 678.0 149.59079 153.0 24.8273 0 0 0 0 0 0 0 0 5248.0 5248.0
1040 1600 1635.0 272.6018 10842 1268.0 217.26631 695.0 135.09477 132.0 21.2071 0 0 0 0 0 0 0 0 5346.0 5346.0
1040 1680 1560.0 252.7461 10621 1217.0 189.3826 658.0 94.87149 141.0 8.1721 0 0 0 0 0 0 0 0 5167.0 5167.0
1040 1760 1498.0 279.8241 10879 1190.0 194.9666 650.0 94.55364 138.0 6.1051 0 0 0 0 0 0 0 0 5236.0 5236.0
1040 1840 1617.0 265.96179 10759 1278.0 210.88921 687.0 123.29706 120.0 32.04071 0 0 0 0 0 0 0 0 5323.0 5323.0
1040 1920 1405.0 285.50126 10697 1095.0 205.53192 576.0 98.49389 130.0 20.21754 0 0 0 0 0 0 0 0 5200.0 5200.0
1040 2000 1499.0 199.09099 10683 1184.0 154.81097 625.0 79.46381 122.0 29.4969 0 0 0 0 0 0 0 0 5096.0 5096.0
1120 160 0 0 0 0 0 0 0 0 0 0 0 0 0 0 0 0 0 0 0
1120 240 0 0 0 0 0 0 0 0 0 0 0 0 0 0 0 0 0 0 0
1120 320 0 0 0 0 0 0 0 0 0 0 0 0 0 0 0 0 0 0 0
1120 400 1075.0 357.3656 11096 741.0 262.8223 205.0 104.8825 164.0 50.9112 0 0 0 0 0 0 0 0 5126.0 5126.0
1120 480 2408.0 682.8804 11486 1567.0 473.8914 379.0 146.0187 390.0 89.4786 0 0 0 0 0 0 0 0 5784.0 5784.0
1120 560 3232.0 758.4997 11394 2087.0 556.2853 537.0 193.4847 551.0 108.2533 0 0 0 0 0 0 0 0 6116.0 6116.0
1120 640 3447.0 755.8789 11110 2276.0 515.9387 712.0 165.1522 497.0 104.2791 0 0 0 0 0 0 0 0 6095.0 6095.0
1120 720 3140.0 693.7062 10612 2154.0 495.9963 767.0 196.64895 436.0 87.9278 0 0 0 0 0 0 0 0 5786.0 5786.0
1120 800 2662.0 590.3446 10372 1908.0 435.32386 700.0 179.65443 326.0 60.8495 0 0 0 0 0 0 0 0 5636.0 5636.0
1120 880 2286.0 499.1051 10424 1689.0 357.3623 747.0 155.03266 252.0 64.1514 0 0 0 0 0 0 0 0 5530.0 5530.0
1120 960 1943.0 406.6913 10376 1493.0 294.6541 737.0 156.4674 187.0 68.945 0 0 0 0 0 0 0 0 5343.0 5343.0
1120 1040 1673.0 370.6031 10513 1298.0 287.1756 678.0 138.03534 163.0 49.5632 0 0 0 0 0 0 0 0 5218.0 5218.0
1120 1120 1668.0 351.4503 10742 1351.0 285.3196 751.0 162.2682 146.0 24.5515 0 0 0 0 0 0 0 0 5399.0 5399.0
1120 1200 1483.0 310.1217 10657 1191.0 240.83474 673.0 135.889 121.0 29.7397 0 0 0 0 0 0 0 0 5166.0 5166.0
1120 1280 1286.0 290.5008 10747 1031.0 229.4686 559.0 105.8035 124.0 19.9107 0 0 0 0 0 0 0 0 5055.0 5055.0
1120 1360 1288.0 256.5151 10664 1033.0 176.3548 571.0 93.4648 118.0 30.2629 0 0 0 0 0 0 0 0 4891.0 4891.0
1120 1440 1272.0 244.4841 10679 1021.0 192.60505 554.0 105.38582 125.0 12.11424 0 0 0 0 0 0 0 0 4966.0 4966.0
1120 1520 1187.0 235.74353 10709 943.0 193.06878 533.0 128.94154 91.0 24.3396 0 0 0 0 0 0 0 0 4947.0 4947.0
1120 1600 1128.0 245.2887 10734 866.0 210.481 453.0 115.26296 94.0 16.7369 0 0 0 0 0 0 0 0 4931.0 4931.0
1120 1680 1078.0 170.71027 10521 853.0 108.45327 437.0 56.09947 115.0 18.23 0 0 0 0 0 0 0 0 4717.0 4717.0
1120 1760 1037.0 209.0119 10690 823.0 145.9335 439.0 70.1144 91.0 16.3553 0 0 0 0 0 0 0 0 4840.0 4840.0
1120 1840 1080.0 220.4361 10825 844.0 176.9134 445.0 90.44897 124.0 10.7694 0 0 0 0 0 0 0 0 4779.0 4779.0
1120 1920 1027.0 155.04175 10747 805.0 110.43589 417.0 66.77111 98.0 13.57422 0 0 0 0 0 0 0 0 4736.0 4736.0
1120 2000 929.0 162.15261 10475 714.0 126.03617 388.0 74.50305 85.0 13.2918 0 0 0 0 0 0 0 0 4737.0 4737.0
1200 160 0 0 0 0 0 0 0 0 0 0 0 0 0 0 0 0 0 0 0
1200 240 0 0 0 0 0 0 0 0 0 0 0 0 0 0 0 0 0 0 0
1200 320 0 0 0 0 0 0 0 0 0 0 0 0 0 0 0 0 0 0 0
1200 400 1088.0 373.6378 11163 728.0 243.5719 200.0 114.5869 152.0 77.9182 0 0 0 0 0 0 0 0 5164.0 5164.0
1200 480 2397.0 699.2938 11638 1535.0 491.8462 362.0 169.9534 356.0 81.2962 0 0 0 0 0 0 0 0 5873.0 5873.0
1200 560 3293.0 778.682 11647 2110.0 546.1985 524.0 158.9542 560.0 72.463 0 0 0 0 0 0 0 0 6171.0 6171.0
1200 640 3390.0 783.0035 11177 2203.0 539.9172 661.0 181.1221 574.0 90.2835 0 0 0 0 0 0 0 0 6052.0 6052.0
1200 720 2970.0 654.2201 10543 2025.0 436.2534 639.0 161.90907 381.0 68.0229 0 0 0 0 0 0 0 0 5657.0 5657.0
1200 800 2417.0 597.6399 10529 1672.0 447.0762 644.0 168.10946 285.0 70.922 0 0 0 0 0 0 0 0 5477.0 5477.0
1200 880 1937.0 448.6768 10571 1435.0 327.5422 612.0 129.2364 219.0 35.8636 0 0 0 0 0 0 0 0 5298.0 5298.0
1200 960 1541.0 376.3687 10545 1160.0 270.8127 577.0 137.75923 147.0 41.2093 0 0 0 0 0 0 0 0 5150.0 5150.0
1200 1040 1250.0 327.3818 10606 951.0 262.29987 473.0 156.167925 133.0 39.1087 0 0 0 0 0 0 0 0 4838.0 4838.0
1200 1120 1143.0 339.9984 10561 878.0 270.9444 469.0 129.30466 106.0 24.9604 0 0 0 0 0 0 0 0 4722.0 4722.0
1200 1200 1087.0 261.9515 10725 862.0 198.7839 491.0 121.90792 126.0 17.6791 0 0 0 0 0 0 0 0 4796.0 4796.0
1200 1280 984.0 240.1299 10884 756.0 184.5103 431.0 119.13283 86.0 5.44 0 0 0 0 0 0 0 0 4743.0 4743.0
1200 1360 899.0 215.9943 10896 707.0 167.17171 371.0 123.39316 88.0 23.9533 0 0 0 0 0 0 0 0 4698.0 4698.0
1200 1440 854.0 148.01445 10875 664.0 137.04495 343.0 85.47403 90.0 5.0447 0 0 0 0 0 0 0 0 4698.0 4698.0
1200 1520 852.0 139.49279 10710 651.0 106.06219 329.0 31.79706 80.0 6.55966 0 0 0 0 0 0 0 0 4621.0 4621.0
1200 1600 745.0 119.6301 10705 586.0 98.1487 305.0 58.03118 98.0 16.7868 0 0 0 0 0 0 0 0 4500.0 4500.0
1200 1680 794.0 95.40556 10835 621.0 75.37506 326.0 39.28315 81.0 13.3461 0 0 0 0 0 0 0 0 4644.0 4644.0
1200 1760 725.0 165.89159 10790 570.0 140.95755 279.0 59.94911 71.0 13.98301 0 0 0 0 0 0 0 0 4561.0 4561.0
1200 1840 729.0 103.35374 10790 571.0 70.76285 256.0 27.60685 79.0 6.21493 0 0 0 0 0 0 0 0 4586.0 4586.0
1200 1920 756.0 152.96892 10847 584.0 114.42419 281.0 82.48219 79.0 15.52338 0 0 0 0 0 0 0 0 4486.0 4486.0
1200 2000 691.0 117.3913 10656 533.0 102.9818 259.0 50.92103 82.0 8.0239 0 0 0 0 0 0 0 0 4425.0 4425.0
1280 160 0 0 0 0 0 0 0 0 0 0 0 0 0 0 0 0 0 0 0
1280 240 0 0 0 0 0 0 0 0 0 0 0 0 0 0 0 0 0 0 0
1280 320 0 0 0 0 0 0 0 0 0 0 0 0 0 0 0 0 0 0 0
1280 400 1095.0 340.1461 11118 767.0 247.9013 239.0 88.27896 168.0 54.5088 0 0 0 0 0 0 0 0 5148.0 5148.0
1280 480 2282.0 648.9104 11485 1501.0 443.6082 371.0 140.1367 415.0 94.3966 0 0 0 0 0 0 0 0 5783.0 5783.0
1280 560 3137.0 737.1157 11487 1963.0 539.2491 486.0 172.6481 526.0 94.9553 0 0 0 0 0 0 0 0 6025.0 6025.0
1280 640 3252.0 712.4575 10914 2126.0 510.8721 611.0 183.8748 537.0 85.0362 0 0 0 0 0 0 0 0 5862.0 5862.0
1280 720 2758.0 591.3464 10561 1860.0 427.42 582.0 164.73213 396.0 94.2744 0 0 0 0 0 0 0 0 5608.0 5608.0
1280 800 2261.0 496.073 10510 1594.0 354.3708 591.0 153.351 270.0 48.2597 0 0 0 0 0 0 0 0 5358.0 5358.0
1280 880 1667.0 426.4119 10601 1211.0 303.6529 489.0 143.56644 206.0 43.174 0 0 0 0 0 0 0 0 5088.0 5088.0
1280 960 1303.0 285.0151 10502 950.0 205.17257 429.0 80.019921 124.0 31.9553 0 0 0 0 0 0 0 0 4754.0 4754.0
1280 1040 1028.0 238.48424 10592 787.0 180.21132 364.0 83.98898 115.0 34.42996 0 0 0 0 0 0 0 0 4680.0 4680.0
1280 1120 804.0 188.8345 10568 605.0 142.03431 312.0 69.48493 99.0 34.24273 0 0 0 0 0 0 0 0 4451.0 4451.0
1280 1200 748.0 146.0153 10554 558.0 126.277 258.0 79.78464 90.0 14.5195 0 0 0 0 0 0 0 0 4487.0 4487.0
1280 1280 648.0 98.88198 10642 514.0 64.67519 251.0 40.54459 80.0 13.39901 0 0 0 0 0 0 0 0 4335.0 4335.0
1280 1360 675.0 118.36227 10707 519.0 97.21187 259.0 56.95663 58.0 1.9841 0 0 0 0 0 0 0 0 4407.0 4407.0
1280 1440 668.0 146.48274 10858 528.0 120.930054 265.0 61.460926 72.0 3.078 0 0 0 0 0 0 0 0 4449.0 4449.0
1280 1520 627.0 79.57976 10530 475.0 62.5916 233.0 29.80805 63.0 1.27851 0 0 0 0 0 0 0 0 4187.0 4187.0
1280 1600 632.0 96.94226 10756 462.0 79.0564 208.0 53.91769 74.0 3.83015 0 0 0 0 0 0 0 0 4451.0 4451.0
1280 1680 611.0 96.86451 10842 461.0 79.78899 236.0 66.48685 58.0 13.4154 0 0 0 0 0 0 0 0 4353.0 4353.0
1280 1760 564.0 89.30655 10901 438.0 68.19012 205.0 34.605391 50.0 10.67215 0 0 0 0 0 0 0 0 4346.0 4346.0
1280 1840 573.0 87.8332 10852 424.0 77.0385 203.0 41.9797 89.0 3.9397 0 0 0 0 0 0 0 0 4392.0 4392.0
1280 1920 586.0 101.56188 10891 444.0 87.75638 195.0 68.94711 69.0 13.44322 0 0 0 0 0 0 0 0 4348.0 4348.0
1280 2000 539.0 71.7223 10810 387.0 58.3285 195.0 40.20384 69.0 5.4135 0 0 0 0 0 0 0 0 4260.0 4260.0
1360 160 0 0 0 0 0 0 0 0 0 0 0 0 0 0 0 0 0 0 0
1360 240 0 0 0 0 0 0 0 0 0 0 0 0 0 0 0 0 0 0 0
1360 320 0 0 0 0 0 0 0 0 0 0 0 0 0 0 0 0 0 0 0
1360 400 1038.0 347.1663 11248 691.0 245.0536 204.0 79.16737 144.0 42.8917 0 0 0 0 0 0 0 0 5099.0 5099.0
1360 480 2207.0 679.8619 11407 1449.0 466.3039 341.0 161.2568 400.0 88.2039 0 0 0 0 0 0 0 0 5784.0 5784.0
1360 560 3234.0 706.969 11481 2050.0 527.2221 488.0 174.0344 553.0 109.46 0 0 0 0 0 0 0 0 5912.0 5912.0
1360 640 3315.0 718.687 11132 2142.0 512.588 627.0 176.7918 507.0 102.0854 0 0 0 0 0 0 0 0 5891.0 5891.0
1360 720 2679.0 623.3939 10657 1767.0 456.8107 593.0 180.8452 396.0 73.2866 0 0 0 0 0 0 0 0 5462.0 5462.0
1360 800 2064.0 531.7215 10565 1432.0 390.1663 513.0 181.6994 259.0 72.3289 0 0 0 0 0 0 0 0 5102.0 5102.0
1360 880 1408.0 345.0382 10572 1003.0 244.83758 382.0 90.54505 184.0 42.7643 0 0 0 0 0 0 0 0 4867.0 4867.0
1360 960 1064.0 237.5791 10684 755.0 160.8493 337.0 91.9793 129.0 24.5182 0 0 0 0 0 0 0 0 4646.0 4646.0
1360 1040 854.0 133.0795 10751 622.0 101.2621 289.0 52.05394 93.0 26.623 0 0 0 0 0 0 0 0 4447.0 4447.0
1360 1120 680.0 105.51301 10623 523.0 89.68925 225.0 48.78064 66.0 7.4515 0 0 0 0 0 0 0 0 4346.0 4346.0
1360 1200 629.0 126.92664 10903 472.0 99.47183 220.0 43.64996 62.0 14.1006 0 0 0 0 0 0 0 0 4379.0 4379.0
1360 1280 593.0 83.05801 10747 448.0 57.04612 220.0 30.47328 72.0 14.5362 0 0 0 0 0 0 0 0 4292.0 4292.0
1360 1360 495.0 119.954 10577 378.0 110.32567 172.0 67.741999 68.0 3.6251 0 0 0 0 0 0 0 0 4285.0 4285.0
1360 1440 523.0 111.8955 10706 402.0 100.4706 194.0 39.092532 59.0 6.3821 0 0 0 0 0 0 0 0 4284.0 4284.0
1360 1520 465.0 91.419834 10673 334.0 74.907434 142.0 44.773864 60.0 1.906619 0 0 0 0 0 0 0 0 4234.0 4234.0
1360 1600 472.0 56.88083 10793 370.0 46.50866 159.0 31.9625 71.0 7.28844 0 0 0 0 0 0 0 0 4332.0 4332.0
1360 1680 477.0 59.78775 10826 343.0 52.85107 119.0 39.23377 66.0 5.18475 0 0 0 0 0 0 0 0 4193.0 4193.0
1360 1760 477.0 59.94702 10805 336.0 45.83163 151.0 19.40951 55.0 3.13921 0 0 0 0 0 0 0 0 4173.0 4173.0
1360 1840 468.0 58.90376 10801 337.0 46.58678 142.0 24.39921 76.0 8.5189 0 0 0 0 0 0 0 0 4197.0 4197.0
1360 1920 449.0 47.57864 10926 320.0 43.21974 121.0 27.55312 61.0 9.91002 0 0 0 0 0 0 0 0 4233.0 4233.0
1360 2000 496.0 52.07375 10768 359.0 43.24681 160.0 22.862386 64.0 0.84155 0 0 0 0 0 0 0 0 4199.0 4199.0
1440 160 0 0 0 0 0 0 0 0 0 0 0 0 0 0 0 0 0 0 0
1440 240 0 0 0 0 0 0 0 0 0 0 0 0 0 0 0 0 0 0 0
1440 320 0 0 0 0 0 0 0 0 0 0 0 0 0 0 0 0 0 0 0
1440 400 955.0 295.8579 11060 636.0 210.6342 190.0 69.08523 161.0 56.3808 0 0 0 0 0 0 0 0 4917.0 4917.0
1440 480 2293.0 594.3696 11549 1473.0 432.6148 329.0 133.799 421.0 87.3749 0 0 0 0 0 0 0 0 5819.0 5819.0
1440 560 3140.0 764.854 11461 1961.0 530.143 495.0 185.5115 540.0 84.357 0 0 0 0 0 0 0 0 5842.0 5842.0
1440 640 3263.0 716.524 11095 2087.0 494.3208 548.0 172.1721 521.0 103.3598 0 0 0 0 0 0 0 0 5828.0 5828.0
1440 720 2697.0 587.324 10659 1816.0 422.2911 545.0 160.70612 416.0 74.3298 0 0 0 0 0 0 0 0 5484.0 5484.0
1440 800 1930.0 444.1047 10578 1368.0 322.7872 488.0 121.60381 264.0 55.6563 0 0 0 0 0 0 0 0 5129.0 5129.0
1440 880 1264.0 291.62 10635 890.0 222.8511 335.0 91.81479 165.0 39.2533 0 0 0 0 0 0 0 0 4774.0 4774.0
1440 960 856.0 200.40931 10493 598.0 145.10866 250.0 66.734431 120.0 23.4211 0 0 0 0 0 0 0 0 4333.0 4333.0
1440 1040 660.0 145.01903 10592 463.0 93.86472 190.0 45.08333 74.0 11.52237 0 0 0 0 0 0 0 0 4322.0 4322.0
1440 1120 538.0 144.34731 10747 366.0 129.62053 162.0 59.176249 88.0 4.7832 0 0 0 0 0 0 0 0 4196.0 4196.0
1440 1200 508.0 60.70032 10682 358.0 48.95296 143.0 25.7913 82.0 13.7711 0 0 0 0 0 0 0 0 4196.0 4196.0
1440 1280 513.0 66.74174 10630 363.0 52.16066 148.0 29.777117 79.0 11.5583 0 0 0 0 0 0 0 0 4228.0 4228.0
1440 1360 461.0 88.53394 10884 312.0 71.32467 135.0 36.64802 66.0 1.2194 0 0 0 0 0 0 0 0 4192.0 4192.0
1440 1440 418.0 71.52766 10681 317.0 43.929947 117.0 20.425312 59.0 5.41141 0 0 0 0 0 0 0 0 4142.0 4142.0
1440 1520 407.0 69.60084 10839 294.0 54.19942 108.0 25.691861 63.0 7.23072 0 0 0 0 0 0 0 0 4272.0 4272.0
1440 1600 431.0 55.47585 11037 311.0 46.09142 128.0 28.837 50.0 1.94852 0 0 0 0 0 0 0 0 4275.0 4275.0
1440 1680 400.0 78.30442 10902 271.0 61.46162 93.0 41.33227 58.0 9.59934 0 0 0 0 0 0 0 0 4156.0 4156.0
1440 1760 413.0 29.2578 10805 306.0 20.073753 124.0 12.112867 60.0 2.70846 0 0 0 0 0 0 0 0 4247.0 4247.0
1440 1840 410.0 42.317826 10833 291.0 38.464116 123.0 24.166161 55.0 1.3176 0 0 0 0 0 0 0 0 4273.0 4273.0
1440 1920 404.0 44.78842 10864 296.0 29.57414 110.0 18.094368 62.0 3.7535 0 0 0 0 0 0 0 0 4102.0 4102.0
1440 2000 392.0 31.59194 10821 262.0 28.39289 84.0 19.712356 53.0 4.30462 0 0 0 0 0 0 0 0 4251.0 4251.0
1520 160 0 0 0 0 0 0 0 0 0 0 0 0 0 0 0 0 0 0 0
1520 240 0 0 0 0 0 0 0 0 0 0 0 0 0 0 0 0 0 0 0
1520 320 0 0 0 0 0 0 0 0 0 0 0 0 0 0 0 0 0 0 0
1520 400 998.0 301.284 11210 697.0 202.4611 228.0 71.8582 132.0 55.6783 0 0 0 0 0 0 0 0 5145.0 5145.0
1520 480 2233.0 633.9858 11468 1469.0 452.7326 334.0 145.2564 406.0 80.0194 0 0 0 0 0 0 0 0 5772.0 5772.0
1520 560 3201.0 714.8771 11609 2042.0 528.7459 464.0 173.0762 506.0 102.3929 0 0 0 0 0 0 0 0 6081.0 6081.0
1520 640 3170.0 696.9215 11188 2011.0 495.3779 500.0 159.8712 499.0 72.6725 0 0 0 0 0 0 0 0 5784.0 5784.0
1520 720 2680.0 566.3474 10897 1789.0 407.4881 499.0 135.9585 393.0 90.9749 0 0 0 0 0 0 0 0 5559.0 5559.0
1520 800 1868.0 365.1657 10546 1268.0 246.2559 439.0 111.35128 234.0 54.3215 0 0 0 0 0 0 0 0 4998.0 4998.0
1520 880 1268.0 272.3401 10726 900.0 210.6853 335.0 71.3323 149.0 43.2379 0 0 0 0 0 0 0 0 4766.0 4766.0
1520 960 857.0 210.88221 10697 621.0 123.37108 249.0 55.199506 109.0 25.81219 0 0 0 0 0 0 0 0 4524.0 4524.0
1520 1040 600.0 111.67706 10654 433.0 89.95882 173.0 39.1428 80.0 19.1651 0 0 0 0 0 0 0 0 4217.0 4217.0
1520 1120 531.0 78.6214 10849 388.0 64.8405 147.0 31.858713 87.0 2.4977 0 0 0 0 0 0 0 0 4311.0 4311.0
1520 1200 452.0 80.26578 10861 318.0 67.053508 119.0 32.907312 61.0 3.4298 0 0 0 0 0 0 0 0 4202.0 4202.0
1520 1280 416.0 64.8698 10879 303.0 46.205486 124.0 16.849043 64.0 2.36901 0 0 0 0 0 0 0 0 4182.0 4182.0
1520 1360 390.0 39.66227 10790 266.0 31.78413 112.0 12.566072 67.0 4.127 0 0 0 0 0 0 0 0 4140.0 4140.0
1520 1440 400.0 47.34516 10796 278.0 40.70493 115.0 24.30297 57.0 0.84 0 0 0 0 0 0 0 0 4111.0 4111.0
1520 1520 369.0 56.40992 10942 272.0 52.66064 102.0 32.021252 51.0 5.26352 0 0 0 0 0 0 0 0 4128.0 4128.0
1520 1600 382.0 36.59577 10701 256.0 30.0543 87.0 20.881873 65.0 2.32586 0 0 0 0 0 0 0 0 4098.0 4098.0
1520 1680 332.0 38.42378 10930 229.0 31.62249 80.0 15.534681 77.0 3.65641 0 0 0 0 0 0 0 0 4125.0 4125.0
1520 1760 382.0 50.613745 10904 252.0 43.342948 88.0 28.191258 61.0 2.100315 0 0 0 0 0 0 0 0 4078.0 4078.0
1520 1840 368.0 30.976298 10866 246.0 26.604905 82.0 15.65131 43.0 2.48682 0 0 0 0 0 0 0 0 4212.0 4212.0
1520 1920 397.0 34.24907 10811 274.0 29.70085 92.0 21.843666 39.0 3.38319 0 0 0 0 0 0 0 0 4224.0 4224.0
1520 2000 355.0 32.8755 10735 249.0 26.129359 87.0 10.421795 54.0 0.70891 0 0 0 0 0 0 0 0 4086.0 4086.0
1600 160 0 0 0 0 0 0 0 0 0 0 0 0 0 0 0 0 0 0 0
1600 240 0 0 0 0 0 0 0 0 0 0 0 0 0 0 0 0 0 0 0
1600 320 0 0 0 0 0 0 0 0 0 0 0 0 0 0 0 0 0 0 0
1600 400 938.0 326.4183 11032 655.0 248.9209 206.0 109.7372 118.0 57.1391 0 0 0 0 0 0 0 0 4984.0 4984.0
1600 480 2272.0 632.9252 11670 1497.0 440.2002 371.0 134.981 422.0 84.3158 0 0 0 0 0 0 0 0 5799.0 5799.0
1600 560 3150.0 738.8425 11438 2006.0 540.491 455.0 186.2077 530.0 99.5577 0 0 0 0 0 0 0 0 5874.0 5874.0
1600 640 3261.0 640.0348 11203 2109.0 449.8062 545.0 135.562 534.0 92.2957 0 0 0 0 0 0 0 0 5801.0 5801.0
1600 720 2668.0 541.843 10777 1754.0 399.0126 521.0 158.9899 411.0 66.67 0 0 0 0 0 0 0 0 5362.0 5362.0
1600 800 1835.0 330.0304 10548 1237.0 232.56875 439.0 91.80409 267.0 47.0415 0 0 0 0 0 0 0 0 4911.0 4911.0
1600 880 1080.0 199.00832 10446 748.0 140.72416 269.0 58.34579 180.0 26.10909 0 0 0 0 0 0 0 0 4489.0 4489.0
1600 960 790.0 144.25796 10817 575.0 122.80324 200.0 50.71807 99.0 19.28937 0 0 0 0 0 0 0 0 4473.0 4473.0
1600 1040 531.0 90.65364 10666 373.0 74.34055 136.0 33.59999 77.0 4.9039 0 0 0 0 0 0 0 0 4256.0 4256.0
1600 1120 469.0 57.33925 10739 324.0 42.57736 111.0 26.28045 51.0 5.81379 0 0 0 0 0 0 0 0 4182.0 4182.0
1600 1200 410.0 40.76273 10875 301.0 31.70332 84.0 23.721175 58.0 7.83947 0 0 0 0 0 0 0 0 4224.0 4224.0
1600 1280 415.0 52.630712 11034 284.0 35.358602 91.0 14.587756 75.0 7.263396 0 0 0 0 0 0 0 0 4199.0 4199.0
1600 1360 359.0 42.48644 10700 236.0 36.28837 73.0 14.72727 72.0 3.52177 0 0 0 0 0 0 0 0 3964.0 3964.0
1600 1440 357.0 23.871289 10851 230.0 13.37187 75.0 3.113451 60.0 1.14373 0 0 0 0 0 0 0 0 4029.0 4029.0
1600 1520 350.0 26.51115 10927 226.0 22.46895 66.0 9.285992 41.0 5.62442 0 0 0 0 0 0 0 0 4128.0 4128.0
1600 1600 359.0 50.3502 10838 241.0 45.42883 71.0 20.379728 63.0 1.78468 0 0 0 0 0 0 0 0 4099.0 4099.0
1600 1680 330.0 48.50361 10713 233.0 42.33819 73.0 19.862375 55.0 4.26666 0 0 0 0 0 0 0 0 4117.0 4117.0
1600 1760 344.0 27.97032 10845 221.0 24.822712 61.0 5.229913 53.0 1.7867 0 0 0 0 0 0 0 0 4100.0 4100.0
1600 1840 323.0 46.23849 10834 215.0 36.23813 66.0 19.000863 45.0 2.1691 0 0 0 0 0 0 0 0 4059.0 4059.0
1600 1920 347.0 24.5868 10977 219.0 15.242853 64.0 5.269833 61.0 2.4464 0 0 0 0 0 0 0 0 4089.0 4089.0
1600 2000 327.0 16.240896 10807 234.0 11.909079 57.0 1.814405 47.0 1.723917 0 0 0 0 0 0 0 0 4086.0 4086.0
1680 160 0 0 0 0 0 0 0 0 0 0 0 0 0 0 0 0 0 0 0
1680 240 0 0 0 0 0 0 0 0 0 0 0 0 0 0 0 0 0 0 0
1680 320 0 0 0 0 0 0 0 0 0 0 0 0 0 0 0 0 0 0 0
1680 400 1005.0 341.7542 11226 699.0 258.5468 211.0 92.93127 145.0 52.6996 0 0 0 0 0 0 0 0 5138.0 5138.0
1680 480 2277.0 634.7381 11563 1444.0 466.536 354.0 160.2155 370.0 88.9939 0 0 0 0 0 0 0 0 5839.0 5839.0
1680 560 3080.0 664.5012 11489 1921.0 474.072 400.0 156.2803 536.0 96.9928 0 0 0 0 0 0 0 0 5768.0 5768.0
1680 640 3168.0 704.6438 11188 2012.0 518.9936 516.0 145.6673 580.0 81.6654 0 0 0 0 0 0 0 0 5707.0 5707.0
1680 720 2533.0 458.4792 10578 1650.0 303.1637 472.0 125.77594 413.0 66.1718 0 0 0 0 0 0 0 0 5250.0 5250.0
1680 800 1771.0 360.885 10612 1217.0 267.41205 424.0 107.3492 240.0 43.0692 0 0 0 0 0 0 0 0 5063.0 5063.0
1680 880 1078.0 227.9323 10709 764.0 157.9574 281.0 60.24132 166.0 22.4071 0 0 0 0 0 0 0 0 4609.0 4609.0
1680 960 727.0 111.9914 10450 495.0 77.40779 182.0 33.11841 105.0 12.1804 0 0 0 0 0 0 0 0 4293.0 4293.0
1680 1040 529.0 103.35194 10770 377.0 76.69463 143.0 43.680075 80.0 6.4725 0 0 0 0 0 0 0 0 4301.0 4301.0
1680 1120 410.0 80.6513 10770 302.0 69.64534 99.0 28.70319 67.0 6.6935 0 0 0 0 0 0 0 0 4273.0 4273.0
1680 1200 380.0 44.74988 10757 261.0 37.14135 73.0 19.82874 64.0 1.40599 0 0 0 0 0 0 0 0 4149.0 4149.0
1680 1280 350.0 32.88147 10868 234.0 27.492149 73.0 4.063919 50.0 6.86595 0 0 0 0 0 0 0 0 4109.0 4109.0
1680 1360 347.0 26.40853 10981 245.0 21.79124 84.0 8.862726 69.0 1.38042 0 0 0 0 0 0 0 0 4213.0 4213.0
1680 1440 338.0 30.3163 10904 238.0 18.72955 58.0 6.879589 62.0 3.03511 0 0 0 0 0 0 0 0 4053.0 4053.0
1680 1520 343.0 39.77337 10880 229.0 33.23231 67.0 18.095917 65.0 2.71706 0 0 0 0 0 0 0 0 4119.0 4119.0
1680 1600 316.0 30.575732 10914 212.0 20.794502 60.0 5.564957 54.0 0.45761 0 0 0 0 0 0 0 0 4123.0 4123.0
1680 1680 352.0 13.704005 10917 246.0 10.843451 53.0 5.554986 39.0 3.80084 0 0 0 0 0 0 0 0 4200.0 4200.0
1680 1760 322.0 39.132425 10948 232.0 19.817475 73.0 5.309953 74.0 1.449507 0 0 0 0 0 0 0 0 4032.0 4032.0
1680 1840 323.0 14.918059 11058 222.0 11.560579 56.0 3.44193 57.0 16.34095 0 0 0 0 0 0 0 0 4172.0 4172.0
1680 1920 338.0 18.566763 10737 228.0 16.27381 72.0 10.468853 49.0 1.758301 0 0 0 0 0 0 0 0 4034.0 4034.0
1680 2000 329.0 20.956908 10773 219.0 17.969444 61.0 9.661691 63.0 3.304456 0 0 0 0 0 0 0 0 4178.0 4178.0
1760 160 0 0 0 0 0 0 0 0 0 0 0 0 0 0 0 0 0 0 0
1760 240 0 0 0 0 0 0 0 0 0 0 0 0 0 0 0 0 0 0 0
1760 320 0 0 0 0 0 0 0 0 0 0 0 0 0 0 0 0 0 0 0
1760 400 952.0 311.6475 11329 649.0 209.9718 204.0 78.259 131.0 51.0533 0 0 0 0 0 0 0 0 5055.0 5055.0
1760 480 2237.0 672.1568 11536 1420.0 470.0776 284.0 137.5211 389.0 84.0422 0 0 0 0 0 0 0 0 5734.0 5734.0
1760 560 3120.0 688.042 11625 1902.0 493.8344 441.0 165.8005 547.0 83.572 0 0 0 0 0 0 0 0 5930.0 5930.0
1760 640 3168.0 641.7671 11141 2008.0 468.1084 497.0 170.0322 533.0 92.1064 0 0 0 0 0 0 0 0 5661.0 5661.0
1760 720 2587.0 554.105 10870 1679.0 380.9198 479.0 143.35886 422.0 65.7357 0 0 0 0 0 0 0 0 5400.0 5400.0
1760 800 1716.0 374.9977 10605 1159.0 276.6429 388.0 104.38783 252.0 36.9244 0 0 0 0 0 0 0 0 4896.0 4896.0
1760 880 1068.0 201.5067 10721 736.0 145.77797 261.0 58.33598 149.0 22.965 0 0 0 0 0 0 0 0 4611.0 4611.0
1760 960 704.0 130.92893 10823 499.0 98.69025 182.0 49.07253 88.0 16.16792 0 0 0 0 0 0 0 0 4427.0 4427.0
1760 1040 517.0 88.52841 10707 366.0 71.97781 125.0 35.42989 68.0 4.1454 0 0 0 0 0 0 0 0 4203.0 4203.0
1760 1120 421.0 41.95502 10838 284.0 33.96602 82.0 15.416483 60.0 6.51009 0 0 0 0 0 0 0 0 4135.0 4135.0
1760 1200 388.0 38.78918 10837 268.0 25.72458 62.0 18.294596 67.0 9.48572 0 0 0 0 0 0 0 0 4120.0 4120.0
1760 1280 363.0 30.54246 10952 240.0 24.02432 70.0 11.294181 47.0 7.4356 0 0 0 0 0 0 0 0 4093.0 4093.0
1760 1360 310.0 24.883493 10733 206.0 23.960016 56.0 10.503048 56.0 5.70356 0 0 0 0 0 0 0 0 4054.0 4054.0
1760 1440 316.0 37.875 11011 212.0 30.689029 61.0 19.34795 72.0 1.85012 0 0 0 0 0 0 0 0 4103.0 4103.0
1760 1520 320.0 34.41789 10720 222.0 31.12037 63.0 20.15498 46.0 1.05635 0 0 0 0 0 0 0 0 3995.0 3995.0
1760 1600 323.0 33.96718 10858 211.0 29.02914 61.0 13.214253 44.0 4.33727 0 0 0 0 0 0 0 0 4090.0 4090.0
1760 1680 317.0 26.92022 10918 208.0 19.88588 48.0 5.673769 55.0 0.57449 0 0 0 0 0 0 0 0 4173.0 4173.0
1760 1760 291.0 21.93449 10855 188.0 15.1308 63.0 6.398408 58.0 0.43428 0 0 0 0 0 0 0 0 4038.0 4038.0
1760 1840 326.0 21.6217 10831 215.0 16.92308 55.0 8.56842 50.0 4.29705 0 0 0 0 0 0 0 0 4129.0 4129.0
1760 1920 300.0 23.960871 10943 210.0 19.08462 54.0 6.871161 52.0 1.275883 0 0 0 0 0 0 0 0 4079.0 4079.0
1760 2000 341.0 16.92508 10832 246.0 11.129407 70.0 5.495437 53.0 1.23168 0 0 0 0 0 0 0 0 4030.0 4030.0
1840 160 0 0 0 0 0 0 0 0 0 0 0 0 0 0 0 0 0 0 0
1840 240 0 0 0 0 0 0 0 0 0 0 0 0 0 0 0 0 0 0 0
1840 320 0 0 0 0 0 0 0 0 0 0 0 0 0 0 0 0 0 0 0
1840 400 922.0 323.8829 11326 600.0 225.2845 173.0 77.04664 169.0 43.1938 0 0 0 0 0 0 0 0 5066.0 5066.0
1840 480 2233.0 640.0337 11540 1407.0 464.0271 328.0 169.2672 373.0 68.4713 0 0 0 0 0 0 0 0 5708.0 5708.0
1840 560 3177.0 684.4189 11486 1929.0 494.6948 452.0 177.6585 539.0 90.6921 0 0 0 0 0 0 0 0 5787.0 5787.0
1840 640 3194.0 676.1561 11269 2073.0 484.1688 526.0 180.9005 518.0 93.4478 0 0 0 0 0 0 0 0 5870.0 5870.0
1840 720 2569.0 571.208 10717 1671.0 416.3424 464.0 160.13079 386.0 89.275 0 0 0 0 0 0 0 0 5313.0 5313.0
1840 800 1715.0 347.1197 10651 1187.0 261.6943 363.0 77.54372 230.0 43.5537 0 0 0 0 0 0 0 0 4960.0 4960.0
1840 880 1082.0 200.6632 10711 747.0 138.2535 275.0 50.67875 133.0 17.5733 0 0 0 0 0 0 0 0 4558.0 4558.0
1840 960 667.0 140.1336 10751 458.0 114.22819 175.0 42.89037 95.0 16.6619 0 0 0 0 0 0 0 0 4397.0 4397.0
1840 1040 518.0 89.09582 10710 360.0 59.44722 132.0 14.734687 73.0 13.39557 0 0 0 0 0 0 0 0 4206.0 4206.0
1840 1120 386.0 43.37332 10887 271.0 29.66335 90.0 16.8731 60.0 3.55017 0 0 0 0 0 0 0 0 4129.0 4129.0
1840 1200 384.0 41.089756 10666 262.0 33.981078 78.0 11.058424 69.0 3.3224 0 0 0 0 0 0 0 0 4098.0 4098.0
1840 1280 357.0 36.49532 10855 251.0 17.77383 58.0 3.675229 48.0 5.0653 0 0 0 0 0 0 0 0 4120.0 4120.0
1840 1360 309.0 32.922855 10771 209.0 29.300905 54.0 12.401952 44.0 0.96605 0 0 0 0 0 0 0 0 4090.0 4090.0
1840 1440 338.0 16.928964 10984 229.0 10.496234 63.0 3.271541 46.0 1.65835 0 0 0 0 0 0 0 0 4098.0 4098.0
1840 1520 321.0 26.914866 10823 217.0 23.151656 56.0 8.083673 55.0 3.128584 0 0 0 0 0 0 0 0 4006.0 4006.0
1840 1600 326.0 28.019848 10907 207.0 22.237718 49.0 11.82653 45.0 2.675357 0 0 0 0 0 0 0 0 4148.0 4148.0
1840 1680 312.0 17.87166 10856 203.0 14.45248 68.0 9.184131 70.0 1.77365 0 0 0 0 0 0 0 0 4024.0 4024.0
1840 1760 289.0 24.00641 10781 178.0 16.21809 53.0 5.869419 51.0 1.21943 0 0 0 0 0 0 0 0 4077.0 4077.0
1840 1840 332.0 12.45214 10773 220.0 8.70675 50.0 1.657888 53.0 4.12344 0 0 0 0 0 0 0 0 4155.0 4155.0
1840 1920 307.0 33.61662 10952 216.0 25.16935 56.0 8.016667 66.0 3.09523 0 0 0 0 0 0 0 0 4081.0 4081.0
1840 2000 303.0 19.965189 10774 210.0 14.6731 35.0 8.793734 75.0 1.264086 0 0 0 0 0 0 0 0 4138.0 4138.0
1920 160 0 0 0 0 0 0 0 0 0 0 0 0 0 0 0 0 0 0 0
1920 240 0 0 0 0 0 0 0 0 0 0 0 0 0 0 0 0 0 0 0
1920 320 0 0 0 0 0 0 0 0 0 0 0 0 0 0 0 0 0 0 0
1920 400 972.0 345.9312 11359 670.0 233.537 189.0 72.15269 150.0 41.5571 0 0 0 0 0 0 0 0 5111.0 5111.0
1920 480 2230.0 658.7346 11703 1445.0 472.2954 314.0 167.0046 398.0 82.5474 0 0 0 0 0 0 0 0 5844.0 5844.0
1920 560 3140.0 696.061 11548 2021.0 485.1885 444.0 155.8263 500.0 94.942 0 0 0 0 0 0 0 0 6008.0 6008.0
1920 640 3156.0 699.8579 11278 2007.0 490.2657 504.0 175.6022 536.0 81.3771 0 0 0 0 0 0 0 0 5848.0 5848.0
1920 720 2491.0 499.0341 10754 1615.0 373.2895 462.0 135.9943 371.0 79.4144 0 0 0 0 0 0 0 0 5175.0 5175.0
1920 800 1759.0 357.4837 10759 1212.0 262.7661 373.0 87.25334 236.0 56.7212 0 0 0 0 0 0 0 0 4955.0 4955.0
1920 880 1040.0 191.0693 10735 719.0 139.08765 268.0 54.79748 151.0 25.3755 0 0 0 0 0 0 0 0 4533.0 4533.0
1920 960 680.0 128.80412 10730 476.0 88.10099 175.0 31.7813 69.0 18.72748 0 0 0 0 0 0 0 0 4351.0 4351.0
1920 1040 493.0 67.76867 10697 331.0 55.07069 104.0 23.46638 80.0 2.81162 0 0 0 0 0 0 0 0 4110.0 4110.0
1920 1120 380.0 67.86003 10898 255.0 55.64332 73.0 28.1303 80.0 3.576 0 0 0 0 0 0 0 0 4162.0 4162.0
1920 1200 377.0 35.76397 10784 255.0 23.78578 69.0 13.283459 51.0 0.70513 0 0 0 0 0 0 0 0 4161.0 4161.0
1920 1280 359.0 14.18403 10916 223.0 11.24856 65.0 3.098226 63.0 2.33714 0 0 0 0 0 0 0 0 4156.0 4156.0
1920 1360 340.0 35.47966 10737 224.0 29.76939 53.0 7.852683 53.0 2.23002 0 0 0 0 0 0 0 0 4092.0 4092.0
1920 1440 327.0 27.154068 10837 215.0 20.219198 50.0 5.606871 52.0 1.40158 0 0 0 0 0 0 0 0 4112.0 4112.0
1920 1520 356.0 27.251662 11072 237.0 24.303162 65.0 16.149386 72.0 3.607598 0 0 0 0 0 0 0 0 4270.0 4270.0
1920 1600 302.0 28.864788 10862 215.0 19.423568 54.0 5.412476 48.0 0.69436 0 0 0 0 0 0 0 0 4144.0 4144.0
1920 1680 328.0 18.525858 10731 223.0 12.1305 55.0 4.991668 46.0 8.903619 0 0 0 0 0 0 0 0 4088.0 4088.0
1920 1760 298.0 34.209377 10825 206.0 29.703118 48.0 20.94535 53.0 3.53461 0 0 0 0 0 0 0 0 4028.0 4028.0
1920 1840 299.0 29.58741 10813 199.0 26.13177 52.0 11.4235 56.0 3.0582 0 0 0 0 0 0 0 0 3995.0 3995.0
1920 1920 335.0 15.91532 10746 226.0 11.159656 55.0 2.081144 50.0 1.70188 0 0 0 0 0 0 0 0 4111.0 4111.0
1920 2000 306.0 34.4245 10753 216.0 30.90986 49.0 14.671423 61.0 1.4483 0 0 0 0 0 0 0 0 4098.0 4098.0
2000 160 0 0 0 0 0 0 0 0 0 0 0 0 0 0 0 0 0 0 0
2000 240 0 0 0 0 0 0 0 0 0 0 0 0 0 0 0 0 0 0 0
2000 320 0 0 0 0 0 0 0 0 0 0 0 0 0 0 0 0 0 0 0
2000 400 971.0 319.717 11198 647.0 219.6096 186.0 74.37702 155.0 34.633 0 0 0 0 0 0 0 0 5013.0 5013.0
2000 480 2177.0 646.3568 11621 1379.0 452.3959 313.0 145.9185 368.0 78.3622 0 0 0 0 0 0 0 0 5740.0 5740.0
2000 560 3086.0 673.8093 11409 1932.0 477.9988 382.0 162.374 557.0 71.768 0 0 0 0 0 0 0 0 5772.0 5772.0
2000 640 3167.0 646.5623 11268 2014.0 463.626 489.0 154.0783 533.0 91.0093 0 0 0 0 0 0 0 0 5774.0 5774.0
2000 720 2541.0 505.9659 10814 1664.0 378.6984 464.0 138.69046 346.0 62.3927 0 0 0 0 0 0 0 0 5275.0 5275.0
2000 800 1672.0 359.7935 10676 1147.0 235.7253 380.0 91.12341 250.0 45.6928 0 0 0 0 0 0 0 0 4965.0 4965.0
2000 880 1062.0 195.06068 10847 718.0 135.61527 242.0 74.0337 142.0 38.40742 0 0 0 0 0 0 0 0 4551.0 4551.0
2000 960 678.0 119.455 10636 470.0 82.7795 143.0 35.09821 89.0 16.0038 0 0 0 0 0 0 0 0 4271.0 4271.0
2000 1040 461.0 70.51717 10805 325.0 55.14921 93.0 23.97713 66.0 2.40837 0 0 0 0 0 0 0 0 4285.0 4285.0
2000 1120 379.0 43.608486 10601 254.0 32.448776 75.0 10.84585 46.0 5.569654 0 0 0 0 0 0 0 0 4084.0 4084.0
2000 1200 371.0 49.44645 10941 238.0 37.60159 60.0 9.748376 59.0 4.85964 0 0 0 0 0 0 0 0 4111.0 4111.0
2000 1280 339.0 24.354607 10632 224.0 16.136527 59.0 7.806144 62.0 2.60055 0 0 0 0 0 0 0 0 4068.0 4068.0
2000 1360 323.0 22.56628 10933 212.0 19.299305 44.0 5.9089 51.0 1.48283 0 0 0 0 0 0 0 0 4118.0 4118.0
2000 1440 299.0 17.05375 10773 203.0 12.75165 51.0 3.404004 51.0 3.26126 0 0 0 0 0 0 0 0 4078.0 4078.0
2000 1520 319.0 18.481506 10821 216.0 13.581601 59.0 3.62595 57.0 2.17657 0 0 0 0 0 0 0 0 4108.0 4108.0
2000 1600 335.0 29.92769 10760 231.0 14.34517 43.0 3.438682 52.0 4.64903 0 0 0 0 0 0 0 0 4099.0 4099.0
2000 1680 320.0 22.891409 10855 198.0 20.633419 47.0 6.276634 56.0 1.872394 0 0 0 0 0 0 0 0 4044.0 4044.0
2000 1760 323.0 22.48646 10802 204.0 18.70079 51.0 7.57337 47.0 3.39987 0 0 0 0 0 0 0 0 4066.0 4066.0
2000 1840 336.0 16.409757 10790 217.0 14.021009 46.0 8.146479 60.0 0.74686 0 0 0 0 0 0 0 0 4042.0 4042.0
2000 1920 320.0 15.803092 10892 214.0 11.143623 56.0 5.16445 40.0 3.977028 0 0 0 0 0 0 0 0 4066.0 4066.0
2000 2000 319.0 18.5152 10734 211.0 11.58444 51.0 2.274487 52.0 0.60487 0 0 0 0 0 0 0 0 4076.0 4076.0
