400 400 1421.0 437.2463 15000 968.0 315.7214 286.0 109.91242 205.0 56.6388 0 0 0 0 0 0 0 0
400 480 2087.0 424.5739 13639 1335.0 301.71 346.0 123.70679 325.0 59.2963 0 0 0 0 0 0 0 0
400 560 1964.0 406.9225 12739 1262.0 293.7589 340.0 106.339626 329.0 49.9236 0 0 0 0 0 0 0 0
400 640 1754.0 398.5508 12038 1172.0 294.3025 342.0 109.6206 302.0 66.4014 0 0 0 0 0 0 0 0
400 720 1852.0 436.79559 12640 1260.0 315.9955 377.0 126.715476 282.0 44.7612 0 0 0 0 0 0 0 0
400 800 1486.0 371.947 11905 1021.0 270.7133 302.0 122.9137 217.0 40.7108 0 0 0 0 0 0 0 0
400 880 1393.0 313.6793 11655 964.0 230.2458 294.0 130.8548 198.0 58.8585 0 0 0 0 0 0 0 0
400 960 1328.0 307.2016 11876 941.0 217.5414 298.0 78.15112 173.0 35.7908 0 0 0 0 0 0 0 0
400 1040 1335.0 337.434 11975 912.0 244.8261 261.0 120.7913 206.0 32.7488 0 0 0 0 0 0 0 0
400 1120 1222.0 296.6586 11946 824.0 225.5928 262.0 99.22381 186.0 53.2541 0 0 0 0 0 0 0 0
400 1200 1261.0 311.8178 12141 839.0 228.1792 265.0 67.96093 186.0 23.032 0 0 0 0 0 0 0 0
400 1280 1198.0 304.1459 12305 804.0 233.8396 236.0 118.8661 205.0 40.8358 0 0 0 0 0 0 0 0
400 1360 1261.0 303.6266 12016 813.0 225.0735 263.0 98.8084 231.0 29.0562 0 0 0 0 0 0 0 0
400 1440 1291.0 284.479 12223 888.0 191.7752 247.0 77.5724 209.0 29.266 0 0 0 0 0 0 0 0
400 1520 1235.0 266.2435 12328 838.0 207.8206 259.0 84.0109 188.0 46.3448 0 0 0 0 0 0 0 0
400 1600 1263.0 297.4002 12233 865.0 215.7883 221.0 87.1648 201.0 35.5967 0 0 0 0 0 0 0 0
400 1680 1252.0 252.91408 12556 839.0 177.26748 222.0 60.3692 199.0 33.64369 0 0 0 0 0 0 0 0
400 1760 1225.0 270.9922 12473 844.0 197.9792 233.0 83.66831 186.0 42.1841 0 0 0 0 0 0 0 0
400 1840 2072.0 441.066 12316 1360.0 350.4328 416.0 140.0458 349.0 52.4989 0 0 0 0 0 0 0 0
400 1920 2499.0 544.10817 12728 1718.0 410.62998 421.0 190.079316 452.0 61.8026 0 0 0 0 0 0 0 0
400 2000 2339.0 508.36558 12615 1563.0 390.88325 414.0 161.26442 294.0 70.09577 0 0 0 0 0 0 0 0
480 400 2602.0 760.6507 10976 1697.0 548.0851 420.0 204.65249 462.0 98.6632 0 0 0 0 0 0 0 0
480 480 4578.0 941.4498 15000 2899.0 673.7009 668.0 223.3104 771.0 143.3352 0 0 0 0 0 0 0 0
480 560 5644.0 900.4099 13050 3571.0 664.3268 849.0 233.97492 982.0 122.9993 0 0 0 0 0 0 0 0
480 640 5666.0 803.10096 12581 3582.0 618.79688 877.0 249.846551 962.0 140.49305 0 0 0 0 0 0 0 0
480 720 4007.0 577.8956 12060 2576.0 446.0143 652.0 171.6144 654.0 55.8763 0 0 0 0 0 0 0 0
480 800 4696.0 649.992 10000 3166.0 463.5187 862.0 175.9234 796.0 90.0096 0 0 0 0 0 0 0 0
480 880 2460.0 325.218 6755 1652.0 253.4364 434.0 143.1402 395.0 32.8361 0 0 0 0 0 0 0 0
480 960 4339.0 738.0525 9109 2761.0 568.0784 739.0 312.1596 675.0 74.3758 0 0 0 0 0 0 0 0
480 1040 4670.0 683.994 9756 3110.0 506.6912 784.0 206.1278 794.0 78.9148 0 0 0 0 0 0 0 0
480 1120 3586.0 498.5056 7500 2390.0 373.5662 644.0 168.3606 606.0 52.402 0 0 0 0 0 0 0 0
480 1200 3943.0 600.0637 11490 2609.0 454.9599 649.0 193.4609 699.0 71.4099 0 0 0 0 0 0 0 0
480 1280 2822.0 437.0562 11975 1841.0 317.6045 446.0 131.1287 483.0 34.8457 0 0 0 0 0 0 0 0
480 1360 2934.0 420.7737 12282 1892.0 297.2838 477.0 92.883 458.0 46.8844 0 0 0 0 0 0 0 0
480 1440 2839.0 422.6748 12181 1882.0 306.9211 452.0 98.46729 475.0 42.6151 0 0 0 0 0 0 0 0
480 1520 2848.0 416.3345 11859 1815.0 322.881 457.0 161.6855 485.0 33.6551 0 0 0 0 0 0 0 0
480 1600 2759.0 405.3064 11686 1775.0 313.071 467.0 142.9364 474.0 44.6852 0 0 0 0 0 0 0 0
480 1680 3337.0 472.3171 12175 2219.0 337.3945 586.0 119.3861 596.0 47.9879 0 0 0 0 0 0 0 0
480 1760 2900.0 398.913 12159 1875.0 297.5593 496.0 136.9913 470.0 59.0028 0 0 0 0 0 0 0 0
480 1840 3270.0 526.4037 11627 2160.0 394.5778 557.0 183.2376 547.0 46.7123 0 0 0 0 0 0 0 0
480 1920 2977.0 458.335 10000 1900.0 353.4758 513.0 138.6075 462.0 43.575 0 0 0 0 0 0 0 0
480 2000 0 0 0 0 0 0 0 0 0 0 0 0 0 0 0 0 0
560 400 1422.0 438.655 7499 924.0 299.8137 254.0 116.6139 254.0 46.719 0 0 0 0 0 0 0 0
560 480 3887.0 899.1496 11356 2461.0 652.7082 541.0 187.8405 684.0 130.6296 0 0 0 0 0 0 0 0
560 560 6068.0 1100.548 15000 3874.0 813.2399 1009.0 320.7611 989.0 133.663 0 0 0 0 0 0 0 0
560 640 4199.0 560.8939 12387 2645.0 415.0183 718.0 154.5657 661.0 68.5441 0 0 0 0 0 0 0 0
560 720 3298.0 393.0905 9934 2153.0 263.3919 591.0 117.2349 551.0 38.9524 0 0 0 0 0 0 0 0
560 800 3158.0 425.312 9615 2114.0 308.3465 604.0 129.5002 543.0 37.578 0 0 0 0 0 0 0 0
560 880 3258.0 402.8009 10000 2199.0 285.0002 631.0 128.4257 522.0 60.2799 0 0 0 0 0 0 0 0
560 960 3671.0 484.9393 11673 2409.0 363.3885 685.0 137.6673 570.0 61.6787 0 0 0 0 0 0 0 0
560 1040 3622.0 490.6221 11541 2458.0 352.686 714.0 164.5602 518.0 67.457 0 0 0 0 0 0 0 0
560 1120 578.0 53.6167 1778 0.0 0.0 0.0 0.0 82.0 7.7502 0 0 0 0 0 0 0 0
560 1200 319.0 36.5411 1038 211.0 30.6031 57.0 15.131 54.0 2.0153 0 0 0 0 0 0 0 0
560 1280 2662.0 334.3934 8790 1779.0 248.2004 535.0 93.4439 391.0 39.599 0 0 0 0 0 0 0 0
560 1360 3423.0 456.0722 11440 2311.0 352.6103 629.0 121.7762 552.0 42.7437 0 0 0 0 0 0 0 0
560 1440 3498.0 452.4311 11538 2357.0 338.7745 663.0 126.0617 600.0 43.6573 0 0 0 0 0 0 0 0
560 1520 3456.0 495.7312 11555 2274.0 375.9191 657.0 165.4869 604.0 58.7418 0 0 0 0 0 0 0 0
560 1600 3479.0 395.3999 11529 2318.0 290.6812 662.0 112.9977 541.0 44.9565 0 0 0 0 0 0 0 0
560 1680 3305.0 427.5792 11084 2127.0 322.2846 625.0 141.3473 529.0 46.381 0 0 0 0 0 0 0 0
560 1760 3509.0 461.2194 11734 2269.0 328.272 658.0 127.4679 569.0 44.8696 0 0 0 0 0 0 0 0
560 1840 3367.0 466.6181 11381 2220.0 328.6613 650.0 150.6118 535.0 35.778 0 0 0 0 0 0 0 0
560 1920 3207.0 390.142 11038 2152.0 300.3245 632.0 127.5766 481.0 44.2938 0 0 0 0 0 0 0 0
560 2000 3279.0 443.5682 11339 2199.0 329.3671 645.0 139.8124 556.0 49.7155 0 0 0 0 0 0 0 0
640 400 1613.0 465.7845 11104 1098.0 325.5786 293.0 115.84872 251.0 75.4577 0 0 0 0 0 0 0 0
640 480 3117.0 725.026 11350 1952.0 495.2028 470.0 163.6315 556.0 95.69 0 0 0 0 0 0 0 0
640 560 3605.0 706.9646 11153 2298.0 520.146 558.0 207.22431 628.0 85.8368 0 0 0 0 0 0 0 0
640 640 4104.0 622.423 11775 2742.0 458.3734 796.0 176.3577 609.0 57.8963 0 0 0 0 0 0 0 0
640 720 4179.0 598.1065 11429 2880.0 465.1452 950.0 213.4159 579.0 83.4651 0 0 0 0 0 0 0 0
640 800 4206.0 641.9327 11699 2918.0 470.7141 1010.0 213.1198 606.0 69.4673 0 0 0 0 0 0 0 0
640 880 4130.0 553.5155 11479 2833.0 407.4161 990.0 177.1915 530.0 70.8855 0 0 0 0 0 0 0 0
640 960 3905.0 527.5343 11008 2688.0 396.2714 949.0 149.03915 544.0 47.584 0 0 0 0 0 0 0 0
640 1040 3832.0 457.2631 11041 2714.0 367.5567 932.0 169.3113 539.0 52.0639 0 0 0 0 0 0 0 0
640 1120 3715.0 513.2073 10953 2541.0 367.3888 869.0 153.9441 565.0 56.8413 0 0 0 0 0 0 0 0
640 1200 3644.0 495.06 10919 2492.0 356.6719 811.0 175.5725 519.0 56.7588 0 0 0 0 0 0 0 0
640 1280 3651.0 439.2705 10826 2519.0 304.6996 897.0 100.9901 497.0 51.9356 0 0 0 0 0 0 0 0
640 1360 3435.0 447.7178 10545 2361.0 315.2199 818.0 123.30799 495.0 52.946 0 0 0 0 0 0 0 0
640 1440 3531.0 438.1739 10656 2428.0 302.6859 826.0 128.1701 471.0 53.8626 0 0 0 0 0 0 0 0
640 1520 3703.0 453.1801 11109 2534.0 345.1198 881.0 158.2488 500.0 51.2499 0 0 0 0 0 0 0 0
640 1600 3633.0 424.3427 11046 2518.0 297.2928 828.0 115.1039 495.0 50.7852 0 0 0 0 0 0 0 0
640 1680 3479.0 414.0592 10635 2342.0 288.4402 763.0 113.92784 505.0 46.3052 0 0 0 0 0 0 0 0
640 1760 3394.0 439.9813 10492 2315.0 330.23785 766.0 142.02985 444.0 44.3641 0 0 0 0 0 0 0 0
640 1840 3426.0 472.1157 10749 2418.0 374.4656 839.0 168.2242 481.0 52.185 0 0 0 0 0 0 0 0
640 1920 3613.0 444.81 11038 2508.0 306.9294 856.0 123.79141 483.0 60.2714 0 0 0 0 0 0 0 0
640 2000 3498.0 479.9705 10980 2361.0 362.4448 830.0 174.3932 513.0 61.8099 0 0 0 0 0 0 0 0
720 400 1524.0 462.6151 11153 1007.0 326.7832 272.0 114.7425 256.0 73.0109 0 0 0 0 0 0 0 0
720 480 2972.0 739.4489 11169 1924.0 518.2356 487.0 163.8465 531.0 104.5515 0 0 0 0 0 0 0 0
720 560 3817.0 786.366 11385 2435.0 557.2128 642.0 204.7204 600.0 104.094 0 0 0 0 0 0 0 0
720 640 3940.0 674.5848 10831 2617.0 475.1359 751.0 146.36076 580.0 98.1664 0 0 0 0 0 0 0 0
720 720 4240.0 668.3202 11574 2993.0 487.6547 1086.0 181.7074 569.0 65.0162 0 0 0 0 0 0 0 0
720 800 4291.0 692.4538 11422 3052.0 503.9897 1197.0 224.1166 505.0 53.0212 0 0 0 0 0 0 0 0
720 880 4211.0 632.297 11311 3020.0 483.2106 1164.0 209.2708 507.0 70.4124 0 0 0 0 0 0 0 0
720 960 3916.0 555.0462 10962 2806.0 415.7825 1115.0 196.5675 480.0 61.587 0 0 0 0 0 0 0 0
720 1040 3979.0 575.6637 11173 2870.0 404.3073 1160.0 187.5432 518.0 57.8473 0 0 0 0 0 0 0 0
720 1120 3815.0 503.7638 10934 2765.0 355.1969 1120.0 147.1417 449.0 73.6346 0 0 0 0 0 0 0 0
720 1200 3741.0 533.1668 10892 2652.0 416.2833 1022.0 185.9907 457.0 43.211 0 0 0 0 0 0 0 0
720 1280 3535.0 471.5232 10508 2511.0 342.1504 995.0 162.0331 421.0 43.2551 0 0 0 0 0 0 0 0
720 1360 3756.0 535.0646 10967 2665.0 391.6245 1046.0 157.3787 454.0 44.4598 0 0 0 0 0 0 0 0
720 1440 3759.0 420.7045 11052 2659.0 328.5436 1025.0 149.4847 467.0 50.8075 0 0 0 0 0 0 0 0
720 1520 3594.0 467.3287 10828 2541.0 327.171 983.0 179.3509 427.0 62.8047 0 0 0 0 0 0 0 0
720 1600 3417.0 499.2292 10598 2445.0 380.893 947.0 166.23438 433.0 43.9068 0 0 0 0 0 0 0 0
720 1680 3445.0 521.0716 10546 2459.0 389.8676 979.0 194.68826 447.0 52.9155 0 0 0 0 0 0 0 0
720 1760 3443.0 496.1701 10616 2452.0 369.1767 974.0 203.4723 419.0 44.2604 0 0 0 0 0 0 0 0
720 1840 3357.0 436.9885 10633 2365.0 331.1949 917.0 167.9011 424.0 55.1823 0 0 0 0 0 0 0 0
720 1920 3610.0 413.3125 10674 2547.0 325.579 951.0 133.9201 409.0 38.702 0 0 0 0 0 0 0 0
720 2000 3659.0 459.2614 10901 2592.0 338.9886 994.0 166.3026 406.0 36.9641 0 0 0 0 0 0 0 0
800 400 1444.0 400.3901 11181 937.0 297.9721 275.0 102.6798 215.0 63.2498 0 0 0 0 0 0 0 0
800 480 3061.0 759.326 11569 1985.0 533.5272 483.0 183.04 509.0 108.739 0 0 0 0 0 0 0 0
800 560 3725.0 800.353 11296 2401.0 544.4401 618.0 180.8235 607.0 90.598 0 0 0 0 0 0 0 0
800 640 3931.0 840.2091 11048 2623.0 601.5646 764.0 232.7325 550.0 87.4674 0 0 0 0 0 0 0 0
800 720 3864.0 676.2771 10461 2687.0 515.0796 925.0 212.2968 522.0 69.5333 0 0 0 0 0 0 0 0
800 800 4215.0 710.832 11421 3112.0 522.3726 1322.0 247.9644 493.0 87.8435 0 0 0 0 0 0 0 0
800 880 4219.0 663.9067 11401 3127.0 491.1183 1411.0 238.7594 484.0 71.701 0 0 0 0 0 0 0 0
800 960 4259.0 603.9294 11433 3144.0 441.1326 1369.0 199.7285 459.0 60.4992 0 0 0 0 0 0 0 0
800 1040 3800.0 537.7232 10884 2806.0 374.0374 1291.0 172.08388 387.0 47.2572 0 0 0 0 0 0 0 0
800 1120 3641.0 460.4576 10717 2704.0 352.9194 1237.0 164.5686 351.0 64.5894 0 0 0 0 0 0 0 0
800 1200 3523.0 443.2823 10708 2590.0 343.4508 1164.0 177.33336 358.0 72.2623 0 0 0 0 0 0 0 0
800 1280 3468.0 571.3212 10622 2559.0 413.4243 1164.0 163.7655 395.0 53.5818 0 0 0 0 0 0 0 0
800 1360 3533.0 437.4917 10824 2630.0 334.6101 1182.0 160.9273 377.0 31.5522 0 0 0 0 0 0 0 0
800 1440 3359.0 467.7705 10613 2450.0 346.2781 1121.0 175.6039 374.0 59.4234 0 0 0 0 0 0 0 0
800 1520 3347.0 461.0641 10624 2485.0 355.60092 1062.0 159.93666 380.0 36.4123 0 0 0 0 0 0 0 0
800 1600 3299.0 455.6011 10705 2428.0 309.3861 1087.0 141.5543 374.0 33.1865 0 0 0 0 0 0 0 0
800 1680 3367.0 428.1933 10674 2451.0 310.1201 1067.0 152.0203 362.0 41.9741 0 0 0 0 0 0 0 0
800 1760 3057.0 463.9312 10271 2284.0 323.15095 1029.0 168.46266 362.0 61.1294 0 0 0 0 0 0 0 0
800 1840 3029.0 449.7351 10532 2198.0 342.6598 1004.0 169.8325 310.0 43.6217 0 0 0 0 0 0 0 0
800 1920 3803.0 568.2994 10709 2812.0 411.747 1202.0 198.12087 465.0 47.0713 0 0 0 0 0 0 0 0
800 2000 3065.0 444.6243 10549 2274.0 313.45112 1023.0 161.67517 344.0 39.3445 0 0 0 0 0 0 0 0
880 400 1360.0 440.1012 11087 945.0 302.8049 298.0 101.50326 194.0 53.8485 0 0 0 0 0 0 0 0
880 480 2900.0 731.1592 11582 1907.0 521.1258 477.0 181.6702 469.0 89.4448 0 0 0 0 0 0 0 0
880 560 3651.0 765.7879 11370 2331.0 511.0516 575.0 159.6536 596.0 96.6607 0 0 0 0 0 0 0 0
880 640 3732.0 803.0067 11046 2495.0 578.1149 759.0 222.9175 606.0 97.8493 0 0 0 0 0 0 0 0
880 720 3591.0 717.9052 10532 2466.0 510.9494 891.0 205.7841 480.0 84.6065 0 0 0 0 0 0 0 0
880 800 3513.0 697.3987 10221 2552.0 520.82394 1020.0 257.91826 410.0 89.665 0 0 0 0 0 0 0 0
880 880 3748.0 703.6359 10931 2824.0 495.4653 1344.0 222.8454 391.0 71.6156 0 0 0 0 0 0 0 0
880 960 3826.0 676.1279 11263 2904.0 498.0629 1477.0 255.4862 383.0 87.6931 0 0 0 0 0 0 0 0
880 1040 4395.0 636.9648 11138 3354.0 486.4263 1692.0 227.5155 425.0 87.9833 0 0 0 0 0 0 0 0
880 1120 3294.0 507.4979 10798 2469.0 382.5092 1143.0 183.2827 308.0 47.3526 0 0 0 0 0 0 0 0
880 1200 3160.0 498.8981 10587 2396.0 379.4331 1182.0 190.15112 311.0 28.9112 0 0 0 0 0 0 0 0
880 1280 3114.0 456.1838 10946 2403.0 363.6721 1150.0 178.3992 315.0 47.6472 0 0 0 0 0 0 0 0
880 1360 3956.0 523.9144 10744 3040.0 413.472 1481.0 223.33415 427.0 59.3095 0 0 0 0 0 0 0 0
880 1440 3612.0 520.65451 10506 2731.0 392.12586 1296.0 188.07518 349.0 80.31752 0 0 0 0 0 0 0 0
880 1520 3598.0 557.5017 10794 2744.0 404.9897 1413.0 184.7112 368.0 31.4499 0 0 0 0 0 0 0 0
880 1600 2749.0 426.2197 10380 2112.0 340.03004 1014.0 156.99478 256.0 32.0201 0 0 0 0 0 0 0 0
880 1680 3343.0 527.19242 10392 2540.0 408.03639 1278.0 179.83961 326.0 57.72332 0 0 0 0 0 0 0 0
880 1760 2735.0 372.824 10631 2075.0 289.4199 1022.0 149.54142 289.0 33.6679 0 0 0 0 0 0 0 0
880 1840 3434.0 552.9083 10733 2608.0 437.1813 1281.0 220.9867 385.0 48.3916 0 0 0 0 0 0 0 0
880 1920 3183.0 480.0292 10657 2352.0 369.5438 1135.0 214.04209 347.0 31.601 0 0 0 0 0 0 0 0
880 2000 2504.0 347.7094 10489 1902.0 259.26319 902.0 121.09454 246.0 38.1492 0 0 0 0 0 0 0 0
960 400 1239.0 349.3171 11035 860.0 243.4898 256.0 89.38326 174.0 62.4509 0 0 0 0 0 0 0 0
960 480 2786.0 726.1741 11316 1847.0 513.6504 470.0 197.4058 490.0 91.6097 0 0 0 0 0 0 0 0
960 560 3611.0 779.9039 11338 2294.0 541.708 610.0 182.176 572.0 97.0691 0 0 0 0 0 0 0 0
960 640 3697.0 715.3334 10898 2469.0 497.0676 746.0 175.0044 613.0 105.3922 0 0 0 0 0 0 0 0
960 720 3419.0 676.6104 10499 2380.0 509.7125 828.0 222.699 463.0 98.1327 0 0 0 0 0 0 0 0
960 800 4949.0 945.4783 10293 3466.0 682.6796 1368.0 308.46426 538.0 111.3485 0 0 0 0 0 0 0 0
960 880 3154.0 606.2103 10320 2351.0 421.9128 1089.0 211.43586 332.0 79.0099 0 0 0 0 0 0 0 0
960 960 3612.0 691.9545 10607 2854.0 545.11 1469.0 271.8648 331.0 50.021 0 0 0 0 0 0 0 0
960 1040 4607.0 790.9604 10996 3619.0 658.5508 1916.0 383.9726 374.0 55.7341 0 0 0 0 0 0 0 0
960 1120 4824.0 816.2608 10863 3794.0 650.8628 2060.0 379.4379 407.0 68.2977 0 0 0 0 0 0 0 0
960 1200 3308.0 524.5778 10911 2591.0 390.6723 1360.0 220.8559 307.0 38.8029 0 0 0 0 0 0 0 0
960 1280 3195.0 586.6128 10726 2464.0 462.3494 1293.0 218.178 296.0 63.6667 0 0 0 0 0 0 0 0
960 1360 3407.0 533.8521 10586 2649.0 395.41805 1371.0 229.79587 368.0 20.9545 0 0 0 0 0 0 0 0
960 1440 2321.0 375.5321 10602 1809.0 279.3224 932.0 158.79674 216.0 38.453 0 0 0 0 0 0 0 0
960 1520 2219.0 378.4824 10594 1733.0 285.28862 894.0 153.13814 230.0 27.4243 0 0 0 0 0 0 0 0
960 1600 2117.0 333.5969 10454 1632.0 261.9231 838.0 140.4648 212.0 33.2504 0 0 0 0 0 0 0 0
960 1680 2264.0 372.0948 10737 1761.0 286.7261 896.0 154.78941 243.0 48.8603 0 0 0 0 0 0 0 0
960 1760 2098.0 327.258 10586 1632.0 254.3826 850.0 108.31346 201.0 20.3397 0 0 0 0 0 0 0 0
960 1840 2121.0 352.3652 10857 1665.0 260.0303 865.0 137.92084 214.0 25.5407 0 0 0 0 0 0 0 0
960 1920 2114.0 329.9398 10798 1666.0 226.1337 871.0 123.37512 203.0 43.7136 0 0 0 0 0 0 0 0
960 2000 1942.0 304.0085 10569 1462.0 228.2545 739.0 93.34625 171.0 40.6784 0 0 0 0 0 0 0 0
1040 400 1577.0 462.3939 11335 1081.0 321.9599 304.0 123.39685 272.0 49.4628 0 0 0 0 0 0 0 0
1040 480 3919.0 1028.6287 11533 2465.0 704.7768 622.0 250.0142 592.0 129.2373 0 0 0 0 0 0 0 0
1040 560 4301.0 960.576 11560 2775.0 688.7392 715.0 216.9637 686.0 112.142 0 0 0 0 0 0 0 0
1040 640 5222.0 1132.6306 11031 3413.0 842.7326 1030.0 345.4779 839.0 124.47 0 0 0 0 0 0 0 0
1040 720 4026.0 887.9078 10489 2656.0 639.452 946.0 266.75728 513.0 74.453 0 0 0 0 0 0 0 0
1040 800 3734.0 865.628 10338 2666.0 628.4125 1100.0 283.2138 439.0 94.1197 0 0 0 0 0 0 0 0
1040 880 3211.0 717.8855 10198 2333.0 539.09285 1057.0 273.7084 367.0 104.9595 0 0 0 0 0 0 0 0
1040 960 3560.0 827.0842 10521 2746.0 650.9878 1344.0 299.52218 369.0 71.9785 0 0 0 0 0 0 0 0
1040 1040 3034.0 605.098 10925 2360.0 440.396 1310.0 236.4385 236.0 52.2733 0 0 0 0 0 0 0 0
1040 1120 2712.0 529.2592 10782 2186.0 402.336 1171.0 250.66993 229.0 43.9372 0 0 0 0 0 0 0 0
1040 1200 1935.0 347.731 10701 1507.0 257.5303 816.0 140.0914 178.0 40.076 0 0 0 0 0 0 0 0
1040 1280 1865.0 383.5418 10682 1464.0 292.6312 802.0 133.82917 172.0 45.9008 0 0 0 0 0 0 0 0
1040 1360 1952.0 330.1329 10933 1555.0 248.02909 834.0 124.8225 159.0 31.0073 0 0 0 0 0 0 0 0
1040 1440 1795.0 323.2969 10701 1404.0 245.8437 730.0 152.88678 145.0 12.2121 0 0 0 0 0 0 0 0
1040 1520 1661.0 265.4116 10673 1264.0 214.5425 676.0 135.83062 160.0 22.7463 0 0 0 0 0 0 0 0
1040 1600 1680.0 256.8411 10842 1288.0 205.36571 697.0 128.15126 134.0 19.2938 0 0 0 0 0 0 0 0
1040 1680 1588.0 233.27618 10621 1235.0 174.48016 657.0 87.63304 154.0 7.89732 0 0 0 0 0 0 0 0
1040 1760 1540.0 258.7349 10879 1209.0 180.6726 647.0 88.27569 146.0 5.9747 0 0 0 0 0 0 0 0
1040 1840 1664.0 246.9341 10759 1305.0 194.92879 694.0 113.43201 125.0 29.1385 0 0 0 0 0 0 0 0
1040 1920 1447.0 261.9526 10697 1120.0 189.60798 580.0 91.57665 135.0 18.6857 0 0 0 0 0 0 0 0
1040 2000 1537.0 181.91675 10683 1199.0 139.56162 618.0 72.45791 135.0 27.2941 0 0 0 0 0 0 0 0
1120 400 1197.0 351.7751 11096 814.0 257.8995 212.0 101.65536 181.0 48.0012 0 0 0 0 0 0 0 0
1120 480 3911.0 966.0636 11486 2495.0 668.3412 550.0 203.4258 646.0 126.8134 0 0 0 0 0 0 0 0
1120 560 3423.0 734.6904 11394 2205.0 536.088 552.0 183.7844 595.0 104.1812 0 0 0 0 0 0 0 0
1120 640 4375.0 871.9764 11110 2914.0 594.1988 896.0 187.3511 634.0 118.5056 0 0 0 0 0 0 0 0
1120 720 3934.0 786.3743 10612 2680.0 555.3039 956.0 220.25788 561.0 100.5117 0 0 0 0 0 0 0 0
1120 800 3366.0 687.3483 10372 2400.0 510.53957 872.0 213.42777 405.0 73.1239 0 0 0 0 0 0 0 0
1120 880 3404.0 689.1488 10424 2503.0 481.3093 1099.0 218.31323 386.0 95.6125 0 0 0 0 0 0 0 0
1120 960 1978.0 379.8692 10376 1520.0 274.90366 739.0 145.72403 190.0 63.3494 0 0 0 0 0 0 0 0
1120 1040 1711.0 343.2993 10513 1319.0 266.0131 677.0 128.17899 176.0 44.3232 0 0 0 0 0 0 0 0
1120 1120 1710.0 323.802 10742 1375.0 263.3975 754.0 149.6506 158.0 22.3561 0 0 0 0 0 0 0 0
1120 1200 1528.0 285.501 10657 1217.0 221.28262 678.0 125.18922 130.0 27.177 0 0 0 0 0 0 0 0
1120 1280 1333.0 261.9753 10747 1058.0 205.9688 559.0 95.08459 128.0 16.8083 0 0 0 0 0 0 0 0
1120 1360 1305.0 237.988 10664 1037.0 164.4892 565.0 86.09711 126.0 27.7455 0 0 0 0 0 0 0 0
1120 1440 1316.0 220.80836 10679 1043.0 175.67908 556.0 94.86069 140.0 11.15752 0 0 0 0 0 0 0 0
1120 1520 1245.0 218.34446 10709 973.0 178.56306 535.0 118.11745 106.0 22.5141 0 0 0 0 0 0 0 0
1120 1600 1168.0 225.2069 10734 885.0 192.2913 452.0 104.95917 100.0 15.6131 0 0 0 0 0 0 0 0
1120 1680 1122.0 158.34132 10521 874.0 101.90364 435.0 52.44367 125.0 16.6722 0 0 0 0 0 0 0 0
1120 1760 1094.0 191.802 10690 859.0 133.9796 444.0 64.60864 101.0 15.1802 0 0 0 0 0 0 0 0
1120 1840 1120.0 201.3133 10825 868.0 161.3024 445.0 82.4368 139.0 10.3421 0 0 0 0 0 0 0 0
1120 1920 1070.0 142.32813 10747 832.0 101.32662 416.0 61.69204 112.0 12.75916 0 0 0 0 0 0 0 0
1120 2000 996.0 154.19145 10475 752.0 119.83151 398.0 68.90534 94.0 12.2365 0 0 0 0 0 0 0 0
1200 400 1203.0 360.7153 11163 797.0 236.4552 210.0 107.0189 162.0 72.0171 0 0 0 0 0 0 0 0
1200 480 2696.0 687.9449 11638 1700.0 482.523 378.0 164.8294 418.0 79.2641 0 0 0 0 0 0 0 0
1200 560 3511.0 760.6367 11647 2245.0 534.2486 542.0 154.955 592.0 72.4903 0 0 0 0 0 0 0 0
1200 640 3490.0 748.6816 11177 2265.0 517.2886 673.0 175.1934 599.0 85.6504 0 0 0 0 0 0 0 0
1200 720 3017.0 619.0083 10543 2060.0 413.2173 645.0 152.3381 389.0 64.5929 0 0 0 0 0 0 0 0
1200 800 2458.0 561.7941 10529 1697.0 421.2918 654.0 158.62863 289.0 66.6535 0 0 0 0 0 0 0 0
1200 880 1971.0 422.0474 10571 1457.0 308.6683 616.0 122.2575 229.0 33.9096 0 0 0 0 0 0 0 0
1200 960 1575.0 352.2149 10545 1184.0 254.7907 578.0 128.63931 158.0 38.1161 0 0 0 0 0 0 0 0
1200 1040 1293.0 304.4157 10606 973.0 243.33516 477.0 143.252176 147.0 36.3736 0 0 0 0 0 0 0 0
1200 1120 1172.0 312.7769 10561 893.0 249.3734 466.0 119.13042 114.0 24.0125 0 0 0 0 0 0 0 0
1200 1200 1121.0 238.6123 10725 877.0 181.534 494.0 110.50517 128.0 15.1293 0 0 0 0 0 0 0 0
1200 1280 1025.0 220.5599 10884 785.0 168.9276 430.0 109.12738 94.0 4.8182 0 0 0 0 0 0 0 0
1200 1360 949.0 196.86347 10896 740.0 152.85467 374.0 112.86419 99.0 21.85523 0 0 0 0 0 0 0 0
1200 1440 911.0 134.4688 10875 703.0 123.6217 348.0 79.06362 95.0 5.3424 0 0 0 0 0 0 0 0
1200 1520 899.0 129.12228 10710 673.0 98.19868 331.0 30.32522 91.0 6.12638 0 0 0 0 0 0 0 0
1200 1600 798.0 110.1458 10705 616.0 91.30054 309.0 53.44639 116.0 15.4139 0 0 0 0 0 0 0 0
1200 1680 838.0 89.48142 10835 648.0 70.70062 326.0 36.09648 94.0 12.45074 0 0 0 0 0 0 0 0
1200 1760 788.0 151.03277 10790 607.0 128.105 280.0 54.64479 86.0 12.72293 0 0 0 0 0 0 0 0
1200 1840 782.0 96.5798 10790 609.0 66.9273 262.0 25.99727 92.0 5.57697 0 0 0 0 0 0 0 0
1200 1920 813.0 138.63577 10847 626.0 104.71206 284.0 74.69903 90.0 14.4239 0 0 0 0 0 0 0 0
1200 2000 741.0 107.8775 10656 558.0 94.86698 265.0 46.94265 98.0 7.5351 0 0 0 0 0 0 0 0
1280 400 1195.0 333.8721 11118 832.0 245.296 243.0 84.97098 184.0 51.345 0 0 0 0 0 0 0 0
1280 480 2561.0 638.701 11485 1636.0 436.8187 387.0 134.1171 468.0 91.6209 0 0 0 0 0 0 0 0
1280 560 3367.0 728.7668 11487 2085.0 533.1266 505.0 171.704 573.0 91.1979 0 0 0 0 0 0 0 0
1280 640 3366.0 686.0025 10914 2195.0 491.8308 624.0 178.8102 547.0 82.3369 0 0 0 0 0 0 0 0
1280 720 2807.0 562.4059 10561 1892.0 405.8272 587.0 154.81097 403.0 90.3748 0 0 0 0 0 0 0 0
1280 800 2300.0 468.7853 10510 1618.0 335.5674 598.0 145.0923 279.0 45.7039 0 0 0 0 0 0 0 0
1280 880 1696.0 399.0348 10601 1226.0 284.5371 490.0 134.10806 211.0 40.3714 0 0 0 0 0 0 0 0
1280 960 1356.0 266.6312 10502 983.0 191.6226 435.0 75.945459 130.0 29.9178 0 0 0 0 0 0 0 0
1280 1040 1065.0 221.90516 10592 811.0 167.59864 363.0 78.19878 125.0 32.02434 0 0 0 0 0 0 0 0
1280 1120 862.0 176.94424 10568 642.0 132.28686 320.0 64.61688 112.0 31.91312 0 0 0 0 0 0 0 0
1280 1200 790.0 136.0794 10554 589.0 117.5245 262.0 74.06093 97.0 13.3476 0 0 0 0 0 0 0 0
1280 1280 688.0 90.56632 10642 535.0 59.60622 250.0 37.2357 97.0 12.71818 0 0 0 0 0 0 0 0
1280 1360 741.0 110.32286 10707 560.0 90.03334 262.0 52.41116 71.0 1.9751 0 0 0 0 0 0 0 0
1280 1440 716.0 132.14191 10858 557.0 108.178108 262.0 56.622421 88.0 3.1579 0 0 0 0 0 0 0 0
1280 1520 668.0 73.31005 10530 503.0 57.21385 239.0 26.41522 68.0 1.6454 0 0 0 0 0 0 0 0
1280 1600 694.0 88.14765 10756 505.0 71.03062 213.0 45.13005 83.0 3.41884 0 0 0 0 0 0 0 0
1280 1680 651.0 90.37921 10842 485.0 73.94557 236.0 60.81633 64.0 12.2093 0 0 0 0 0 0 0 0
1280 1760 621.0 83.33142 10901 479.0 63.01874 213.0 31.576113 62.0 9.79058 0 0 0 0 0 0 0 0
1280 1840 627.0 80.83708 10852 463.0 70.69478 207.0 39.19604 97.0 3.9054 0 0 0 0 0 0 0 0
1280 1920 642.0 90.96268 10891 478.0 80.48503 203.0 61.24884 77.0 14.05942 0 0 0 0 0 0 0 0
1280 2000 581.0 66.33428 10810 422.0 53.84874 197.0 36.328224 81.0 5.8851 0 0 0 0 0 0 0 0
1360 400 1152.0 338.5884 11248 765.0 242.793 212.0 76.66375 178.0 40.1381 0 0 0 0 0 0 0 0
1360 480 2506.0 667.7433 11407 1620.0 457.887 360.0 155.7042 474.0 84.5298 0 0 0 0 0 0 0 0
1360 560 3457.0 695.314 11481 2176.0 516.1579 504.0 169.4236 609.0 104.509 0 0 0 0 0 0 0 0
1360 640 3409.0 695.2048 11132 2193.0 496.085 633.0 172.0669 528.0 96.6175 0 0 0 0 0 0 0 0
1360 720 2719.0 594.1385 10657 1795.0 434.0486 600.0 171.4671 406.0 69.7507 0 0 0 0 0 0 0 0
1360 800 2098.0 500.1102 10565 1452.0 367.2641 517.0 170.3985 264.0 67.7178 0 0 0 0 0 0 0 0
1360 880 1463.0 326.6084 10572 1034.0 232.76894 388.0 85.87143 196.0 39.8187 0 0 0 0 0 0 0 0
1360 960 1112.0 222.7712 10684 791.0 151.442 338.0 86.02626 139.0 23.1742 0 0 0 0 0 0 0 0
1360 1040 911.0 125.4455 10751 657.0 95.41 290.0 48.44366 97.0 25.7581 0 0 0 0 0 0 0 0
1360 1120 723.0 101.0071 10623 547.0 85.51826 227.0 47.39039 72.0 7.07937 0 0 0 0 0 0 0 0
1360 1200 685.0 117.42186 10903 506.0 91.25445 224.0 40.49223 68.0 13.1001 0 0 0 0 0 0 0 0
1360 1280 640.0 79.01924 10747 478.0 54.44773 224.0 28.41684 84.0 13.8304 0 0 0 0 0 0 0 0
1360 1360 556.0 108.88106 10577 413.0 99.54142 179.0 61.330515 81.0 3.8947 0 0 0 0 0 0 0 0
1360 1440 580.0 101.7484 10706 433.0 90.7725 197.0 34.977249 72.0 6.0458 0 0 0 0 0 0 0 0
1360 1520 529.0 84.148733 10673 376.0 68.747133 149.0 40.503778 73.0 2.413877 0 0 0 0 0 0 0 0
1360 1600 518.0 55.12166 10793 396.0 45.65433 162.0 29.4729 75.0 6.88935 0 0 0 0 0 0 0 0
1360 1680 529.0 57.49058 10826 374.0 50.44005 120.0 36.13371 74.0 5.00253 0 0 0 0 0 0 0 0
1360 1760 513.0 56.26769 10805 351.0 43.24683 152.0 17.99134 63.0 3.36957 0 0 0 0 0 0 0 0
1360 1840 523.0 53.50138 10801 368.0 42.1381 144.0 21.197993 85.0 8.08101 0 0 0 0 0 0 0 0
1360 1920 517.0 45.61504 10926 360.0 41.28094 126.0 25.4558 69.0 8.93708 0 0 0 0 0 0 0 0
1360 2000 541.0 51.5003 10768 386.0 42.92791 161.0 22.116942 70.0 1.25645 0 0 0 0 0 0 0 0
1440 400 1080.0 286.7086 11060 716.0 205.2753 203.0 70.27537 195.0 55.0202 0 0 0 0 0 0 0 0
1440 480 2581.0 580.926 11549 1630.0 416.0887 343.0 119.9789 476.0 86.2872 0 0 0 0 0 0 0 0
1440 560 3410.0 738.178 11461 2108.0 510.3527 524.0 174.0282 591.0 81.31 0 0 0 0 0 0 0 0
1440 640 3396.0 684.2314 11095 2161.0 473.7692 565.0 163.3707 543.0 97.6372 0 0 0 0 0 0 0 0
1440 720 2749.0 558.8232 10659 1849.0 402.4395 555.0 153.19064 425.0 70.966 0 0 0 0 0 0 0 0
1440 800 1968.0 418.6088 10578 1395.0 303.9947 491.0 114.02813 269.0 52.5609 0 0 0 0 0 0 0 0
1440 880 1314.0 276.2239 10635 917.0 209.8687 335.0 85.96556 171.0 36.637 0 0 0 0 0 0 0 0
1440 960 904.0 188.22097 10493 630.0 136.61389 257.0 62.171459 135.0 21.844 0 0 0 0 0 0 0 0
1440 1040 726.0 136.60918 10592 499.0 88.41061 196.0 42.22708 85.0 10.87152 0 0 0 0 0 0 0 0
1440 1120 590.0 135.07181 10747 401.0 119.91351 167.0 54.606747 99.0 4.9074 0 0 0 0 0 0 0 0
1440 1200 559.0 57.47876 10682 387.0 45.72309 147.0 24.33891 87.0 12.6759 0 0 0 0 0 0 0 0
1440 1280 559.0 64.76618 10630 394.0 50.84916 154.0 29.149635 86.0 10.4464 0 0 0 0 0 0 0 0
1440 1360 507.0 83.3117 10884 343.0 66.6064 140.0 33.39809 70.0 1.9573 0 0 0 0 0 0 0 0
1440 1440 463.0 70.41733 10681 344.0 45.12363 119.0 19.272635 68.0 5.53287 0 0 0 0 0 0 0 0
1440 1520 475.0 66.75226 10839 333.0 51.77421 115.0 23.96262 75.0 6.71892 0 0 0 0 0 0 0 0
1440 1600 499.0 48.4448 11037 356.0 39.6172 139.0 23.53157 58.0 2.34281 0 0 0 0 0 0 0 0
1440 1680 448.0 59.87841 10902 307.0 44.07956 100.0 24.06514 76.0 9.51275 0 0 0 0 0 0 0 0
1440 1760 471.0 27.56201 10805 340.0 19.838318 127.0 11.693989 72.0 2.61809 0 0 0 0 0 0 0 0
1440 1840 469.0 41.155723 10833 328.0 36.332903 125.0 22.019917 67.0 1.708245 0 0 0 0 0 0 0 0
1440 1920 468.0 44.65816 10864 336.0 30.27753 116.0 16.659403 70.0 3.60805 0 0 0 0 0 0 0 0
1440 2000 452.0 31.14754 10821 301.0 27.09119 95.0 17.874577 66.0 4.10489 0 0 0 0 0 0 0 0
1520 400 1107.0 292.5363 11210 756.0 196.5028 235.0 63.50877 163.0 52.3809 0 0 0 0 0 0 0 0
1520 480 2543.0 630.7808 11468 1642.0 452.3727 351.0 139.9054 460.0 81.4421 0 0 0 0 0 0 0 0
1520 560 3440.0 698.9474 11609 2170.0 514.4089 488.0 167.4183 557.0 101.3636 0 0 0 0 0 0 0 0
1520 640 3315.0 676.1439 11188 2088.0 482.1395 516.0 157.1036 514.0 70.1865 0 0 0 0 0 0 0 0
1520 720 2727.0 539.3587 10897 1823.0 386.4084 510.0 128.6525 404.0 85.8051 0 0 0 0 0 0 0 0
1520 800 1915.0 345.8292 10546 1289.0 234.2238 441.0 104.97785 238.0 50.9328 0 0 0 0 0 0 0 0
1520 880 1317.0 257.9544 10726 932.0 198.5257 341.0 67.67818 160.0 40.2475 0 0 0 0 0 0 0 0
1520 960 906.0 196.94311 10697 646.0 115.69595 255.0 51.925037 124.0 24.30603 0 0 0 0 0 0 0 0
1520 1040 665.0 109.82682 10654 472.0 88.89842 182.0 36.50892 90.0 20.5324 0 0 0 0 0 0 0 0
1520 1120 587.0 76.91239 10849 419.0 63.70899 151.0 32.422598 104.0 3.1339 0 0 0 0 0 0 0 0
1520 1200 508.0 76.95612 10861 346.0 63.91388 124.0 30.933171 70.0 3.46491 0 0 0 0 0 0 0 0
1520 1280 477.0 60.98888 10879 335.0 43.683724 126.0 15.82697 79.0 2.54367 0 0 0 0 0 0 0 0
1520 1360 449.0 39.16603 10790 294.0 31.57197 117.0 12.14161 82.0 3.95736 0 0 0 0 0 0 0 0
1520 1440 456.0 45.11718 10796 315.0 38.77744 119.0 22.494422 71.0 1.23193 0 0 0 0 0 0 0 0
1520 1520 428.0 52.62683 10942 303.0 48.7642 103.0 28.991486 69.0 5.5022 0 0 0 0 0 0 0 0
1520 1600 445.0 34.65213 10701 290.0 28.83466 93.0 19.188604 79.0 2.40523 0 0 0 0 0 0 0 0
1520 1680 395.0 35.6398 10930 257.0 29.04084 87.0 13.744241 92.0 4.29964 0 0 0 0 0 0 0 0
1520 1760 455.0 46.547146 10904 301.0 39.508653 94.0 25.845033 75.0 2.054544 0 0 0 0 0 0 0 0
1520 1840 420.0 30.145987 10866 279.0 25.924312 85.0 14.65302 56.0 2.11844 0 0 0 0 0 0 0 0
1520 1920 468.0 37.32766 10811 319.0 31.21657 97.0 22.064884 47.0 3.7319 0 0 0 0 0 0 0 0
1520 2000 412.0 33.12838 10735 285.0 26.389676 91.0 11.105457 66.0 0.90315 0 0 0 0 0 0 0 0
1600 400 1074.0 312.3792 11032 733.0 236.6383 219.0 101.8848 146.0 54.4211 0 0 0 0 0 0 0 0
1600 480 2604.0 630.2733 11670 1688.0 435.8689 398.0 134.2474 475.0 84.3143 0 0 0 0 0 0 0 0
1600 560 3368.0 724.2805 11438 2120.0 529.0684 469.0 182.4276 576.0 95.604 0 0 0 0 0 0 0 0
1600 640 3391.0 615.1329 11203 2194.0 431.4983 556.0 129.3727 567.0 88.5844 0 0 0 0 0 0 0 0
1600 720 2728.0 514.861 10777 1792.0 379.458 528.0 149.6315 419.0 63.6175 0 0 0 0 0 0 0 0
1600 800 1891.0 315.1127 10548 1273.0 223.30291 444.0 88.50984 275.0 44.2352 0 0 0 0 0 0 0 0
1600 880 1135.0 184.37339 10446 778.0 135.21164 276.0 55.24394 192.0 24.17648 0 0 0 0 0 0 0 0
1600 960 836.0 137.08405 10817 603.0 116.13284 205.0 47.57794 109.0 19.36657 0 0 0 0 0 0 0 0
1600 1040 582.0 85.60973 10666 407.0 69.85162 141.0 31.32279 86.0 4.7489 0 0 0 0 0 0 0 0
1600 1120 514.0 56.53156 10739 348.0 42.32664 116.0 24.62455 56.0 5.52324 0 0 0 0 0 0 0 0
1600 1200 473.0 38.8407 10875 342.0 29.703 86.0 21.204805 66.0 7.28192 0 0 0 0 0 0 0 0
1600 1280 461.0 50.015768 11034 307.0 33.869558 96.0 13.505342 82.0 7.093494 0 0 0 0 0 0 0 0
1600 1360 427.0 40.0288 10700 281.0 33.82789 81.0 13.607303 89.0 3.45871 0 0 0 0 0 0 0 0
1600 1440 407.0 24.848765 10851 262.0 13.97575 79.0 2.851134 66.0 0.93601 0 0 0 0 0 0 0 0
1600 1520 401.0 24.7719 10927 260.0 20.87093 68.0 8.676458 55.0 5.19734 0 0 0 0 0 0 0 0
1600 1600 410.0 45.49752 10838 270.0 40.31825 75.0 18.048921 75.0 2.57336 0 0 0 0 0 0 0 0
1600 1680 381.0 48.16347 10713 259.0 42.09358 74.0 18.787855 67.0 2.41441 0 0 0 0 0 0 0 0
1600 1760 402.0 27.36752 10845 253.0 24.04005 62.0 5.042888 67.0 1.76073 0 0 0 0 0 0 0 0
1600 1840 373.0 46.64306 10834 248.0 35.40125 69.0 17.754648 56.0 1.99684 0 0 0 0 0 0 0 0
1600 1920 394.0 24.54213 10977 250.0 15.10614 68.0 5.12819 65.0 2.3817 0 0 0 0 0 0 0 0
1600 2000 385.0 20.008346 10807 262.0 11.504698 60.0 1.837562 58.0 1.592041 0 0 0 0 0 0 0 0
1680 400 1140.0 333.2819 11226 770.0 249.3473 226.0 89.34276 165.0 50.393 0 0 0 0 0 0 0 0
1680 480 2606.0 635.2999 11563 1639.0 464.5687 373.0 157.5888 422.0 86.6061 0 0 0 0 0 0 0 0
1680 560 3303.0 649.0781 11489 2044.0 465.3065 420.0 153.1004 597.0 96.6173 0 0 0 0 0 0 0 0
1680 640 3289.0 677.0496 11188 2084.0 496.3078 526.0 139.5723 601.0 79.1641 0 0 0 0 0 0 0 0
1680 720 2596.0 439.4164 10578 1690.0 290.5511 478.0 119.17633 429.0 63.4065 0 0 0 0 0 0 0 0
1680 800 1804.0 341.67 10612 1235.0 253.85351 426.0 100.61393 248.0 41.6069 0 0 0 0 0 0 0 0
1680 880 1122.0 215.6554 10709 793.0 150.6257 287.0 57.18217 176.0 21.5106 0 0 0 0 0 0 0 0
1680 960 793.0 109.6764 10450 535.0 76.28886 191.0 31.40305 118.0 11.9142 0 0 0 0 0 0 0 0
1680 1040 581.0 98.05325 10770 403.0 71.61217 142.0 40.15869 91.0 6.45058 0 0 0 0 0 0 0 0
1680 1120 462.0 76.17765 10770 332.0 65.58667 103.0 26.95591 76.0 6.335 0 0 0 0 0 0 0 0
1680 1200 456.0 43.65021 10757 301.0 36.06585 76.0 18.60782 76.0 1.98886 0 0 0 0 0 0 0 0
1680 1280 414.0 31.9289 10868 274.0 26.170184 85.0 4.007386 58.0 6.30036 0 0 0 0 0 0 0 0
1680 1360 409.0 25.9247 10981 286.0 21.51492 92.0 8.215449 90.0 1.63272 0 0 0 0 0 0 0 0
1680 1440 394.0 31.08109 10904 270.0 19.37905 61.0 7.044545 74.0 2.9955 0 0 0 0 0 0 0 0
1680 1520 401.0 37.43391 10880 266.0 31.22379 71.0 17.041219 79.0 2.82447 0 0 0 0 0 0 0 0
1680 1600 372.0 28.540191 10914 249.0 19.38534 60.0 5.198079 67.0 0.46565 0 0 0 0 0 0 0 0
1680 1680 427.0 14.10863 10917 290.0 11.303701 60.0 5.539377 56.0 3.64591 0 0 0 0 0 0 0 0
1680 1760 389.0 39.860525 10948 284.0 21.643742 78.0 6.1844 77.0 1.421955 0 0 0 0 0 0 0 0
1680 1840 392.0 16.017694 11058 261.0 12.448814 60.0 3.28782 75.0 14.71044 0 0 0 0 0 0 0 0
1680 1920 391.0 22.593849 10737 261.0 20.030978 76.0 13.626678 68.0 1.718827 0 0 0 0 0 0 0 0
1680 2000 391.0 22.288761 10773 260.0 19.096834 66.0 8.909109 71.0 3.030552 0 0 0 0 0 0 0 0
1760 400 1059.0 301.3487 11329 703.0 205.46 211.0 75.49241 149.0 49.2781 0 0 0 0 0 0 0 0
1760 480 2532.0 658.5933 11536 1588.0 460.0257 310.0 130.7164 460.0 82.6367 0 0 0 0 0 0 0 0
1760 560 3381.0 675.2363 11625 2054.0 482.3979 463.0 160.6702 581.0 81.1867 0 0 0 0 0 0 0 0
1760 640 3311.0 621.7669 11141 2099.0 454.1352 515.0 165.9611 554.0 88.2304 0 0 0 0 0 0 0 0
1760 720 2638.0 528.7939 10870 1713.0 363.5924 485.0 137.94376 437.0 62.579 0 0 0 0 0 0 0 0
1760 800 1766.0 353.8323 10605 1194.0 260.7725 395.0 97.321 261.0 34.8219 0 0 0 0 0 0 0 0
1760 880 1124.0 191.0637 10721 772.0 138.46663 266.0 55.38796 156.0 21.4203 0 0 0 0 0 0 0 0
1760 960 765.0 122.67087 10823 528.0 92.46991 183.0 45.58313 102.0 15.77806 0 0 0 0 0 0 0 0
1760 1040 560.0 83.68255 10707 394.0 67.56915 129.0 32.95865 79.0 4.5749 0 0 0 0 0 0 0 0
1760 1120 469.0 40.98272 10838 310.0 33.42709 86.0 14.919658 70.0 6.20378 0 0 0 0 0 0 0 0
1760 1200 431.0 37.96446 10837 293.0 25.10941 61.0 17.305958 77.0 8.86703 0 0 0 0 0 0 0 0
1760 1280 427.0 29.99312 10952 285.0 23.36435 73.0 10.729313 58.0 6.84758 0 0 0 0 0 0 0 0
1760 1360 368.0 24.395607 10733 236.0 23.089454 57.0 9.323237 71.0 5.35247 0 0 0 0 0 0 0 0
1760 1440 382.0 38.01872 11011 255.0 29.18085 69.0 17.855176 83.0 2.02384 0 0 0 0 0 0 0 0
1760 1520 373.0 33.69702 10720 251.0 29.44825 69.0 18.321287 54.0 1.40697 0 0 0 0 0 0 0 0
1760 1600 377.0 32.40448 10858 247.0 27.29035 64.0 11.612488 59.0 4.16904 0 0 0 0 0 0 0 0
1760 1680 364.0 28.86785 10918 238.0 21.80117 53.0 6.538356 63.0 1.79254 0 0 0 0 0 0 0 0
1760 1760 343.0 22.03052 10855 216.0 15.65659 64.0 6.638346 69.0 0.45647 0 0 0 0 0 0 0 0
1760 1840 392.0 21.332953 10831 254.0 17.101723 59.0 7.467374 61.0 4.03961 0 0 0 0 0 0 0 0
1760 1920 363.0 23.222528 10943 255.0 18.46757 61.0 6.510894 67.0 2.61901 0 0 0 0 0 0 0 0
1760 2000 416.0 18.576221 10832 287.0 12.666643 72.0 6.040966 67.0 1.25078 0 0 0 0 0 0 0 0
1840 400 1055.0 316.0535 11326 666.0 221.478 183.0 74.52699 192.0 40.2735 0 0 0 0 0 0 0 0
1840 480 2512.0 630.1853 11540 1560.0 455.3833 344.0 161.2835 454.0 69.5957 0 0 0 0 0 0 0 0
1840 560 3417.0 674.9524 11486 2068.0 485.8728 472.0 170.9253 604.0 88.6796 0 0 0 0 0 0 0 0
1840 640 3319.0 657.3354 11269 2161.0 468.9705 537.0 173.0597 546.0 88.0819 0 0 0 0 0 0 0 0
1840 720 2640.0 545.6653 10717 1714.0 398.2795 475.0 150.99223 389.0 83.9568 0 0 0 0 0 0 0 0
1840 800 1760.0 329.8463 10651 1215.0 247.4205 371.0 73.42514 238.0 41.1634 0 0 0 0 0 0 0 0
1840 880 1132.0 192.9404 10711 779.0 134.21106 280.0 48.98372 142.0 16.8563 0 0 0 0 0 0 0 0
1840 960 719.0 132.3511 10751 491.0 107.76221 181.0 40.1804 106.0 15.6493 0 0 0 0 0 0 0 0
1840 1040 581.0 84.68201 10710 399.0 57.18991 138.0 14.198503 84.0 11.31399 0 0 0 0 0 0 0 0
1840 1120 440.0 43.49278 10887 299.0 28.98547 92.0 15.819499 74.0 3.68227 0 0 0 0 0 0 0 0
1840 1200 463.0 40.666725 10666 305.0 33.694834 82.0 10.37399 82.0 3.18007 0 0 0 0 0 0 0 0
1840 1280 403.0 34.96957 10855 276.0 17.71645 63.0 3.433394 59.0 4.76083 0 0 0 0 0 0 0 0
1840 1360 361.0 32.732346 10771 240.0 28.249716 57.0 11.414703 60.0 0.97102 0 0 0 0 0 0 0 0
1840 1440 388.0 16.526025 10984 261.0 11.332015 67.0 3.228227 56.0 1.89033 0 0 0 0 0 0 0 0
1840 1520 381.0 27.014373 10823 255.0 23.213573 65.0 7.914417 69.0 3.009607 0 0 0 0 0 0 0 0
1840 1600 379.0 29.378818 10907 237.0 23.798008 54.0 12.556483 56.0 2.808391 0 0 0 0 0 0 0 0
1840 1680 378.0 18.85268 10856 244.0 15.27627 76.0 8.753105 84.0 2.15894 0 0 0 0 0 0 0 0
1840 1760 335.0 22.81257 10781 207.0 15.70441 59.0 5.409126 64.0 1.14762 0 0 0 0 0 0 0 0
1840 1840 405.0 14.58278 10773 270.0 8.77558 61.0 1.821437 59.0 3.97342 0 0 0 0 0 0 0 0
1840 1920 382.0 36.04931 10952 267.0 27.83261 64.0 7.656795 81.0 3.12131 0 0 0 0 0 0 0 0
1840 2000 363.0 21.336784 10774 246.0 14.98736 42.0 8.819154 83.0 1.225954 0 0 0 0 0 0 0 0
1920 400 1124.0 335.4003 11359 763.0 225.4154 201.0 64.57632 184.0 41.0727 0 0 0 0 0 0 0 0
1920 480 2541.0 661.0337 11703 1617.0 475.1002 342.0 169.5421 466.0 83.1063 0 0 0 0 0 0 0 0
1920 560 3412.0 688.138 11548 2173.0 483.8209 463.0 152.193 539.0 94.036 0 0 0 0 0 0 0 0
1920 640 3286.0 679.4891 11278 2094.0 477.7084 516.0 173.2239 555.0 77.6126 0 0 0 0 0 0 0 0
1920 720 2547.0 477.3677 10754 1646.0 355.2631 471.0 128.9551 379.0 76.0943 0 0 0 0 0 0 0 0
1920 800 1798.0 341.7432 10759 1233.0 251.949 377.0 82.53155 245.0 52.3247 0 0 0 0 0 0 0 0
1920 880 1083.0 182.4846 10735 744.0 132.64016 270.0 51.95861 159.0 23.7466 0 0 0 0 0 0 0 0
1920 960 728.0 121.46782 10730 500.0 82.65353 178.0 29.67892 84.0 17.43082 0 0 0 0 0 0 0 0
1920 1040 536.0 64.40895 10697 362.0 51.7706 112.0 21.70037 97.0 2.9423 0 0 0 0 0 0 0 0
1920 1120 430.0 64.92085 10898 281.0 52.72623 78.0 25.98165 96.0 3.8029 0 0 0 0 0 0 0 0
1920 1200 435.0 34.91861 10784 288.0 23.39885 75.0 12.578127 59.0 0.70511 0 0 0 0 0 0 0 0
1920 1280 438.0 16.46332 10916 285.0 12.38156 77.0 3.214055 69.0 2.52072 0 0 0 0 0 0 0 0
1920 1360 400.0 34.21081 10737 262.0 29.06347 58.0 8.916896 67.0 2.5936 0 0 0 0 0 0 0 0
1920 1440 400.0 27.728545 10837 259.0 20.431675 52.0 5.299864 63.0 1.61096 0 0 0 0 0 0 0 0
1920 1520 422.0 26.584314 11072 288.0 23.130486 73.0 15.16088 81.0 3.666936 0 0 0 0 0 0 0 0
1920 1600 356.0 28.559355 10862 242.0 18.969074 57.0 4.401641 54.0 1.38206 0 0 0 0 0 0 0 0
1920 1680 386.0 17.689716 10731 259.0 11.561579 59.0 4.671757 61.0 8.079544 0 0 0 0 0 0 0 0
1920 1760 361.0 32.502318 10825 235.0 28.10586 52.0 17.675411 64.0 3.51831 0 0 0 0 0 0 0 0
1920 1840 346.0 28.23428 10813 231.0 24.1551 59.0 10.798154 67.0 3.14179 0 0 0 0 0 0 0 0
1920 1920 390.0 17.69822 10746 261.0 12.72092 59.0 2.060337 60.0 2.82195 0 0 0 0 0 0 0 0
1920 2000 374.0 31.52052 10753 258.0 27.86854 54.0 13.600825 71.0 1.46119 0 0 0 0 0 0 0 0
2000 400 1075.0 309.6601 11198 701.0 211.2607 188.0 69.71349 188.0 37.7715 0 0 0 0 0 0 0 0
2000 480 2475.0 642.5116 11621 1562.0 450.6995 331.0 138.2406 431.0 78.9246 0 0 0 0 0 0 0 0
2000 560 3323.0 663.6562 11409 2058.0 471.4016 394.0 160.482 593.0 71.996 0 0 0 0 0 0 0 0
2000 640 3281.0 627.3295 11268 2080.0 451.1647 501.0 147.6735 552.0 89.1122 0 0 0 0 0 0 0 0
2000 720 2615.0 485.0966 10814 1714.0 363.2111 471.0 133.79879 355.0 59.6015 0 0 0 0 0 0 0 0
2000 800 1726.0 340.3344 10676 1180.0 223.9958 389.0 86.39204 260.0 43.0865 0 0 0 0 0 0 0 0
2000 880 1654.0 261.84333 10847 1091.0 181.06309 354.0 99.23138 221.0 48.32457 0 0 0 0 0 0 0 0
2000 960 1404.0 217.182 10636 953.0 150.1953 285.0 61.94675 190.0 29.4908 0 0 0 0 0 0 0 0
2000 1040 632.0 91.43476 10805 448.0 72.57828 121.0 34.15811 89.0 3.72702 0 0 0 0 0 0 0 0
2000 1120 741.0 69.518174 10601 493.0 50.517814 135.0 14.24379 102.0 9.328056 0 0 0 0 0 0 0 0
2000 1200 436.0 48.77639 10941 271.0 37.44081 66.0 9.165272 69.0 4.65356 0 0 0 0 0 0 0 0
2000 1280 502.0 32.350266 10632 321.0 22.143546 72.0 9.470827 106.0 3.2795 0 0 0 0 0 0 0 0
2000 1360 526.0 34.98873 10933 344.0 29.808436 69.0 8.788228 82.0 3.70448 0 0 0 0 0 0 0 0
2000 1440 616.0 28.96784 10773 404.0 19.81153 96.0 5.329997 112.0 2.46843 0 0 0 0 0 0 0 0
2000 1520 661.0 36.18199 10821 444.0 26.416205 109.0 5.669303 115.0 3.17477 0 0 0 0 0 0 0 0
2000 1600 766.0 58.69626 10760 516.0 28.57239 100.0 6.236476 116.0 11.19838 0 0 0 0 0 0 0 0
2000 1680 642.0 40.172155 10855 386.0 35.199745 87.0 10.689152 113.0 2.132744 0 0 0 0 0 0 0 0
2000 1760 717.0 43.74057 10802 448.0 35.65045 101.0 13.48563 108.0 5.3841 0 0 0 0 0 0 0 0
2000 1840 776.0 33.357424 10790 488.0 28.262682 98.0 14.902442 150.0 2.6986 0 0 0 0 0 0 0 0
2000 1920 645.0 32.59728 10892 419.0 22.289158 113.0 8.872403 95.0 6.76793 0 0 0 0 0 0 0 0
2000 2000 736.0 39.15708 10734 475.0 25.62008 100.0 5.03802 125.0 1.19378 0 0 0 0 0 0 0 0
