10000  5000  5000  5  115  2.557000  1.768000
10000  5000  5000  5  140  3.252000  1.717000
10000  5000  5000  5  165  4.191000  2.575000
10000  5000  5000  5  190  3.408000  1.926000
10000  5000  5000  5  215  3.310000  1.236000
10000  5000  5000  5  240  3.333000  1.306000
10000  5000  5000  5  265  3.259000  0.934200
10000  5000  5000  5  290  3.602000  1.025000
10000  5000  5000  5  315  3.571000  1.041000
10000  5000  5000  5  340  3.763000  0.768900
10000  5000  5000  5  365  3.778000  0.730100
10000  5000  5000  5  390  0.000000  0.000000
10000  5000  5000  5  415  4.136000  0.594200
10000  5000  5000  5  440  4.077000  0.553000
10000  5000  5000  5  465  4.232000  0.457600
10000  5000  5000  5  490  4.305000  0.472200
10000  5000  5000  5  515  4.307000  0.250300
10000  5000  5000  5  540  4.503000  0.326100
10000  5000  5000  5  564  4.611000  0.325400
10000  5000  5000  5  589  5.043000  0.808100
10000  5000  5000  5  614  8.826000  6.512000
10000  5000  5000  5  639  5.445000  0.899500
10000  5000  5000  5  664  5.595000  0.859000
10000  5000  5000  5  689  5.771000  1.309000
10000  5000  5000  5  714  5.729000  0.773300
10000  5000  5000  5  739  6.856000  2.679000
10000  5000  5000  5  764  6.195000  0.640100
10000  5000  5000  5  789  6.349000  1.017000
10000  5000  5000  5  814  6.507000  1.136000
10000  5000  5000  5  839  6.982000  0.673500
10000  5000  5000  5  864  7.238000  0.549000
10000  5000  5000  5  889  8.390000  0.746700
10000  5000  5000  5  914  8.327000  1.885000
10000  5000  5000  5  939  8.744000  1.458000
10000  5000  5000  5  964  9.160000  0.920800
10000  5000  5000  5  989  8.734000  1.200000
10000  5000  5000  30  115  2.236000  1.364188
10000  5000  5000  30  140  2.509000  1.334000
10000  5000  5000  30  165  3.149000  1.518000
10000  5000  5000  30  190  3.367000  1.788000
10000  5000  5000  30  215  3.240000  1.285000
10000  5000  5000  30  240  3.476000  1.304000
10000  5000  5000  30  265  3.878000  2.472000
10000  5000  5000  30  290  3.462000  0.914400
10000  5000  5000  30  315  3.474000  0.813000
10000  5000  5000  30  340  4.260000  2.319000
10000  5000  5000  30  365  3.686000  0.822200
10000  5000  5000  30  390  3.933000  0.704867
10000  5000  5000  30  415  3.880000  0.577400
10000  5000  5000  30  440  4.094000  0.781100
10000  5000  5000  30  465  4.011000  0.880600
10000  5000  5000  30  490  4.174000  0.379200
10000  5000  5000  30  515  4.317000  0.383700
10000  5000  5000  30  540  4.387000  0.325000
10000  5000  5000  30  564  4.621000  0.486100
10000  5000  5000  30  589  4.740000  0.384900
10000  5000  5000  30  614  4.956000  0.595700
10000  5000  5000  30  639  5.090000  0.561900
10000  5000  5000  30  664  5.217000  0.579200
10000  5000  5000  30  689  5.465000  0.661158
10000  5000  5000  30  714  5.602000  0.767679
10000  5000  5000  30  739  5.932048  1.023321
10000  5000  5000  30  764  6.056933  1.303000
10000  5000  5000  30  789  6.387515  1.674000
10000  5000  5000  30  814  6.817273  2.089254
10000  5000  5000  30  839  7.287394  2.616715
10000  5000  5000  30  864  7.753879  3.201103
10000  5000  5000  30  889  7.805334  3.724515
10000  5000  5000  30  914  8.194667  4.385673
10000  5000  5000  30  939  8.646000  5.127000
10000  5000  5000  30  964  8.756666  5.755740
10000  5000  5000  30  989  9.704303  7.015636
10000  5000  5000  55  115  2.557000  1.768000
10000  5000  5000  55  140  3.252000  1.717000
10000  5000  5000  55  165  4.191000  2.575000
10000  5000  5000  55  190  3.408000  1.926000
10000  5000  5000  55  215  3.310000  1.236000
10000  5000  5000  55  240  3.333000  1.306000
10000  5000  5000  55  265  3.259000  0.934200
10000  5000  5000  55  290  3.602000  1.025000
10000  5000  5000  55  315  3.571000  1.041000
10000  5000  5000  55  340  3.763000  0.768900
10000  5000  5000  55  365  3.778000  0.736824
10000  5000  5000  55  390  0.000000  0.000000
10000  5000  5000  55  415  4.136000  0.611570
10000  5000  5000  55  440  4.077000  0.553000
10000  5000  5000  55  465  4.232000  0.457600
10000  5000  5000  55  490  4.305000  0.472200
10000  5000  5000  55  515  4.307000  0.276217
10000  5000  5000  55  540  4.503000  0.350266
10000  5000  5000  55  564  4.611000  0.325400
10000  5000  5000  55  589  4.902000  0.383700
10000  5000  5000  55  614  4.934000  0.195445
10000  5000  5000  55  639  5.140000  0.719100
10000  5000  5000  55  664  5.276000  0.268000
10000  5000  5000  55  689  5.514000  0.309100
10000  5000  5000  55  714  5.656000  0.372800
10000  5000  5000  55  739  5.840218  0.318000
10000  5000  5000  55  764  6.280970  0.630700
10000  5000  5000  55  789  6.405879  0.341600
10000  5000  5000  55  814  6.945818  0.567400
10000  5000  5000  55  839  7.213939  0.458700
10000  5000  5000  55  864  7.504121  0.574900
10000  5000  5000  55  889  7.948606  0.315700
10000  5000  5000  55  914  8.051394  0.474100
10000  5000  5000  55  939  8.459151  1.804000
10000  5000  5000  55  964  9.234181  0.920800
10000  5000  5000  55  989  10.440000  1.266000
10000  5000  5000  80  115  2.600000  1.332000
10000  5000  5000  80  140  2.964000  1.737000
10000  5000  5000  80  165  2.558000  0.959200
10000  5000  5000  80  190  3.168000  1.760000
10000  5000  5000  80  215  3.129000  1.212000
10000  5000  5000  80  240  3.446000  1.410000
10000  5000  5000  80  265  3.491000  1.152982
10000  5000  5000  80  290  3.407000  1.017000
10000  5000  5000  80  315  3.547000  0.905300
10000  5000  5000  80  340  3.643000  0.853800
10000  5000  5000  80  365  0.000000  0.000000
10000  5000  5000  80  390  0.000000  0.000000
10000  5000  5000  80  415  3.848000  0.528925
10000  5000  5000  80  440  4.609000  0.977100
10000  5000  5000  80  465  4.256000  0.578600
10000  5000  5000  80  490  4.233000  0.452158
10000  5000  5000  80  515  4.277000  0.555900
10000  5000  5000  80  540  4.434000  0.735600
10000  5000  5000  80  564  4.507000  0.394000
10000  5000  5000  80  589  4.687000  0.228200
10000  5000  5000  80  614  4.870000  0.445100
10000  5000  5000  80  639  5.046000  0.221818
10000  5000  5000  80  664  5.253000  0.349100
10000  5000  5000  80  689  5.449000  0.208100
10000  5000  5000  80  714  5.633000  0.222900
10000  5000  5000  80  739  5.796145  0.342100
10000  5000  5000  80  764  6.178121  0.396400
10000  5000  5000  80  789  6.446303  0.275200
10000  5000  5000  80  814  6.876060  0.328400
10000  5000  5000  80  839  7.125818  0.417200
10000  5000  5000  80  864  7.471091  0.381300
10000  5000  5000  80  889  7.948606  0.598500
10000  5000  5000  80  914  8.301212  0.892200
10000  5000  5000  80  939  8.532606  0.319200
10000  5000  5000  80  964  9.299000  0.616700
10000  5000  5000  80  989  9.465576  1.000000
10000  5000  5000  105  115  3.681000  2.795000
10000  5000  5000  105  140  2.933000  1.411000
10000  5000  5000  105  165  2.466000  0.789600
10000  5000  5000  105  190  2.857000  0.987300
10000  5000  5000  105  215  3.099000  1.109000
10000  5000  5000  105  240  3.430000  1.252000
10000  5000  5000  105  265  3.453000  1.411000
10000  5000  5000  105  290  3.631000  1.048000
10000  5000  5000  105  315  3.671000  0.953100
10000  5000  5000  105  340  3.913000  1.074000
10000  5000  5000  105  365  3.899000  0.857900
10000  5000  5000  105  390  0.000000  0.000000
10000  5000  5000  105  415  0.000000  0.000000
10000  5000  5000  105  440  4.111000  0.452600
10000  5000  5000  105  465  4.140000  0.402400
10000  5000  5000  105  490  4.228000  0.936900
10000  5000  5000  105  515  4.410000  0.403306
10000  5000  5000  105  540  4.447000  0.823600
10000  5000  5000  105  564  4.724000  0.665900
10000  5000  5000  105  589  4.785000  0.358000
10000  5000  5000  105  614  4.927000  0.449100
10000  5000  5000  105  639  5.076000  0.281000
10000  5000  5000  105  664  5.266000  0.305900
10000  5000  5000  105  689  5.474000  0.242800
10000  5000  5000  105  714  5.614000  0.405000
10000  5000  5000  105  739  6.215000  0.944000
10000  5000  5000  105  764  6.137758  0.301000
10000  5000  5000  105  789  6.449939  0.337600
10000  5000  5000  105  814  6.703394  0.884300
10000  5000  5000  105  839  7.243333  0.285800
10000  5000  5000  105  864  7.496788  0.432800
10000  5000  5000  105  889  7.860424  0.918000
10000  5000  5000  105  914  8.286485  0.362000
10000  5000  5000  105  939  8.613394  0.543300
10000  5000  5000  105  964  9.098243  0.454200
10000  5000  5000  105  989  9.833000  0.572600
10000  5000  5000  130  115  0.000000  0.000000
10000  5000  5000  130  140  2.742000  1.391000
10000  5000  5000  130  165  2.958000  1.379000
10000  5000  5000  130  190  4.033000  3.358000
10000  5000  5000  130  215  2.779000  0.818900
10000  5000  5000  130  240  3.406000  1.027000
10000  5000  5000  130  265  3.460000  1.003000
10000  5000  5000  130  290  3.504000  1.172455
10000  5000  5000  130  315  3.590000  0.982921
10000  5000  5000  130  340  3.684000  1.462994
10000  5000  5000  130  365  3.736000  0.802206
10000  5000  5000  130  390  0.000000  0.000000
10000  5000  5000  130  415  4.003000  0.581800
10000  5000  5000  130  440  4.216000  0.743436
10000  5000  5000  130  465  4.312000  0.969200
10000  5000  5000  130  490  4.300000  0.436300
10000  5000  5000  130  515  4.360000  0.600400
10000  5000  5000  130  540  4.427000  0.410285
10000  5000  5000  130  564  4.577000  0.319100
10000  5000  5000  130  589  4.799000  0.329881
10000  5000  5000  130  614  4.926000  0.262200
10000  5000  5000  130  639  5.130000  0.575800
10000  5000  5000  130  664  5.251000  0.355900
10000  5000  5000  130  689  5.428000  0.538700
10000  5000  5000  130  714  5.696970  0.462000
10000  5000  5000  130  739  5.840218  0.260700
10000  5000  5000  130  764  6.159758  0.283400
10000  5000  5000  130  789  6.442606  0.753800
10000  5000  5000  130  814  6.703394  0.348700
10000  5000  5000  130  839  7.324121  0.774400
10000  5000  5000  130  864  7.555575  0.594400
10000  5000  5000  130  889  7.963273  0.342500
10000  5000  5000  130  914  8.249758  0.603500
10000  5000  5000  130  939  8.635454  0.503100
10000  5000  5000  130  964  9.888000  0.597100
10000  5000  5000  130  989  10.320000  0.657000
10000  5000  5000  155  115  0.000000  0.000000
10000  5000  5000  155  140  0.000000  0.000000
10000  5000  5000  155  165  2.672000  1.591000
10000  5000  5000  155  190  4.032000  2.386000
10000  5000  5000  155  215  2.937000  0.964900
10000  5000  5000  155  240  3.228000  0.640100
10000  5000  5000  155  265  3.661000  1.127000
10000  5000  5000  155  290  3.649000  1.185000
10000  5000  5000  155  315  3.621000  1.003855
10000  5000  5000  155  340  3.660000  1.013000
10000  5000  5000  155  365  3.783000  0.969697
10000  5000  5000  155  390  0.000000  0.000000
10000  5000  5000  155  415  3.938000  0.767700
10000  5000  5000  155  440  3.946000  0.785000
10000  5000  5000  155  465  4.086000  0.520478
10000  5000  5000  155  490  4.233000  0.489991
10000  5000  5000  155  515  4.351000  0.402900
10000  5000  5000  155  540  4.448000  0.622600
10000  5000  5000  155  564  4.737000  0.523700
10000  5000  5000  155  589  4.793000  0.469500
10000  5000  5000  155  614  4.966000  0.304200
10000  5000  5000  155  639  5.098000  0.342000
10000  5000  5000  155  664  5.236000  0.297700
10000  5000  5000  155  689  5.523000  1.062000
10000  5000  5000  155  714  5.684000  0.168900
10000  5000  5000  155  739  5.777776  0.233500
10000  5000  5000  155  764  6.152424  0.476100
10000  5000  5000  155  789  6.560121  0.546700
10000  5000  5000  155  814  6.857697  0.880300
10000  5000  5000  155  839  7.184546  0.427500
10000  5000  5000  155  864  7.489455  0.634900
10000  5000  5000  155  889  7.838364  0.281900
10000  5000  5000  155  914  8.246121  1.123000
10000  5000  5000  155  939  8.565637  0.499300
10000  5000  5000  155  964  9.372000  0.841700
10000  5000  5000  155  989  9.605152  0.384100
10000  5000  5000  180  115  0.000000  0.000000
10000  5000  5000  180  140  0.000000  0.000000
10000  5000  5000  180  165  0.000000  0.000000
10000  5000  5000  180  190  2.483000  1.065200
10000  5000  5000  180  215  3.045000  0.886300
10000  5000  5000  180  240  3.019000  1.230121
10000  5000  5000  180  265  3.281000  0.768200
10000  5000  5000  180  290  3.408000  1.035000
10000  5000  5000  180  315  3.672000  0.991000
10000  5000  5000  180  340  3.879000  0.946558
10000  5000  5000  180  365  3.827000  0.811400
10000  5000  5000  180  390  3.853000  0.805879
10000  5000  5000  180  415  4.044000  1.149000
10000  5000  5000  180  440  4.151000  0.648100
10000  5000  5000  180  465  4.132000  0.613900
10000  5000  5000  180  490  4.268000  0.651100
10000  5000  5000  180  515  4.344000  0.439600
10000  5000  5000  180  540  4.464000  0.578000
10000  5000  5000  180  564  4.633000  0.572700
10000  5000  5000  180  589  4.769000  0.331300
10000  5000  5000  180  614  4.900000  1.032000
10000  5000  5000  180  639  5.142000  0.704800
10000  5000  5000  180  664  5.275000  0.360000
10000  5000  5000  180  689  5.458000  0.404000
10000  5000  5000  180  714  5.629000  0.405400
10000  5000  5000  180  739  5.863000  0.303700
10000  5000  5000  180  764  6.170788  0.236600
10000  5000  5000  180  789  0.000000  0.000000
10000  5000  5000  180  814  6.784182  0.279118
10000  5000  5000  180  839  7.056000  0.200700
10000  5000  5000  180  864  7.456364  0.737400
10000  5000  5000  180  889  7.786970  0.395600
10000  5000  5000  180  914  8.282848  0.797200
10000  5000  5000  180  939  8.635454  0.644100
10000  5000  5000  180  964  9.204787  0.386900
10000  5000  5000  180  989  10.330000  0.451100
10000  5000  5000  205  115  0.000000  0.000000
10000  5000  5000  205  140  0.000000  0.000000
10000  5000  5000  205  165  0.000000  0.000000
10000  5000  5000  205  190  0.000000  0.000000
10000  5000  5000  205  215  2.989000  1.307624
10000  5000  5000  205  240  2.732000  1.071000
10000  5000  5000  205  265  3.556000  1.726000
10000  5000  5000  205  290  3.374000  0.811800
10000  5000  5000  205  315  3.716000  1.098000
10000  5000  5000  205  340  3.636000  0.854700
10000  5000  5000  205  365  3.762000  1.073648
10000  5000  5000  205  390  3.886000  1.106000
10000  5000  5000  205  415  4.050000  0.717358
10000  5000  5000  205  440  3.967000  0.787100
10000  5000  5000  205  465  4.217000  0.623691
10000  5000  5000  205  490  4.471000  0.628097
10000  5000  5000  205  515  4.344000  0.439600
10000  5000  5000  205  540  4.547000  0.408081
10000  5000  5000  205  564  4.609000  0.637400
10000  5000  5000  205  589  4.850000  0.915300
10000  5000  5000  205  614  4.953000  0.444100
10000  5000  5000  205  639  5.093000  0.313500
10000  5000  5000  205  664  5.326000  0.379300
10000  5000  5000  205  689  5.498000  0.403300
10000  5000  5000  205  714  5.642000  0.444900
10000  5000  5000  205  739  6.012855  0.747900
10000  5000  5000  205  764  6.655000  0.896400
10000  5000  5000  205  789  6.505031  0.954700
10000  5000  5000  205  814  6.622606  0.174100
10000  5000  5000  205  839  7.107454  0.650500
10000  5000  5000  205  864  7.463758  0.231600
10000  5000  5000  205  889  7.801636  0.616600
10000  5000  5000  205  914  8.198363  0.438700
10000  5000  5000  205  939  8.506909  0.300300
10000  5000  5000  205  964  8.969697  0.394900
10000  5000  5000  205  989  9.821879  0.789900
10000  5000  5000  230  115  0.000000  0.000000
10000  5000  5000  230  140  0.000000  0.000000
10000  5000  5000  230  165  0.000000  0.000000
10000  5000  5000  230  190  0.000000  0.000000
10000  5000  5000  230  215  0.000000  0.000000
10000  5000  5000  230  240  3.236000  1.594000
10000  5000  5000  230  265  3.076000  0.985300
10000  5000  5000  230  290  4.045000  1.333000
10000  5000  5000  230  315  3.737000  1.299000
10000  5000  5000  230  340  3.770000  0.921200
10000  5000  5000  230  365  5.260000  3.808000
10000  5000  5000  230  390  3.820000  0.922200
10000  5000  5000  230  415  3.978000  0.815794
10000  5000  5000  230  440  4.082000  0.703600
10000  5000  5000  230  465  4.099000  0.551300
10000  5000  5000  230  490  4.293000  0.789600
10000  5000  5000  230  515  4.433000  0.493664
10000  5000  5000  230  540  4.488000  0.373800
10000  5000  5000  230  564  5.085000  1.366000
10000  5000  5000  230  589  4.758000  0.251200
10000  5000  5000  230  614  4.995000  0.564800
10000  5000  5000  230  639  5.145000  0.255317
10000  5000  5000  230  664  5.441000  0.933100
10000  5000  5000  230  689  5.496000  0.450600
10000  5000  5000  230  714  5.678607  0.687300
10000  5000  5000  230  739  5.924703  0.245400
10000  5000  5000  230  764  6.295697  0.241700
10000  5000  5000  230  789  6.523394  0.344100
10000  5000  5000  230  814  6.802546  0.360100
10000  5000  5000  230  839  7.011940  0.435700
10000  5000  5000  230  864  7.540848  0.575300
10000  5000  5000  230  889  7.790606  0.579100
10000  5000  5000  230  914  8.176303  1.370000
10000  5000  5000  230  939  8.609757  0.423700
10000  5000  5000  230  964  9.068849  0.319100
10000  5000  5000  230  989  9.816000  0.522800
10000  5000  5000  255  115  0.000000  0.000000
10000  5000  5000  255  140  0.000000  0.000000
10000  5000  5000  255  165  0.000000  0.000000
10000  5000  5000  255  190  0.000000  0.000000
10000  5000  5000  255  215  0.000000  0.000000
10000  5000  5000  255  240  0.000000  0.000000
10000  5000  5000  255  265  4.070000  1.527000
10000  5000  5000  255  290  6.320000  3.959000
10000  5000  5000  255  315  3.669000  1.614000
10000  5000  5000  255  340  3.588000  1.159000
10000  5000  5000  255  365  3.650000  0.895000
10000  5000  5000  255  390  4.487000  1.292000
10000  5000  5000  255  415  5.162000  3.256000
10000  5000  5000  255  440  4.048000  0.844400
10000  5000  5000  255  465  4.288000  1.150000
10000  5000  5000  255  490  4.240000  0.510000
10000  5000  5000  255  515  4.438000  0.840300
10000  5000  5000  255  540  4.599000  0.405142
10000  5000  5000  255  564  4.737000  0.481600
10000  5000  5000  255  589  4.869000  0.460300
10000  5000  5000  255  614  4.951000  0.361000
10000  5000  5000  255  639  5.102000  0.306100
10000  5000  5000  255  664  5.356000  0.551700
10000  5000  5000  255  689  5.506000  0.660700
10000  5000  5000  255  714  5.677000  0.211200
10000  5000  5000  255  739  5.979800  0.716100
10000  5000  5000  255  764  6.145091  0.341600
10000  5000  5000  255  789  6.534424  0.308100
10000  5000  5000  255  814  6.865030  0.365200
10000  5000  5000  255  839  7.089091  0.563000
10000  5000  5000  255  864  7.588606  0.759700
10000  5000  5000  255  889  8.380000  0.735600
10000  5000  5000  255  914  8.393000  0.349300
10000  5000  5000  255  939  8.635000  0.733000
10000  5000  5000  255  964  10.140000  1.117000
10000  5000  5000  255  989  9.414122  0.873700
10000  5000  5000  280  115  0.000000  0.000000
10000  5000  5000  280  140  0.000000  0.000000
10000  5000  5000  280  165  0.000000  0.000000
10000  5000  5000  280  190  0.000000  0.000000
10000  5000  5000  280  215  0.000000  0.000000
10000  5000  5000  280  240  0.000000  0.000000
10000  5000  5000  280  265  0.000000  0.000000
10000  5000  5000  280  290  3.329000  0.816400
10000  5000  5000  280  315  3.476000  1.226000
10000  5000  5000  280  340  5.112000  4.173000
10000  5000  5000  280  365  4.137000  2.401000
10000  5000  5000  280  390  3.832000  1.209000
10000  5000  5000  280  415  4.306000  1.422000
10000  5000  5000  280  440  4.119000  0.792655
10000  5000  5000  280  465  4.224000  0.981300
10000  5000  5000  280  490  4.253000  0.585800
10000  5000  5000  280  515  4.415000  0.897500
10000  5000  5000  280  540  4.669000  0.540500
10000  5000  5000  280  564  4.986000  1.398000
10000  5000  5000  280  589  4.953000  0.470700
10000  5000  5000  280  614  5.057000  0.499400
10000  5000  5000  280  639  5.190000  0.592900
10000  5000  5000  280  664  5.325000  0.515700
10000  5000  5000  280  689  5.454000  0.292200
10000  5000  5000  280  714  5.643000  1.121000
10000  5000  5000  280  739  5.928376  0.487700
10000  5000  5000  280  764  6.090000  0.759600
10000  5000  5000  280  789  6.637273  0.547500
10000  5000  5000  280  814  6.861333  0.229900
10000  5000  5000  280  839  7.100121  0.338200
10000  5000  5000  280  864  7.463758  0.390700
10000  5000  5000  280  889  7.944909  0.769700
10000  5000  5000  280  914  8.205697  0.142400
10000  5000  5000  280  939  8.565637  0.282500
10000  5000  5000  280  964  9.494000  0.810400
10000  5000  5000  280  989  9.531696  0.566300
10000  5000  5000  305  115  0.000000  0.000000
10000  5000  5000  305  140  0.000000  0.000000
10000  5000  5000  305  165  0.000000  0.000000
10000  5000  5000  305  190  0.000000  0.000000
10000  5000  5000  305  215  0.000000  0.000000
10000  5000  5000  305  240  0.000000  0.000000
10000  5000  5000  305  265  0.000000  0.000000
10000  5000  5000  305  290  0.000000  0.000000
10000  5000  5000  305  315  3.368000  1.220000
10000  5000  5000  305  340  3.656000  1.379000
10000  5000  5000  305  365  3.902000  1.130945
10000  5000  5000  305  390  3.847000  1.628285
10000  5000  5000  305  415  4.066000  0.998100
10000  5000  5000  305  440  4.190000  0.884849
10000  5000  5000  305  465  4.235000  0.862442
10000  5000  5000  305  490  4.421000  0.843709
10000  5000  5000  305  515  4.510000  0.757100
10000  5000  5000  305  540  4.672000  1.027000
10000  5000  5000  305  564  4.646000  0.351148
10000  5000  5000  305  589  4.856000  0.574472
10000  5000  5000  305  614  5.011000  0.771500
10000  5000  5000  305  639  5.234000  0.372500
10000  5000  5000  305  664  5.384000  0.606200
10000  5000  5000  305  689  5.518000  1.051000
10000  5000  5000  305  714  5.715333  0.343500
10000  5000  5000  305  739  6.045916  0.506200
10000  5000  5000  305  764  6.328727  0.896000
10000  5000  5000  305  789  6.420545  0.629800
10000  5000  5000  305  814  6.894424  0.932700
10000  5000  5000  305  839  7.283000  0.484700
10000  5000  5000  305  864  7.595940  0.765300
10000  5000  5000  305  889  8.033031  0.367000
10000  5000  5000  305  914  8.220364  0.648400
10000  5000  5000  305  939  8.782364  0.594800
10000  5000  5000  305  964  9.043152  0.224200
10000  5000  5000  305  989  9.564728  0.745100
10000  5000  5000  330  115  0.000000  0.000000
10000  5000  5000  330  140  0.000000  0.000000
10000  5000  5000  330  165  0.000000  0.000000
10000  5000  5000  330  190  0.000000  0.000000
10000  5000  5000  330  215  0.000000  0.000000
10000  5000  5000  330  240  0.000000  0.000000
10000  5000  5000  330  265  0.000000  0.000000
10000  5000  5000  330  290  0.000000  0.000000
10000  5000  5000  330  315  0.000000  0.000000
10000  5000  5000  330  340  3.610000  1.001000
10000  5000  5000  330  365  3.941000  0.851600
10000  5000  5000  330  390  4.041000  1.437000
10000  5000  5000  330  415  3.806000  1.107000
10000  5000  5000  330  440  4.194000  0.938109
10000  5000  5000  330  465  4.325000  1.017079
10000  5000  5000  330  490  4.468000  0.735300
10000  5000  5000  330  515  4.556000  0.809600
10000  5000  5000  330  540  4.684000  0.690100
10000  5000  5000  330  564  4.706000  0.549495
10000  5000  5000  330  589  4.899000  0.519000
10000  5000  5000  330  614  5.373000  1.195000
10000  5000  5000  330  639  5.175000  0.650300
10000  5000  5000  330  664  5.288000  0.532000
10000  5000  5000  330  689  5.539024  0.556200
10000  5000  5000  330  714  5.705000  0.601300
10000  5000  5000  330  739  5.932048  0.480500
10000  5000  5000  330  764  6.284667  0.363800
10000  5000  5000  330  789  6.790000  0.969700
10000  5000  5000  330  814  6.831940  0.409900
10000  5000  5000  330  839  7.188243  0.872600
10000  5000  5000  330  864  7.471091  0.410200
10000  5000  5000  330  889  7.842061  1.475000
10000  5000  5000  330  914  8.264485  1.035000
10000  5000  5000  330  939  8.606060  0.767900
10000  5000  5000  330  964  9.131333  0.473300
10000  5000  5000  330  989  9.663939  0.519300
10000  5000  5000  355  115  0.000000  0.000000
10000  5000  5000  355  140  0.000000  0.000000
10000  5000  5000  355  165  0.000000  0.000000
10000  5000  5000  355  190  0.000000  0.000000
10000  5000  5000  355  215  0.000000  0.000000
10000  5000  5000  355  240  0.000000  0.000000
10000  5000  5000  355  265  0.000000  0.000000
10000  5000  5000  355  290  0.000000  0.000000
10000  5000  5000  355  315  0.000000  0.000000
10000  5000  5000  355  340  0.000000  0.000000
10000  5000  5000  355  365  4.320000  1.727000
10000  5000  5000  355  390  0.000000  0.000000
10000  5000  5000  355  415  4.050000  1.634000
10000  5000  5000  355  440  4.171000  0.808900
10000  5000  5000  355  465  4.201000  0.907700
10000  5000  5000  355  490  4.338000  0.617300
10000  5000  5000  355  515  4.664000  0.765103
10000  5000  5000  355  540  4.746000  0.785673
10000  5000  5000  355  564  4.823000  0.686300
10000  5000  5000  355  589  4.877000  0.684400
10000  5000  5000  355  614  5.135000  1.251000
10000  5000  5000  355  639  5.261000  1.019000
10000  5000  5000  355  664  5.474000  0.878700
10000  5000  5000  355  689  5.505000  0.337000
10000  5000  5000  355  714  5.714000  0.661000
10000  5000  5000  355  739  6.096000  0.897000
10000  5000  5000  355  764  6.295697  0.493100
10000  5000  5000  355  789  6.391212  0.273000
10000  5000  5000  355  814  6.795212  0.403000
10000  5000  5000  355  839  7.063334  0.324100
10000  5000  5000  355  864  7.426970  0.293600
10000  5000  5000  355  889  7.933879  0.937300
10000  5000  5000  355  914  8.249758  0.884800
10000  5000  5000  355  939  8.881516  0.937500
10000  5000  5000  355  964  8.951333  0.381600
10000  5000  5000  355  989  9.417818  0.566900
10000  5000  5000  380  115  0.000000  0.000000
10000  5000  5000  380  140  0.000000  0.000000
10000  5000  5000  380  165  0.000000  0.000000
10000  5000  5000  380  190  0.000000  0.000000
10000  5000  5000  380  215  0.000000  0.000000
10000  5000  5000  380  240  0.000000  0.000000
10000  5000  5000  380  265  0.000000  0.000000
10000  5000  5000  380  290  0.000000  0.000000
10000  5000  5000  380  315  0.000000  0.000000
10000  5000  5000  380  340  0.000000  0.000000
10000  5000  5000  380  365  0.000000  0.000000
10000  5000  5000  380  390  0.000000  0.000000
10000  5000  5000  380  415  4.203000  1.200000
10000  5000  5000  380  440  4.346000  1.413406
10000  5000  5000  380  465  4.173000  0.749300
10000  5000  5000  380  490  4.400000  1.214327
10000  5000  5000  380  515  4.443000  0.748500
10000  5000  5000  380  540  4.579000  0.955300
10000  5000  5000  380  564  4.930000  0.832691
10000  5000  5000  380  589  4.992000  1.241000
10000  5000  5000  380  614  5.086000  0.718900
10000  5000  5000  380  639  6.028000  1.872000
10000  5000  5000  380  664  5.403000  1.005000
10000  5000  5000  380  689  6.101030  1.411939
10000  5000  5000  380  714  5.922000  0.843300
10000  5000  5000  380  739  5.990818  0.566200
10000  5000  5000  380  764  6.258970  0.444500
10000  5000  5000  380  789  6.571151  0.307600
10000  5000  5000  380  814  6.857697  0.669900
10000  5000  5000  380  839  7.247030  0.394200
10000  5000  5000  380  864  7.544545  0.543100
10000  5000  5000  380  889  8.525272  1.025000
10000  5000  5000  380  914  8.257091  0.569300
10000  5000  5000  380  939  9.155000  0.646800
10000  5000  5000  380  964  8.973393  0.414500
10000  5000  5000  380  989  10.710000  0.369300
10000  5000  5000  405  115  0.000000  0.000000
10000  5000  5000  405  140  0.000000  0.000000
10000  5000  5000  405  165  0.000000  0.000000
10000  5000  5000  405  190  0.000000  0.000000
10000  5000  5000  405  215  0.000000  0.000000
10000  5000  5000  405  240  0.000000  0.000000
10000  5000  5000  405  265  0.000000  0.000000
10000  5000  5000  405  290  0.000000  0.000000
10000  5000  5000  405  315  0.000000  0.000000
10000  5000  5000  405  340  0.000000  0.000000
10000  5000  5000  405  365  0.000000  0.000000
10000  5000  5000  405  390  0.000000  0.000000
10000  5000  5000  405  415  4.166000  0.916900
10000  5000  5000  405  440  4.285000  1.863000
10000  5000  5000  405  465  4.191000  1.642000
10000  5000  5000  405  490  4.374000  1.015000
10000  5000  5000  405  515  4.467000  0.578700
10000  5000  5000  405  540  4.745000  1.202000
10000  5000  5000  405  564  4.831000  0.815200
10000  5000  5000  405  589  5.000000  0.809800
10000  5000  5000  405  614  5.155000  0.992500
10000  5000  5000  405  639  5.249000  0.509900
10000  5000  5000  405  664  5.380000  0.553500
10000  5000  5000  405  689  5.535352  0.744500
10000  5000  5000  405  714  5.700643  1.372000
10000  5000  5000  405  739  5.902661  0.432000
10000  5000  5000  405  764  6.317697  1.054000
10000  5000  5000  405  789  6.350788  0.813800
10000  5000  5000  405  814  6.802546  0.692700
10000  5000  5000  405  839  7.125818  0.479600
10000  5000  5000  405  864  7.489455  0.635300
10000  5000  5000  405  889  7.834728  0.494900
10000  5000  5000  405  914  8.304849  0.386300
10000  5000  5000  405  939  8.679516  0.519800
10000  5000  5000  405  964  8.929273  0.465600
10000  5000  5000  405  989  9.774121  0.510900
10000  5000  5000  430  115  0.000000  0.000000
10000  5000  5000  430  140  0.000000  0.000000
10000  5000  5000  430  165  0.000000  0.000000
10000  5000  5000  430  190  0.000000  0.000000
10000  5000  5000  430  215  0.000000  0.000000
10000  5000  5000  430  240  0.000000  0.000000
10000  5000  5000  430  265  0.000000  0.000000
10000  5000  5000  430  290  0.000000  0.000000
10000  5000  5000  430  315  0.000000  0.000000
10000  5000  5000  430  340  0.000000  0.000000
10000  5000  5000  430  365  0.000000  0.000000
10000  5000  5000  430  390  0.000000  0.000000
10000  5000  5000  430  415  0.000000  0.000000
10000  5000  5000  430  440  4.170000  1.559000
10000  5000  5000  430  465  4.324000  1.235000
10000  5000  5000  430  490  6.243000  3.140000
10000  5000  5000  430  515  4.522000  1.061000
10000  5000  5000  430  540  4.689000  0.713800
10000  5000  5000  430  564  4.870000  1.010000
10000  5000  5000  430  589  5.007000  0.654400
10000  5000  5000  430  614  5.089000  0.731100
10000  5000  5000  430  639  5.339000  0.913100
10000  5000  5000  430  664  5.383000  1.401000
10000  5000  5000  430  689  5.613000  0.413300
10000  5000  5000  430  714  5.858588  0.740100
10000  5000  5000  430  739  6.034897  0.617300
10000  5000  5000  430  764  6.740121  1.093115
10000  5000  5000  430  789  6.534424  0.649600
10000  5000  5000  430  814  6.986242  0.653600
10000  5000  5000  430  839  7.133152  0.344000
10000  5000  5000  430  864  7.680424  0.542500
10000  5000  5000  430  889  7.897151  0.398800
10000  5000  5000  430  914  8.330606  0.536200
10000  5000  5000  430  939  8.653818  0.689000
10000  5000  5000  430  964  9.437000  0.589700
10000  5000  5000  430  989  10.160000  0.590200
10000  5000  5000  455  115  0.000000  0.000000
10000  5000  5000  455  140  0.000000  0.000000
10000  5000  5000  455  165  0.000000  0.000000
10000  5000  5000  455  190  0.000000  0.000000
10000  5000  5000  455  215  0.000000  0.000000
10000  5000  5000  455  240  0.000000  0.000000
10000  5000  5000  455  265  0.000000  0.000000
10000  5000  5000  455  290  0.000000  0.000000
10000  5000  5000  455  315  0.000000  0.000000
10000  5000  5000  455  340  0.000000  0.000000
10000  5000  5000  455  365  0.000000  0.000000
10000  5000  5000  455  390  0.000000  0.000000
10000  5000  5000  455  415  0.000000  0.000000
10000  5000  5000  455  440  0.000000  0.000000
10000  5000  5000  455  465  4.323000  1.183836
10000  5000  5000  455  490  4.749000  1.192000
10000  5000  5000  455  515  4.844000  2.015000
10000  5000  5000  455  540  4.693000  0.723230
10000  5000  5000  455  564  4.734000  0.560400
10000  5000  5000  455  589  5.189000  1.874000
10000  5000  5000  455  614  5.123000  1.195000
10000  5000  5000  455  639  5.476000  0.955700
10000  5000  5000  455  664  5.842000  1.554000
10000  5000  5000  455  689  5.664000  0.587500
10000  5000  5000  455  714  6.279000  1.685000
10000  5000  5000  455  739  6.082666  0.631700
10000  5000  5000  455  764  6.424242  0.811600
10000  5000  5000  455  789  6.556485  0.491900
10000  5000  5000  455  814  6.931152  0.251100
10000  5000  5000  455  839  7.162546  0.322700
10000  5000  5000  455  864  7.680424  0.402938
10000  5000  5000  455  889  8.091818  0.808400
10000  5000  5000  455  914  8.069818  0.290100
10000  5000  5000  455  939  8.815454  0.776800
10000  5000  5000  455  964  9.138667  0.409100
10000  5000  5000  455  989  9.489000  1.274000
10000  5000  5000  480  115  0.000000  0.000000
10000  5000  5000  480  140  0.000000  0.000000
10000  5000  5000  480  165  0.000000  0.000000
10000  5000  5000  480  190  0.000000  0.000000
10000  5000  5000  480  215  0.000000  0.000000
10000  5000  5000  480  240  0.000000  0.000000
10000  5000  5000  480  265  0.000000  0.000000
10000  5000  5000  480  290  0.000000  0.000000
10000  5000  5000  480  315  0.000000  0.000000
10000  5000  5000  480  340  0.000000  0.000000
10000  5000  5000  480  365  0.000000  0.000000
10000  5000  5000  480  390  0.000000  0.000000
10000  5000  5000  480  415  0.000000  0.000000
10000  5000  5000  480  440  0.000000  0.000000
10000  5000  5000  480  465  0.000000  0.000000
10000  5000  5000  480  490  4.544000  1.789000
10000  5000  5000  480  515  4.848000  1.302848
10000  5000  5000  480  540  4.780000  1.030000
10000  5000  5000  480  564  5.804000  2.460000
10000  5000  5000  480  589  5.409000  2.257000
10000  5000  5000  480  614  5.213000  0.819100
10000  5000  5000  480  639  5.403000  0.671400
10000  5000  5000  480  664  5.473000  1.022000
10000  5000  5000  480  689  5.707988  1.044000
10000  5000  5000  480  714  5.744000  0.892400
10000  5000  5000  480  739  6.207515  0.501500
10000  5000  5000  480  764  6.314060  1.344000
10000  5000  5000  480  789  6.640969  0.598500
10000  5000  5000  480  814  6.846667  1.300000
10000  5000  5000  480  839  7.280061  0.371700
10000  5000  5000  480  864  7.621697  0.488000
10000  5000  5000  480  889  0.000000  0.000000
10000  5000  5000  480  914  8.470181  0.515500
10000  5000  5000  480  939  8.723576  0.410000
10000  5000  5000  480  964  9.010121  0.373300
10000  5000  5000  480  989  9.706000  0.465800
10000  5000  5000  504  115  0.000000  0.000000
10000  5000  5000  504  140  0.000000  0.000000
10000  5000  5000  504  165  0.000000  0.000000
10000  5000  5000  504  190  0.000000  0.000000
10000  5000  5000  504  215  0.000000  0.000000
10000  5000  5000  504  240  0.000000  0.000000
10000  5000  5000  504  265  0.000000  0.000000
10000  5000  5000  504  290  0.000000  0.000000
10000  5000  5000  504  315  0.000000  0.000000
10000  5000  5000  504  340  0.000000  0.000000
10000  5000  5000  504  365  0.000000  0.000000
10000  5000  5000  504  390  0.000000  0.000000
10000  5000  5000  504  415  0.000000  0.000000
10000  5000  5000  504  440  0.000000  0.000000
10000  5000  5000  504  465  0.000000  0.000000
10000  5000  5000  504  490  0.000000  0.000000
10000  5000  5000  504  515  4.461000  0.645900
10000  5000  5000  504  540  4.735000  1.060424
10000  5000  5000  504  564  4.941000  1.374000
10000  5000  5000  504  589  5.020000  1.603000
10000  5000  5000  504  614  5.020000  1.375000
10000  5000  5000  504  639  5.498000  2.574000
10000  5000  5000  504  664  5.553000  0.615242
10000  5000  5000  504  689  6.427000  2.475000
10000  5000  5000  504  714  5.869606  1.125000
10000  5000  5000  504  739  6.498000  1.187000
10000  5000  5000  504  764  6.685030  0.770800
10000  5000  5000  504  789  6.571151  0.546300
10000  5000  5000  504  814  7.151515  0.681100
10000  5000  5000  504  839  7.180909  0.444200
10000  5000  5000  504  864  7.496788  0.653700
10000  5000  5000  504  889  7.783272  0.378100
10000  5000  5000  504  914  8.330606  0.707200
10000  5000  5000  504  939  9.067000  0.940600
10000  5000  5000  504  964  8.958667  0.249900
10000  5000  5000  504  989  9.450849  0.915700
10000  5000  5000  529  115  0.000000  0.000000
10000  5000  5000  529  140  0.000000  0.000000
10000  5000  5000  529  165  0.000000  0.000000
10000  5000  5000  529  190  0.000000  0.000000
10000  5000  5000  529  215  0.000000  0.000000
10000  5000  5000  529  240  0.000000  0.000000
10000  5000  5000  529  265  0.000000  0.000000
10000  5000  5000  529  290  0.000000  0.000000
10000  5000  5000  529  315  0.000000  0.000000
10000  5000  5000  529  340  0.000000  0.000000
10000  5000  5000  529  365  0.000000  0.000000
10000  5000  5000  529  390  0.000000  0.000000
10000  5000  5000  529  415  0.000000  0.000000
10000  5000  5000  529  440  0.000000  0.000000
10000  5000  5000  529  465  0.000000  0.000000
10000  5000  5000  529  490  0.000000  0.000000
10000  5000  5000  529  515  0.000000  0.000000
10000  5000  5000  529  540  4.726000  1.069000
10000  5000  5000  529  564  4.930000  1.301000
10000  5000  5000  529  589  5.142000  0.955006
10000  5000  5000  529  614  5.151000  0.578400
10000  5000  5000  529  639  5.135000  0.990200
10000  5000  5000  529  664  5.597000  0.918000
10000  5000  5000  529  689  5.623509  1.307000
10000  5000  5000  529  714  5.847564  1.021000
10000  5000  5000  529  739  6.078970  0.511300
10000  5000  5000  529  764  6.369152  0.688900
10000  5000  5000  529  789  6.736485  1.211000
10000  5000  5000  529  814  7.078060  0.525300
10000  5000  5000  529  839  7.232303  0.390300
10000  5000  5000  529  864  7.658424  0.472200
10000  5000  5000  529  889  8.095515  0.747300
10000  5000  5000  529  914  8.800728  0.776000
10000  5000  5000  529  939  8.775030  0.584800
10000  5000  5000  529  964  9.142303  0.641000
10000  5000  5000  529  989  9.487576  0.569000
10000  5000  5000  554  115  0.000000  0.000000
10000  5000  5000  554  140  0.000000  0.000000
10000  5000  5000  554  165  0.000000  0.000000
10000  5000  5000  554  190  0.000000  0.000000
10000  5000  5000  554  215  0.000000  0.000000
10000  5000  5000  554  240  0.000000  0.000000
10000  5000  5000  554  265  0.000000  0.000000
10000  5000  5000  554  290  0.000000  0.000000
10000  5000  5000  554  315  0.000000  0.000000
10000  5000  5000  554  340  0.000000  0.000000
10000  5000  5000  554  365  0.000000  0.000000
10000  5000  5000  554  390  0.000000  0.000000
10000  5000  5000  554  415  0.000000  0.000000
10000  5000  5000  554  440  0.000000  0.000000
10000  5000  5000  554  465  0.000000  0.000000
10000  5000  5000  554  490  0.000000  0.000000
10000  5000  5000  554  515  0.000000  0.000000
10000  5000  5000  554  540  0.000000  0.000000
10000  5000  5000  554  564  4.979000  1.077000
10000  5000  5000  554  589  5.099000  0.601500
10000  5000  5000  554  614  5.238000  1.102000
10000  5000  5000  554  639  5.605139  2.108000
10000  5000  5000  554  664  5.554000  0.616700
10000  5000  5000  554  689  6.177000  1.996000
10000  5000  5000  554  714  6.064303  1.470000
10000  5000  5000  554  739  6.280970  1.063000
10000  5000  5000  554  764  6.328727  0.595900
10000  5000  5000  554  789  6.942122  1.033000
10000  5000  5000  554  814  7.210303  0.770300
10000  5000  5000  554  839  7.526182  1.088000
10000  5000  5000  554  864  7.775939  1.340000
10000  5000  5000  554  889  7.970606  0.459800
10000  5000  5000  554  914  8.415030  0.975900
10000  5000  5000  554  939  9.088000  0.717400
10000  5000  5000  554  964  10.360000  1.258000
10000  5000  5000  554  989  9.601455  0.483200
10000  5000  5000  579  115  0.000000  0.000000
10000  5000  5000  579  140  0.000000  0.000000
10000  5000  5000  579  165  0.000000  0.000000
10000  5000  5000  579  190  0.000000  0.000000
10000  5000  5000  579  215  0.000000  0.000000
10000  5000  5000  579  240  0.000000  0.000000
10000  5000  5000  579  265  0.000000  0.000000
10000  5000  5000  579  290  0.000000  0.000000
10000  5000  5000  579  315  0.000000  0.000000
10000  5000  5000  579  340  0.000000  0.000000
10000  5000  5000  579  365  0.000000  0.000000
10000  5000  5000  579  390  0.000000  0.000000
10000  5000  5000  579  415  0.000000  0.000000
10000  5000  5000  579  440  0.000000  0.000000
10000  5000  5000  579  465  0.000000  0.000000
10000  5000  5000  579  490  0.000000  0.000000
10000  5000  5000  579  515  0.000000  0.000000
10000  5000  5000  579  540  0.000000  0.000000
10000  5000  5000  579  564  0.000000  0.000000
10000  5000  5000  579  589  5.043000  0.808100
10000  5000  5000  579  614  8.826000  6.512000
10000  5000  5000  579  639  5.445000  0.899500
10000  5000  5000  579  664  5.595000  0.859000
10000  5000  5000  579  689  5.771000  1.309000
10000  5000  5000  579  714  5.729000  0.773300
10000  5000  5000  579  739  6.856000  2.679000
10000  5000  5000  579  764  6.486667  0.640100
10000  5000  5000  579  789  6.813576  1.017000
10000  5000  5000  579  814  6.978909  1.136000
10000  5000  5000  579  839  7.364545  0.673500
10000  5000  5000  579  864  7.614303  0.549000
10000  5000  5000  579  889  8.390000  0.746700
10000  5000  5000  579  914  8.506909  1.885000
10000  5000  5000  579  939  8.744000  1.458000
10000  5000  5000  579  964  0.000000  0.000000
10000  5000  5000  579  989  9.465576  1.200000
10000  5000  5000  604  115  0.000000  0.000000
10000  5000  5000  604  140  0.000000  0.000000
10000  5000  5000  604  165  0.000000  0.000000
10000  5000  5000  604  190  0.000000  0.000000
10000  5000  5000  604  215  0.000000  0.000000
10000  5000  5000  604  240  0.000000  0.000000
10000  5000  5000  604  265  0.000000  0.000000
10000  5000  5000  604  290  0.000000  0.000000
10000  5000  5000  604  315  0.000000  0.000000
10000  5000  5000  604  340  0.000000  0.000000
10000  5000  5000  604  365  0.000000  0.000000
10000  5000  5000  604  390  0.000000  0.000000
10000  5000  5000  604  415  0.000000  0.000000
10000  5000  5000  604  440  0.000000  0.000000
10000  5000  5000  604  465  0.000000  0.000000
10000  5000  5000  604  490  0.000000  0.000000
10000  5000  5000  604  515  0.000000  0.000000
10000  5000  5000  604  540  0.000000  0.000000
10000  5000  5000  604  564  0.000000  0.000000
10000  5000  5000  604  589  0.000000  0.000000
10000  5000  5000  604  614  5.033000  0.986800
10000  5000  5000  604  639  5.349000  0.935400
10000  5000  5000  604  664  5.905000  2.570000
10000  5000  5000  604  689  5.689000  0.541200
10000  5000  5000  604  714  5.843891  0.884800
10000  5000  5000  604  739  6.152424  1.239000
10000  5000  5000  604  764  6.398545  1.399000
10000  5000  5000  604  789  6.850303  1.387000
10000  5000  5000  604  814  6.901758  0.368800
10000  5000  5000  604  839  7.247030  1.223000
10000  5000  5000  604  864  7.614303  1.084000
10000  5000  5000  604  889  15.496788  5.862261
10000  5000  5000  604  914  8.550970  0.623700
10000  5000  5000  604  939  8.811758  1.182000
10000  5000  5000  604  964  9.157030  0.590400
10000  5000  5000  604  989  9.973000  0.610300
10000  5000  5000  629  115  0.000000  0.000000
10000  5000  5000  629  140  0.000000  0.000000
10000  5000  5000  629  165  0.000000  0.000000
10000  5000  5000  629  190  0.000000  0.000000
10000  5000  5000  629  215  0.000000  0.000000
10000  5000  5000  629  240  0.000000  0.000000
10000  5000  5000  629  265  0.000000  0.000000
10000  5000  5000  629  290  0.000000  0.000000
10000  5000  5000  629  315  0.000000  0.000000
10000  5000  5000  629  340  0.000000  0.000000
10000  5000  5000  629  365  0.000000  0.000000
10000  5000  5000  629  390  0.000000  0.000000
10000  5000  5000  629  415  0.000000  0.000000
10000  5000  5000  629  440  0.000000  0.000000
10000  5000  5000  629  465  0.000000  0.000000
10000  5000  5000  629  490  0.000000  0.000000
10000  5000  5000  629  515  0.000000  0.000000
10000  5000  5000  629  540  0.000000  0.000000
10000  5000  5000  629  564  0.000000  0.000000
10000  5000  5000  629  589  0.000000  0.000000
10000  5000  5000  629  614  0.000000  0.000000
10000  5000  5000  629  639  9.449000  6.896000
10000  5000  5000  629  664  5.700000  1.099000
10000  5000  5000  629  689  5.728000  0.957100
10000  5000  5000  629  714  5.895315  1.612000
10000  5000  5000  629  739  6.137758  1.397000
10000  5000  5000  629  764  6.427939  0.607897
10000  5000  5000  629  789  6.784182  1.299000
10000  5000  5000  629  814  6.820910  0.401600
10000  5000  5000  629  839  7.562909  1.603000
10000  5000  5000  629  864  7.952242  1.406000
10000  5000  5000  629  889  8.268121  0.880000
10000  5000  5000  629  914  8.404060  1.193000
10000  5000  5000  629  939  9.733000  1.883000
10000  5000  5000  629  964  9.153333  0.704200
10000  5000  5000  629  989  10.150000  0.714800
10000  5000  5000  654  115  0.000000  0.000000
10000  5000  5000  654  140  0.000000  0.000000
10000  5000  5000  654  165  0.000000  0.000000
10000  5000  5000  654  190  0.000000  0.000000
10000  5000  5000  654  215  0.000000  0.000000
10000  5000  5000  654  240  0.000000  0.000000
10000  5000  5000  654  265  0.000000  0.000000
10000  5000  5000  654  290  0.000000  0.000000
10000  5000  5000  654  315  0.000000  0.000000
10000  5000  5000  654  340  0.000000  0.000000
10000  5000  5000  654  365  0.000000  0.000000
10000  5000  5000  654  390  0.000000  0.000000
10000  5000  5000  654  415  0.000000  0.000000
10000  5000  5000  654  440  0.000000  0.000000
10000  5000  5000  654  465  0.000000  0.000000
10000  5000  5000  654  490  0.000000  0.000000
10000  5000  5000  654  515  0.000000  0.000000
10000  5000  5000  654  540  0.000000  0.000000
10000  5000  5000  654  564  0.000000  0.000000
10000  5000  5000  654  589  0.000000  0.000000
10000  5000  5000  654  614  0.000000  0.000000
10000  5000  5000  654  639  0.000000  0.000000
10000  5000  5000  654  664  5.415000  0.737500
10000  5000  5000  654  689  5.638200  1.483000
10000  5000  5000  654  714  9.904000  6.316000
10000  5000  5000  654  739  6.075273  0.758100
10000  5000  5000  654  764  6.328727  1.138000
10000  5000  5000  654  789  6.890728  1.199000
10000  5000  5000  654  814  7.056000  2.217000
10000  5000  5000  654  839  7.247030  0.540000
10000  5000  5000  654  864  8.474000  2.349000
10000  5000  5000  654  889  8.688000  1.586000
10000  5000  5000  654  914  8.396667  1.434000
10000  5000  5000  654  939  8.741940  1.160000
10000  5000  5000  654  964  9.432485  0.831000
10000  5000  5000  654  989  10.810000  1.173000
10000  5000  5000  679  115  0.000000  0.000000
10000  5000  5000  679  140  0.000000  0.000000
10000  5000  5000  679  165  0.000000  0.000000
10000  5000  5000  679  190  0.000000  0.000000
10000  5000  5000  679  215  0.000000  0.000000
10000  5000  5000  679  240  0.000000  0.000000
10000  5000  5000  679  265  0.000000  0.000000
10000  5000  5000  679  290  0.000000  0.000000
10000  5000  5000  679  315  0.000000  0.000000
10000  5000  5000  679  340  0.000000  0.000000
10000  5000  5000  679  365  0.000000  0.000000
10000  5000  5000  679  390  0.000000  0.000000
10000  5000  5000  679  415  0.000000  0.000000
10000  5000  5000  679  440  0.000000  0.000000
10000  5000  5000  679  465  0.000000  0.000000
10000  5000  5000  679  490  0.000000  0.000000
10000  5000  5000  679  515  0.000000  0.000000
10000  5000  5000  679  540  0.000000  0.000000
10000  5000  5000  679  564  0.000000  0.000000
10000  5000  5000  679  589  0.000000  0.000000
10000  5000  5000  679  614  0.000000  0.000000
10000  5000  5000  679  639  0.000000  0.000000
10000  5000  5000  679  664  0.000000  0.000000
10000  5000  5000  679  689  9.262000  5.288000
10000  5000  5000  679  714  11.910000  7.695000
10000  5000  5000  679  739  6.299333  1.539000
10000  5000  5000  679  764  6.347091  1.807000
10000  5000  5000  679  789  0.000000  0.000000
10000  5000  5000  679  814  6.945818  0.673900
10000  5000  5000  679  839  7.460061  1.459000
10000  5000  5000  679  864  7.794303  0.728300
10000  5000  5000  679  889  8.945000  2.382000
10000  5000  5000  679  914  8.297515  0.889700
10000  5000  5000  679  939  8.966000  1.208000
10000  5000  5000  679  964  8.966000  0.430400
10000  5000  5000  679  989  9.630848  0.891000
10000  5000  5000  704  115  0.000000  0.000000
10000  5000  5000  704  140  0.000000  0.000000
10000  5000  5000  704  165  0.000000  0.000000
10000  5000  5000  704  190  0.000000  0.000000
10000  5000  5000  704  215  0.000000  0.000000
10000  5000  5000  704  240  0.000000  0.000000
10000  5000  5000  704  265  0.000000  0.000000
10000  5000  5000  704  290  0.000000  0.000000
10000  5000  5000  704  315  0.000000  0.000000
10000  5000  5000  704  340  0.000000  0.000000
10000  5000  5000  704  365  0.000000  0.000000
10000  5000  5000  704  390  0.000000  0.000000
10000  5000  5000  704  415  0.000000  0.000000
10000  5000  5000  704  440  0.000000  0.000000
10000  5000  5000  704  465  0.000000  0.000000
10000  5000  5000  704  490  0.000000  0.000000
10000  5000  5000  704  515  0.000000  0.000000
10000  5000  5000  704  540  0.000000  0.000000
10000  5000  5000  704  564  0.000000  0.000000
10000  5000  5000  704  589  0.000000  0.000000
10000  5000  5000  704  614  0.000000  0.000000
10000  5000  5000  704  639  0.000000  0.000000
10000  5000  5000  704  664  0.000000  0.000000
10000  5000  5000  704  689  0.000000  0.000000
10000  5000  5000  704  714  5.636000  1.317000
10000  5000  5000  704  739  6.090000  0.904000
10000  5000  5000  704  764  9.427000  6.190000
10000  5000  5000  704  789  9.094000  4.362000
10000  5000  5000  704  814  7.026606  2.864000
10000  5000  5000  704  839  7.397636  2.679000
10000  5000  5000  704  864  7.544545  0.909700
10000  5000  5000  704  889  9.669000  3.492000
10000  5000  5000  704  914  8.749333  1.519000
10000  5000  5000  704  939  8.980727  1.379000
10000  5000  5000  704  964  9.699000  1.256000
10000  5000  5000  704  989  9.856000  0.838500
10000  5000  5000  729  115  0.000000  0.000000
10000  5000  5000  729  140  0.000000  0.000000
10000  5000  5000  729  165  0.000000  0.000000
10000  5000  5000  729  190  0.000000  0.000000
10000  5000  5000  729  215  0.000000  0.000000
10000  5000  5000  729  240  0.000000  0.000000
10000  5000  5000  729  265  0.000000  0.000000
10000  5000  5000  729  290  0.000000  0.000000
10000  5000  5000  729  315  0.000000  0.000000
10000  5000  5000  729  340  0.000000  0.000000
10000  5000  5000  729  365  0.000000  0.000000
10000  5000  5000  729  390  0.000000  0.000000
10000  5000  5000  729  415  0.000000  0.000000
10000  5000  5000  729  440  0.000000  0.000000
10000  5000  5000  729  465  0.000000  0.000000
10000  5000  5000  729  490  0.000000  0.000000
10000  5000  5000  729  515  0.000000  0.000000
10000  5000  5000  729  540  0.000000  0.000000
10000  5000  5000  729  564  0.000000  0.000000
10000  5000  5000  729  589  0.000000  0.000000
10000  5000  5000  729  614  0.000000  0.000000
10000  5000  5000  729  639  0.000000  0.000000
10000  5000  5000  729  664  0.000000  0.000000
10000  5000  5000  729  689  0.000000  0.000000
10000  5000  5000  729  714  0.000000  0.000000
10000  5000  5000  729  739  5.933000  0.626800
10000  5000  5000  729  764  6.692364  2.261000
10000  5000  5000  729  789  6.898060  2.321000
10000  5000  5000  729  814  6.993576  2.302000
10000  5000  5000  729  839  0.000000  0.000000
10000  5000  5000  729  864  7.770000  1.991000
10000  5000  5000  729  889  8.128546  1.035000
10000  5000  5000  729  914  8.617091  1.823000
10000  5000  5000  729  939  8.932970  0.567900
10000  5000  5000  729  964  10.040000  2.366000
10000  5000  5000  729  989  10.130000  1.355000
10000  5000  5000  754  115  0.000000  0.000000
10000  5000  5000  754  140  0.000000  0.000000
10000  5000  5000  754  165  0.000000  0.000000
10000  5000  5000  754  190  0.000000  0.000000
10000  5000  5000  754  215  0.000000  0.000000
10000  5000  5000  754  240  0.000000  0.000000
10000  5000  5000  754  265  0.000000  0.000000
10000  5000  5000  754  290  0.000000  0.000000
10000  5000  5000  754  315  0.000000  0.000000
10000  5000  5000  754  340  0.000000  0.000000
10000  5000  5000  754  365  0.000000  0.000000
10000  5000  5000  754  390  0.000000  0.000000
10000  5000  5000  754  415  0.000000  0.000000
10000  5000  5000  754  440  0.000000  0.000000
10000  5000  5000  754  465  0.000000  0.000000
10000  5000  5000  754  490  0.000000  0.000000
10000  5000  5000  754  515  0.000000  0.000000
10000  5000  5000  754  540  0.000000  0.000000
10000  5000  5000  754  564  0.000000  0.000000
10000  5000  5000  754  589  0.000000  0.000000
10000  5000  5000  754  614  0.000000  0.000000
10000  5000  5000  754  639  0.000000  0.000000
10000  5000  5000  754  664  0.000000  0.000000
10000  5000  5000  754  689  0.000000  0.000000
10000  5000  5000  754  714  0.000000  0.000000
10000  5000  5000  754  739  0.000000  0.000000
10000  5000  5000  754  764  5.843000  1.906000
10000  5000  5000  754  789  7.506000  3.559000
10000  5000  5000  754  814  8.800000  3.702000
10000  5000  5000  754  839  7.456364  1.305000
10000  5000  5000  754  864  9.111000  3.957000
10000  5000  5000  754  889  7.974303  1.579000
10000  5000  5000  754  914  8.675879  3.283000
10000  5000  5000  754  939  8.844788  0.829700
10000  5000  5000  754  964  11.550000  2.526000
10000  5000  5000  754  989  13.680000  3.895000
10000  5000  5000  779  115  0.000000  0.000000
10000  5000  5000  779  140  0.000000  0.000000
10000  5000  5000  779  165  0.000000  0.000000
10000  5000  5000  779  190  0.000000  0.000000
10000  5000  5000  779  215  0.000000  0.000000
10000  5000  5000  779  240  0.000000  0.000000
10000  5000  5000  779  265  0.000000  0.000000
10000  5000  5000  779  290  0.000000  0.000000
10000  5000  5000  779  315  0.000000  0.000000
10000  5000  5000  779  340  0.000000  0.000000
10000  5000  5000  779  365  0.000000  0.000000
10000  5000  5000  779  390  0.000000  0.000000
10000  5000  5000  779  415  0.000000  0.000000
10000  5000  5000  779  440  0.000000  0.000000
10000  5000  5000  779  465  0.000000  0.000000
10000  5000  5000  779  490  0.000000  0.000000
10000  5000  5000  779  515  0.000000  0.000000
10000  5000  5000  779  540  0.000000  0.000000
10000  5000  5000  779  564  0.000000  0.000000
10000  5000  5000  779  589  0.000000  0.000000
10000  5000  5000  779  614  0.000000  0.000000
10000  5000  5000  779  639  0.000000  0.000000
10000  5000  5000  779  664  0.000000  0.000000
10000  5000  5000  779  689  0.000000  0.000000
10000  5000  5000  779  714  0.000000  0.000000
10000  5000  5000  779  739  0.000000  0.000000
10000  5000  5000  779  764  0.000000  0.000000
10000  5000  5000  779  789  6.538121  1.373000
10000  5000  5000  779  814  7.155000  1.852000
10000  5000  5000  779  839  7.283758  0.930900
10000  5000  5000  779  864  7.636364  0.739200
10000  5000  5000  779  889  7.790606  0.774000
10000  5000  5000  779  914  8.326909  1.728000
10000  5000  5000  779  939  11.820000  3.463000
10000  5000  5000  779  964  11.610000  2.595000
10000  5000  5000  779  989  10.710000  2.002000
10000  5000  5000  804  115  0.000000  0.000000
10000  5000  5000  804  140  0.000000  0.000000
10000  5000  5000  804  165  0.000000  0.000000
10000  5000  5000  804  190  0.000000  0.000000
10000  5000  5000  804  215  0.000000  0.000000
10000  5000  5000  804  240  0.000000  0.000000
10000  5000  5000  804  265  0.000000  0.000000
10000  5000  5000  804  290  0.000000  0.000000
10000  5000  5000  804  315  0.000000  0.000000
10000  5000  5000  804  340  0.000000  0.000000
10000  5000  5000  804  365  0.000000  0.000000
10000  5000  5000  804  390  0.000000  0.000000
10000  5000  5000  804  415  0.000000  0.000000
10000  5000  5000  804  440  0.000000  0.000000
10000  5000  5000  804  465  0.000000  0.000000
10000  5000  5000  804  490  0.000000  0.000000
10000  5000  5000  804  515  0.000000  0.000000
10000  5000  5000  804  540  0.000000  0.000000
10000  5000  5000  804  564  0.000000  0.000000
10000  5000  5000  804  589  0.000000  0.000000
10000  5000  5000  804  614  0.000000  0.000000
10000  5000  5000  804  639  0.000000  0.000000
10000  5000  5000  804  664  0.000000  0.000000
10000  5000  5000  804  689  0.000000  0.000000
10000  5000  5000  804  714  0.000000  0.000000
10000  5000  5000  804  739  0.000000  0.000000
10000  5000  5000  804  764  0.000000  0.000000
10000  5000  5000  804  789  0.000000  0.000000
10000  5000  5000  804  814  6.971515  0.889200
10000  5000  5000  804  839  7.404970  1.204000
10000  5000  5000  804  864  7.872000  2.104000
10000  5000  5000  804  889  7.838364  1.646000
10000  5000  5000  804  914  8.018364  1.380000
10000  5000  5000  804  939  8.558303  1.098000
10000  5000  5000  804  964  9.627000  1.071000
10000  5000  5000  804  989  10.640000  1.879000
10000  5000  5000  829  115  0.000000  0.000000
10000  5000  5000  829  140  0.000000  0.000000
10000  5000  5000  829  165  0.000000  0.000000
10000  5000  5000  829  190  0.000000  0.000000
10000  5000  5000  829  215  0.000000  0.000000
10000  5000  5000  829  240  0.000000  0.000000
10000  5000  5000  829  265  0.000000  0.000000
10000  5000  5000  829  290  0.000000  0.000000
10000  5000  5000  829  315  0.000000  0.000000
10000  5000  5000  829  340  0.000000  0.000000
10000  5000  5000  829  365  0.000000  0.000000
10000  5000  5000  829  390  0.000000  0.000000
10000  5000  5000  829  415  0.000000  0.000000
10000  5000  5000  829  440  0.000000  0.000000
10000  5000  5000  829  465  0.000000  0.000000
10000  5000  5000  829  490  0.000000  0.000000
10000  5000  5000  829  515  0.000000  0.000000
10000  5000  5000  829  540  0.000000  0.000000
10000  5000  5000  829  564  0.000000  0.000000
10000  5000  5000  829  589  0.000000  0.000000
10000  5000  5000  829  614  0.000000  0.000000
10000  5000  5000  829  639  0.000000  0.000000
10000  5000  5000  829  664  0.000000  0.000000
10000  5000  5000  829  689  0.000000  0.000000
10000  5000  5000  829  714  0.000000  0.000000
10000  5000  5000  829  739  0.000000  0.000000
10000  5000  5000  829  764  0.000000  0.000000
10000  5000  5000  829  789  0.000000  0.000000
10000  5000  5000  829  814  0.000000  0.000000
10000  5000  5000  829  839  7.254364  1.208000
10000  5000  5000  829  864  7.474727  0.876600
10000  5000  5000  829  889  8.135879  1.260000
10000  5000  5000  829  914  10.690000  4.631000
10000  5000  5000  829  939  8.844788  0.937500
10000  5000  5000  829  964  9.105576  1.051000
10000  5000  5000  829  989  11.520000  1.971000
10000  5000  5000  854  115  0.000000  0.000000
10000  5000  5000  854  140  0.000000  0.000000
10000  5000  5000  854  165  0.000000  0.000000
10000  5000  5000  854  190  0.000000  0.000000
10000  5000  5000  854  215  0.000000  0.000000
10000  5000  5000  854  240  0.000000  0.000000
10000  5000  5000  854  265  0.000000  0.000000
10000  5000  5000  854  290  0.000000  0.000000
10000  5000  5000  854  315  0.000000  0.000000
10000  5000  5000  854  340  0.000000  0.000000
10000  5000  5000  854  365  0.000000  0.000000
10000  5000  5000  854  390  0.000000  0.000000
10000  5000  5000  854  415  0.000000  0.000000
10000  5000  5000  854  440  0.000000  0.000000
10000  5000  5000  854  465  0.000000  0.000000
10000  5000  5000  854  490  0.000000  0.000000
10000  5000  5000  854  515  0.000000  0.000000
10000  5000  5000  854  540  0.000000  0.000000
10000  5000  5000  854  564  0.000000  0.000000
10000  5000  5000  854  589  0.000000  0.000000
10000  5000  5000  854  614  0.000000  0.000000
10000  5000  5000  854  639  0.000000  0.000000
10000  5000  5000  854  664  0.000000  0.000000
10000  5000  5000  854  689  0.000000  0.000000
10000  5000  5000  854  714  0.000000  0.000000
10000  5000  5000  854  739  0.000000  0.000000
10000  5000  5000  854  764  0.000000  0.000000
10000  5000  5000  854  789  0.000000  0.000000
10000  5000  5000  854  814  0.000000  0.000000
10000  5000  5000  854  839  0.000000  0.000000
10000  5000  5000  854  864  7.118484  2.298000
10000  5000  5000  854  889  15.140000  10.970000
10000  5000  5000  854  914  9.308000  2.314000
10000  5000  5000  854  939  8.866848  1.565000
10000  5000  5000  854  964  9.373757  1.031000
10000  5000  5000  854  989  10.260000  1.096000
10000  5000  5000  879  115  0.000000  0.000000
10000  5000  5000  879  140  0.000000  0.000000
10000  5000  5000  879  165  0.000000  0.000000
10000  5000  5000  879  190  0.000000  0.000000
10000  5000  5000  879  215  0.000000  0.000000
10000  5000  5000  879  240  0.000000  0.000000
10000  5000  5000  879  265  0.000000  0.000000
10000  5000  5000  879  290  0.000000  0.000000
10000  5000  5000  879  315  0.000000  0.000000
10000  5000  5000  879  340  0.000000  0.000000
10000  5000  5000  879  365  0.000000  0.000000
10000  5000  5000  879  390  0.000000  0.000000
10000  5000  5000  879  415  0.000000  0.000000
10000  5000  5000  879  440  0.000000  0.000000
10000  5000  5000  879  465  0.000000  0.000000
10000  5000  5000  879  490  0.000000  0.000000
10000  5000  5000  879  515  0.000000  0.000000
10000  5000  5000  879  540  0.000000  0.000000
10000  5000  5000  879  564  0.000000  0.000000
10000  5000  5000  879  589  0.000000  0.000000
10000  5000  5000  879  614  0.000000  0.000000
10000  5000  5000  879  639  0.000000  0.000000
10000  5000  5000  879  664  0.000000  0.000000
10000  5000  5000  879  689  0.000000  0.000000
10000  5000  5000  879  714  0.000000  0.000000
10000  5000  5000  879  739  0.000000  0.000000
10000  5000  5000  879  764  0.000000  0.000000
10000  5000  5000  879  789  0.000000  0.000000
10000  5000  5000  879  814  0.000000  0.000000
10000  5000  5000  879  839  0.000000  0.000000
10000  5000  5000  879  864  0.000000  0.000000
10000  5000  5000  879  889  8.003697  1.982000
10000  5000  5000  879  914  8.422424  1.123000
10000  5000  5000  879  939  9.929000  2.060000
10000  5000  5000  879  964  9.531696  2.006000
10000  5000  5000  879  989  11.130000  1.965000
10000  5000  5000  904  115  0.000000  0.000000
10000  5000  5000  904  140  0.000000  0.000000
10000  5000  5000  904  165  0.000000  0.000000
10000  5000  5000  904  190  0.000000  0.000000
10000  5000  5000  904  215  0.000000  0.000000
10000  5000  5000  904  240  0.000000  0.000000
10000  5000  5000  904  265  0.000000  0.000000
10000  5000  5000  904  290  0.000000  0.000000
10000  5000  5000  904  315  0.000000  0.000000
10000  5000  5000  904  340  0.000000  0.000000
10000  5000  5000  904  365  0.000000  0.000000
10000  5000  5000  904  390  0.000000  0.000000
10000  5000  5000  904  415  0.000000  0.000000
10000  5000  5000  904  440  0.000000  0.000000
10000  5000  5000  904  465  0.000000  0.000000
10000  5000  5000  904  490  0.000000  0.000000
10000  5000  5000  904  515  0.000000  0.000000
10000  5000  5000  904  540  0.000000  0.000000
10000  5000  5000  904  564  0.000000  0.000000
10000  5000  5000  904  589  0.000000  0.000000
10000  5000  5000  904  614  0.000000  0.000000
10000  5000  5000  904  639  0.000000  0.000000
10000  5000  5000  904  664  0.000000  0.000000
10000  5000  5000  904  689  0.000000  0.000000
10000  5000  5000  904  714  0.000000  0.000000
10000  5000  5000  904  739  0.000000  0.000000
10000  5000  5000  904  764  0.000000  0.000000
10000  5000  5000  904  789  0.000000  0.000000
10000  5000  5000  904  814  0.000000  0.000000
10000  5000  5000  904  839  0.000000  0.000000
10000  5000  5000  904  864  0.000000  0.000000
10000  5000  5000  904  889  0.000000  0.000000
10000  5000  5000  904  914  8.033031  1.197000
10000  5000  5000  904  939  8.760303  1.234000
10000  5000  5000  904  964  8.896242  2.246000
10000  5000  5000  904  989  12.880000  5.364000
10000  5000  5000  929  115  0.000000  0.000000
10000  5000  5000  929  140  0.000000  0.000000
10000  5000  5000  929  165  0.000000  0.000000
10000  5000  5000  929  190  0.000000  0.000000
10000  5000  5000  929  215  0.000000  0.000000
10000  5000  5000  929  240  0.000000  0.000000
10000  5000  5000  929  265  0.000000  0.000000
10000  5000  5000  929  290  0.000000  0.000000
10000  5000  5000  929  315  0.000000  0.000000
10000  5000  5000  929  340  0.000000  0.000000
10000  5000  5000  929  365  0.000000  0.000000
10000  5000  5000  929  390  0.000000  0.000000
10000  5000  5000  929  415  0.000000  0.000000
10000  5000  5000  929  440  0.000000  0.000000
10000  5000  5000  929  465  0.000000  0.000000
10000  5000  5000  929  490  0.000000  0.000000
10000  5000  5000  929  515  0.000000  0.000000
10000  5000  5000  929  540  0.000000  0.000000
10000  5000  5000  929  564  0.000000  0.000000
10000  5000  5000  929  589  0.000000  0.000000
10000  5000  5000  929  614  0.000000  0.000000
10000  5000  5000  929  639  0.000000  0.000000
10000  5000  5000  929  664  0.000000  0.000000
10000  5000  5000  929  689  0.000000  0.000000
10000  5000  5000  929  714  0.000000  0.000000
10000  5000  5000  929  739  0.000000  0.000000
10000  5000  5000  929  764  0.000000  0.000000
10000  5000  5000  929  789  0.000000  0.000000
10000  5000  5000  929  814  0.000000  0.000000
10000  5000  5000  929  839  0.000000  0.000000
10000  5000  5000  929  864  0.000000  0.000000
10000  5000  5000  929  889  0.000000  0.000000
10000  5000  5000  929  914  0.000000  0.000000
10000  5000  5000  929  939  8.139576  4.793000
10000  5000  5000  929  964  10.180000  3.980000
10000  5000  5000  929  989  10.060000  1.321000
10000  5000  5000  954  115  0.000000  0.000000
10000  5000  5000  954  140  0.000000  0.000000
10000  5000  5000  954  165  0.000000  0.000000
10000  5000  5000  954  190  0.000000  0.000000
10000  5000  5000  954  215  0.000000  0.000000
10000  5000  5000  954  240  0.000000  0.000000
10000  5000  5000  954  265  0.000000  0.000000
10000  5000  5000  954  290  0.000000  0.000000
10000  5000  5000  954  315  0.000000  0.000000
10000  5000  5000  954  340  0.000000  0.000000
10000  5000  5000  954  365  0.000000  0.000000
10000  5000  5000  954  390  0.000000  0.000000
10000  5000  5000  954  415  0.000000  0.000000
10000  5000  5000  954  440  0.000000  0.000000
10000  5000  5000  954  465  0.000000  0.000000
10000  5000  5000  954  490  0.000000  0.000000
10000  5000  5000  954  515  0.000000  0.000000
10000  5000  5000  954  540  0.000000  0.000000
10000  5000  5000  954  564  0.000000  0.000000
10000  5000  5000  954  589  0.000000  0.000000
10000  5000  5000  954  614  0.000000  0.000000
10000  5000  5000  954  639  0.000000  0.000000
10000  5000  5000  954  664  0.000000  0.000000
10000  5000  5000  954  689  0.000000  0.000000
10000  5000  5000  954  714  0.000000  0.000000
10000  5000  5000  954  739  0.000000  0.000000
10000  5000  5000  954  764  0.000000  0.000000
10000  5000  5000  954  789  0.000000  0.000000
10000  5000  5000  954  814  0.000000  0.000000
10000  5000  5000  954  839  0.000000  0.000000
10000  5000  5000  954  864  0.000000  0.000000
10000  5000  5000  954  889  0.000000  0.000000
10000  5000  5000  954  914  0.000000  0.000000
10000  5000  5000  954  939  0.000000  0.000000
10000  5000  5000  954  964  9.362727  2.913000
10000  5000  5000  954  989  15.970000  6.843000
10000  5000  5000  979  115  0.000000  0.000000
10000  5000  5000  979  140  0.000000  0.000000
10000  5000  5000  979  165  0.000000  0.000000
10000  5000  5000  979  190  0.000000  0.000000
10000  5000  5000  979  215  0.000000  0.000000
10000  5000  5000  979  240  0.000000  0.000000
10000  5000  5000  979  265  0.000000  0.000000
10000  5000  5000  979  290  0.000000  0.000000
10000  5000  5000  979  315  0.000000  0.000000
10000  5000  5000  979  340  0.000000  0.000000
10000  5000  5000  979  365  0.000000  0.000000
10000  5000  5000  979  390  0.000000  0.000000
10000  5000  5000  979  415  0.000000  0.000000
10000  5000  5000  979  440  0.000000  0.000000
10000  5000  5000  979  465  0.000000  0.000000
10000  5000  5000  979  490  0.000000  0.000000
10000  5000  5000  979  515  0.000000  0.000000
10000  5000  5000  979  540  0.000000  0.000000
10000  5000  5000  979  564  0.000000  0.000000
10000  5000  5000  979  589  0.000000  0.000000
10000  5000  5000  979  614  0.000000  0.000000
10000  5000  5000  979  639  0.000000  0.000000
10000  5000  5000  979  664  0.000000  0.000000
10000  5000  5000  979  689  0.000000  0.000000
10000  5000  5000  979  714  0.000000  0.000000
10000  5000  5000  979  739  0.000000  0.000000
10000  5000  5000  979  764  0.000000  0.000000
10000  5000  5000  979  789  0.000000  0.000000
10000  5000  5000  979  814  0.000000  0.000000
10000  5000  5000  979  839  0.000000  0.000000
10000  5000  5000  979  864  0.000000  0.000000
10000  5000  5000  979  889  0.000000  0.000000
10000  5000  5000  979  914  0.000000  0.000000
10000  5000  5000  979  939  0.000000  0.000000
10000  5000  5000  979  964  0.000000  0.000000
10000  5000  5000  979  989  10.190000  4.256000
