10000  5000  5000  5  115  2.135000  0.609500
10000  5000  5000  5  140  2.224000  0.456200
10000  5000  5000  5  165  2.423000  0.380400
10000  5000  5000  5  190  2.647000  0.544300
10000  5000  5000  5  215  2.687000  0.339900
10000  5000  5000  5  240  2.832000  0.212500
10000  5000  5000  5  265  3.040000  0.322900
10000  5000  5000  5  290  3.092000  0.172900
10000  5000  5000  5  315  3.153000  0.519400
10000  5000  5000  5  340  3.696000  0.318500
10000  5000  5000  5  365  3.595000  0.221800
10000  5000  5000  5  390  0.000000  0.000000
10000  5000  5000  5  415  3.700000  0.267900
10000  5000  5000  5  440  3.858000  0.148800
10000  5000  5000  5  465  4.084000  0.223600
10000  5000  5000  5  490  4.097000  0.249500
10000  5000  5000  5  515  4.226000  0.137800
10000  5000  5000  5  540  4.399000  0.230400
10000  5000  5000  5  564  4.517000  0.184700
10000  5000  5000  5  589  4.642000  0.229400
10000  5000  5000  5  614  4.971000  0.489300
10000  5000  5000  5  639  5.108000  0.468800
10000  5000  5000  5  664  5.232000  0.564600
10000  5000  5000  5  689  5.539000  0.384900
10000  5000  5000  5  714  5.641000  1.271000
10000  5000  5000  5  739  5.845000  1.027000
10000  5000  5000  5  764  6.009000  0.351500
10000  5000  5000  5  789  6.208000  0.557500
10000  5000  5000  5  814  6.393000  0.232400
10000  5000  5000  5  839  7.648000  1.731000
10000  5000  5000  5  864  6.932000  0.469400
10000  5000  5000  5  889  7.476000  1.327000
10000  5000  5000  5  914  7.415000  0.561000
10000  5000  5000  5  939  8.233000  1.373000
10000  5000  5000  5  964  8.431000  1.313000
10000  5000  5000  5  989  8.611000  1.567000
10000  5000  5000  30  115  2.272000  1.021000
10000  5000  5000  30  140  2.297000  0.582900
10000  5000  5000  30  165  2.445000  0.421000
10000  5000  5000  30  190  2.564000  0.313100
10000  5000  5000  30  215  2.746000  0.288200
10000  5000  5000  30  240  2.880000  0.241300
10000  5000  5000  30  265  3.006000  0.193500
10000  5000  5000  30  290  3.079000  0.227000
10000  5000  5000  30  315  3.391000  0.233600
10000  5000  5000  30  340  3.479000  0.614200
10000  5000  5000  30  365  3.468000  0.345000
10000  5000  5000  30  390  3.671000  0.240000
10000  5000  5000  30  415  3.705000  0.212000
10000  5000  5000  30  440  3.934000  0.607800
10000  5000  5000  30  465  3.954000  0.707300
10000  5000  5000  30  490  4.130000  0.312900
10000  5000  5000  30  515  4.212000  0.291600
10000  5000  5000  30  540  4.352000  0.374000
10000  5000  5000  30  564  4.547000  0.314400
10000  5000  5000  30  589  4.783000  0.338329
10000  5000  5000  30  614  5.215000  0.867000
10000  5000  5000  30  639  5.120000  0.525100
10000  5000  5000  30  664  5.186000  0.594300
10000  5000  5000  30  689  5.398000  0.644500
10000  5000  5000  30  714  5.622000  1.081000
10000  5000  5000  30  739  5.917358  0.999818
10000  5000  5000  30  764  6.071636  1.303212
10000  5000  5000  30  789  6.527091  1.872000
10000  5000  5000  30  814  6.692364  1.972455
10000  5000  5000  30  839  8.037000  3.645000
10000  5000  5000  30  864  7.518848  2.941782
10000  5000  5000  30  889  7.820000  3.862000
10000  5000  5000  30  914  8.330606  4.525255
10000  5000  5000  30  939  8.260788  4.808079
10000  5000  5000  30  964  8.793394  5.818182
10000  5000  5000  30  989  9.827000  7.323000
10000  5000  5000  55  115  2.135000  0.609500
10000  5000  5000  55  140  2.224000  0.456200
10000  5000  5000  55  165  2.423000  0.380400
10000  5000  5000  55  190  2.647000  0.544300
10000  5000  5000  55  215  2.687000  0.339900
10000  5000  5000  55  240  2.832000  0.212500
10000  5000  5000  55  265  3.040000  0.322900
10000  5000  5000  55  290  3.092000  0.172900
10000  5000  5000  55  315  3.153000  0.519400
10000  5000  5000  55  340  3.696000  0.318500
10000  5000  5000  55  365  3.595000  0.221800
10000  5000  5000  55  390  0.000000  0.000000
10000  5000  5000  55  415  3.700000  0.267900
10000  5000  5000  55  440  3.858000  0.148800
10000  5000  5000  55  465  4.084000  0.223600
10000  5000  5000  55  490  4.097000  0.249500
10000  5000  5000  55  515  4.226000  0.137800
10000  5000  5000  55  540  4.399000  0.230400
10000  5000  5000  55  564  4.517000  0.184700
10000  5000  5000  55  589  4.843000  0.392800
10000  5000  5000  55  614  4.895000  0.837600
10000  5000  5000  55  639  5.063000  0.323200
10000  5000  5000  55  664  5.288000  0.391600
10000  5000  5000  55  689  5.462000  0.276200
10000  5000  5000  55  714  5.704000  0.365200
10000  5000  5000  55  739  5.814509  0.281800
10000  5000  5000  55  764  6.156121  0.223900
10000  5000  5000  55  789  6.354424  0.693300
10000  5000  5000  55  814  6.732788  0.382800
10000  5000  5000  55  839  7.169879  0.610500
10000  5000  5000  55  864  7.614303  0.880900
10000  5000  5000  55  889  7.908182  0.419800
10000  5000  5000  55  914  8.187333  1.583000
10000  5000  5000  55  939  8.752970  0.974000
10000  5000  5000  55  964  9.050485  1.313000
10000  5000  5000  55  989  9.593000  0.712800
10000  5000  5000  80  115  2.140000  0.418100
10000  5000  5000  80  140  2.198000  0.328300
10000  5000  5000  80  165  2.264000  0.301700
10000  5000  5000  80  190  2.459000  0.275300
10000  5000  5000  80  215  2.739000  0.243000
10000  5000  5000  80  240  2.925000  0.203200
10000  5000  5000  80  265  3.069000  0.204500
10000  5000  5000  80  290  3.173000  0.260200
10000  5000  5000  80  315  3.288000  0.183800
10000  5000  5000  80  340  3.372000  0.200800
10000  5000  5000  80  365  0.000000  0.000000
10000  5000  5000  80  390  0.000000  0.000000
10000  5000  5000  80  415  3.600000  0.213800
10000  5000  5000  80  440  3.874000  0.453900
10000  5000  5000  80  465  4.015000  0.213800
10000  5000  5000  80  490  4.036000  0.181300
10000  5000  5000  80  515  4.184000  0.373800
10000  5000  5000  80  540  4.345000  0.445900
10000  5000  5000  80  564  4.494000  0.877100
10000  5000  5000  80  589  4.674000  0.133400
10000  5000  5000  80  614  4.871000  0.517500
10000  5000  5000  80  639  5.049000  0.306800
10000  5000  5000  80  664  5.260000  0.330300
10000  5000  5000  80  689  5.433000  0.257700
10000  5000  5000  80  714  5.696000  0.322700
10000  5000  5000  80  739  5.859000  0.414500
10000  5000  5000  80  764  6.148788  0.298100
10000  5000  5000  80  789  6.442606  0.456400
10000  5000  5000  80  814  6.975212  0.637200
10000  5000  5000  80  839  6.989879  0.898900
10000  5000  5000  80  864  7.386606  0.710100
10000  5000  5000  80  889  7.882484  0.573800
10000  5000  5000  80  914  8.264485  0.723970
10000  5000  5000  80  939  8.635454  0.649100
10000  5000  5000  80  964  8.899879  1.645000
10000  5000  5000  80  989  9.303939  0.922500
10000  5000  5000  105  115  2.070000  0.470300
10000  5000  5000  105  140  2.180000  0.769200
10000  5000  5000  105  165  2.274000  0.525900
10000  5000  5000  105  190  2.526000  0.286000
10000  5000  5000  105  215  2.554000  0.191600
10000  5000  5000  105  240  2.880000  0.149500
10000  5000  5000  105  265  2.988000  0.233400
10000  5000  5000  105  290  3.127000  0.146000
10000  5000  5000  105  315  3.253000  0.164000
10000  5000  5000  105  340  3.387000  0.345900
10000  5000  5000  105  365  3.494000  0.166200
10000  5000  5000  105  390  0.000000  0.000000
10000  5000  5000  105  415  0.000000  0.000000
10000  5000  5000  105  440  3.907000  0.241400
10000  5000  5000  105  465  3.978000  0.201000
10000  5000  5000  105  490  4.081000  0.639300
10000  5000  5000  105  515  4.266000  0.234600
10000  5000  5000  105  540  4.360000  0.497100
10000  5000  5000  105  564  4.558000  0.630400
10000  5000  5000  105  589  4.752000  0.209500
10000  5000  5000  105  614  4.918000  0.702200
10000  5000  5000  105  639  5.058000  0.181400
10000  5000  5000  105  664  5.233000  0.213600
10000  5000  5000  105  689  5.438000  0.881000
10000  5000  5000  105  714  5.691000  0.548200
10000  5000  5000  105  739  5.917358  0.386500
10000  5000  5000  105  764  6.216000  1.272000
10000  5000  5000  105  789  6.402182  0.761700
10000  5000  5000  105  814  6.725000  0.859200
10000  5000  5000  105  839  7.297000  1.193000
10000  5000  5000  105  864  7.621697  0.761800
10000  5000  5000  105  889  7.886121  1.033000
10000  5000  5000  105  914  8.315879  0.529100
10000  5000  5000  105  939  8.525272  1.649000
10000  5000  5000  105  964  8.786060  1.620000
10000  5000  5000  105  989  9.621000  0.626600
10000  5000  5000  130  115  0.000000  0.000000
10000  5000  5000  130  140  2.226000  0.466100
10000  5000  5000  130  165  2.275000  0.362300
10000  5000  5000  130  190  2.476000  0.286500
10000  5000  5000  130  215  2.612000  0.186000
10000  5000  5000  130  240  2.787000  0.132500
10000  5000  5000  130  265  2.981000  0.158500
10000  5000  5000  130  290  3.038000  0.148600
10000  5000  5000  130  315  3.233000  0.196900
10000  5000  5000  130  340  3.414000  0.300500
10000  5000  5000  130  365  3.449000  0.131100
10000  5000  5000  130  390  0.000000  0.000000
10000  5000  5000  130  415  3.591000  0.242400
10000  5000  5000  130  440  3.954000  0.272900
10000  5000  5000  130  465  4.088000  0.420500
10000  5000  5000  130  490  4.133000  0.350000
10000  5000  5000  130  515  4.229000  0.152800
10000  5000  5000  130  540  4.328000  0.430200
10000  5000  5000  130  564  4.515000  0.268800
10000  5000  5000  130  589  4.716000  0.315900
10000  5000  5000  130  614  4.887000  0.289300
10000  5000  5000  130  639  5.073000  0.914700
10000  5000  5000  130  664  5.213000  0.651500
10000  5000  5000  130  689  5.458000  1.092000
10000  5000  5000  130  714  5.609000  0.782600
10000  5000  5000  130  739  5.829200  0.288300
10000  5000  5000  130  764  6.137758  0.324100
10000  5000  5000  130  789  6.387515  1.023000
10000  5000  5000  130  814  6.791576  0.621200
10000  5000  5000  130  839  7.309455  0.629500
10000  5000  5000  130  864  7.375576  0.274300
10000  5000  5000  130  889  7.871454  1.005000
10000  5000  5000  130  914  8.249758  2.265000
10000  5000  5000  130  939  8.514242  0.990000
10000  5000  5000  130  964  8.962363  1.437000
10000  5000  5000  130  989  10.940000  1.307000
10000  5000  5000  155  115  0.000000  0.000000
10000  5000  5000  155  140  0.000000  0.000000
10000  5000  5000  155  165  2.236000  0.261800
10000  5000  5000  155  190  2.492000  0.521100
10000  5000  5000  155  215  2.667000  0.333400
10000  5000  5000  155  240  2.830000  0.178000
10000  5000  5000  155  265  2.957000  0.145300
10000  5000  5000  155  290  3.089000  0.279800
10000  5000  5000  155  315  3.232000  0.247900
10000  5000  5000  155  340  3.417000  0.114100
10000  5000  5000  155  365  3.412000  0.119900
10000  5000  5000  155  390  0.000000  0.000000
10000  5000  5000  155  415  3.642000  0.468600
10000  5000  5000  155  440  3.868000  0.134300
10000  5000  5000  155  465  3.893000  0.107300
10000  5000  5000  155  490  4.058000  0.144000
10000  5000  5000  155  515  4.186000  0.601800
10000  5000  5000  155  540  4.407000  0.769600
10000  5000  5000  155  564  4.581000  0.214700
10000  5000  5000  155  589  4.710000  0.423400
10000  5000  5000  155  614  4.959000  0.258800
10000  5000  5000  155  639  5.098000  0.291800
10000  5000  5000  155  664  5.206000  0.588800
10000  5000  5000  155  689  5.634528  1.629000
10000  5000  5000  155  714  5.654000  0.186900
10000  5000  5000  155  739  5.765000  0.812500
10000  5000  5000  155  764  6.053260  0.608600
10000  5000  5000  155  789  6.314060  1.027000
10000  5000  5000  155  814  6.677697  1.586000
10000  5000  5000  155  839  7.044970  1.479000
10000  5000  5000  155  864  7.504121  0.816600
10000  5000  5000  155  889  7.831030  0.539900
10000  5000  5000  155  914  8.326909  1.279000
10000  5000  5000  155  939  8.690546  1.124000
10000  5000  5000  155  964  9.654000  1.472000
10000  5000  5000  155  989  9.620000  0.780900
10000  5000  5000  180  115  0.000000  0.000000
10000  5000  5000  180  140  0.000000  0.000000
10000  5000  5000  180  165  0.000000  0.000000
10000  5000  5000  180  190  2.501000  0.293900
10000  5000  5000  180  215  2.660000  0.225600
10000  5000  5000  180  240  2.811000  0.180500
10000  5000  5000  180  265  2.819000  0.423600
10000  5000  5000  180  290  3.079000  0.228500
10000  5000  5000  180  315  3.169000  0.231900
10000  5000  5000  180  340  3.380000  0.212100
10000  5000  5000  180  365  3.445000  0.147100
10000  5000  5000  180  390  3.528000  0.142300
10000  5000  5000  180  415  3.658000  0.240100
10000  5000  5000  180  440  3.880000  0.136000
10000  5000  5000  180  465  4.001000  0.168742
10000  5000  5000  180  490  4.148000  0.375300
10000  5000  5000  180  515  4.396000  0.727900
10000  5000  5000  180  540  4.382000  0.252900
10000  5000  5000  180  564  4.538000  0.254800
10000  5000  5000  180  589  4.717000  0.420400
10000  5000  5000  180  614  4.869000  0.914500
10000  5000  5000  180  639  5.074000  0.882300
10000  5000  5000  180  664  5.198000  0.880100
10000  5000  5000  180  689  5.392000  0.363000
10000  5000  5000  180  714  5.608000  0.298000
10000  5000  5000  180  739  5.861000  0.476800
10000  5000  5000  180  764  6.207515  0.401100
10000  5000  5000  180  789  0.000000  0.000000
10000  5000  5000  180  814  6.787879  0.417300
10000  5000  5000  180  839  6.953152  0.300900
10000  5000  5000  180  864  7.438000  1.255000
10000  5000  5000  180  889  7.750242  1.551000
10000  5000  5000  180  914  8.308545  2.270000
10000  5000  5000  180  939  8.719939  0.358200
10000  5000  5000  180  964  9.792000  0.804400
10000  5000  5000  180  989  9.884000  1.083000
10000  5000  5000  205  115  0.000000  0.000000
10000  5000  5000  205  140  0.000000  0.000000
10000  5000  5000  205  165  0.000000  0.000000
10000  5000  5000  205  190  0.000000  0.000000
10000  5000  5000  205  215  2.633000  0.241100
10000  5000  5000  205  240  2.994000  1.243000
10000  5000  5000  205  265  2.938000  1.014000
10000  5000  5000  205  290  3.140000  0.110400
10000  5000  5000  205  315  3.256000  0.150500
10000  5000  5000  205  340  3.288000  0.397000
10000  5000  5000  205  365  3.469000  0.165700
10000  5000  5000  205  390  3.581000  0.158600
10000  5000  5000  205  415  3.761000  0.135000
10000  5000  5000  205  440  3.722000  0.403100
10000  5000  5000  205  465  3.900000  0.317600
10000  5000  5000  205  490  4.253000  0.301900
10000  5000  5000  205  515  4.396000  0.727900
10000  5000  5000  205  540  4.319000  0.278100
10000  5000  5000  205  564  4.449000  0.289300
10000  5000  5000  205  589  4.854000  0.531900
10000  5000  5000  205  614  4.846000  0.396800
10000  5000  5000  205  639  5.007000  0.233500
10000  5000  5000  205  664  5.237000  0.625700
10000  5000  5000  205  689  5.430000  0.363700
10000  5000  5000  205  714  5.653000  0.479000
10000  5000  5000  205  739  6.023873  0.248264
10000  5000  5000  205  764  6.196485  1.232000
10000  5000  5000  205  789  6.442606  0.903300
10000  5000  5000  205  814  6.472000  0.252200
10000  5000  5000  205  839  7.096424  1.385000
10000  5000  5000  205  864  7.353515  0.721100
10000  5000  5000  205  889  7.746546  0.850900
10000  5000  5000  205  914  8.091818  0.572600
10000  5000  5000  205  939  8.481152  1.404000
10000  5000  5000  205  964  9.220000  0.810700
10000  5000  5000  205  989  10.328728  2.793000
10000  5000  5000  230  115  0.000000  0.000000
10000  5000  5000  230  140  0.000000  0.000000
10000  5000  5000  230  165  0.000000  0.000000
10000  5000  5000  230  190  0.000000  0.000000
10000  5000  5000  230  215  0.000000  0.000000
10000  5000  5000  230  240  2.733000  0.323900
10000  5000  5000  230  265  2.941000  0.351200
10000  5000  5000  230  290  3.198000  0.299500
10000  5000  5000  230  315  3.276000  0.143300
10000  5000  5000  230  340  3.453000  0.136700
10000  5000  5000  230  365  3.423000  0.239600
10000  5000  5000  230  390  3.790000  0.194800
10000  5000  5000  230  415  3.697000  0.277800
10000  5000  5000  230  440  3.895000  0.144800
10000  5000  5000  230  465  4.005000  0.170000
10000  5000  5000  230  490  4.176000  0.361900
10000  5000  5000  230  515  4.207000  0.162000
10000  5000  5000  230  540  4.276000  0.340200
10000  5000  5000  230  564  4.527000  0.851600
10000  5000  5000  230  589  4.656000  0.178300
10000  5000  5000  230  614  4.881000  0.218400
10000  5000  5000  230  639  5.093000  0.254500
10000  5000  5000  230  664  5.420000  1.457000
10000  5000  5000  230  689  5.421000  0.737100
10000  5000  5000  230  714  5.593000  0.310100
10000  5000  5000  230  739  5.847000  0.364100
10000  5000  5000  230  764  6.137758  0.965000
10000  5000  5000  230  789  6.523394  0.437900
10000  5000  5000  230  814  6.662970  0.222300
10000  5000  5000  230  839  6.997272  0.660300
10000  5000  5000  230  864  7.625334  1.280000
10000  5000  5000  230  889  7.592303  0.848400
10000  5000  5000  230  914  8.499516  2.100000
10000  5000  5000  230  939  8.653818  2.007000
10000  5000  5000  230  964  9.221000  0.770800
10000  5000  5000  230  989  10.960000  1.626000
10000  5000  5000  255  115  0.000000  0.000000
10000  5000  5000  255  140  0.000000  0.000000
10000  5000  5000  255  165  0.000000  0.000000
10000  5000  5000  255  190  0.000000  0.000000
10000  5000  5000  255  215  0.000000  0.000000
10000  5000  5000  255  240  0.000000  0.000000
10000  5000  5000  255  265  2.941000  0.217600
10000  5000  5000  255  290  3.231000  0.218500
10000  5000  5000  255  315  3.398000  0.816000
10000  5000  5000  255  340  3.390000  0.144400
10000  5000  5000  255  365  3.422000  0.499900
10000  5000  5000  255  390  3.823000  0.231000
10000  5000  5000  255  415  3.764000  0.257700
10000  5000  5000  255  440  3.883000  0.148300
10000  5000  5000  255  465  3.929000  0.251400
10000  5000  5000  255  490  4.012000  0.352100
10000  5000  5000  255  515  4.220000  0.490200
10000  5000  5000  255  540  4.443000  0.390700
10000  5000  5000  255  564  4.503000  0.510300
10000  5000  5000  255  589  4.871000  0.667300
10000  5000  5000  255  614  4.871000  0.433300
10000  5000  5000  255  639  5.081000  0.681500
10000  5000  5000  255  664  5.189000  0.502000
10000  5000  5000  255  689  5.435000  0.266700
10000  5000  5000  255  714  5.700000  0.304700
10000  5000  5000  255  739  5.790000  0.997200
10000  5000  5000  255  764  6.093636  0.431900
10000  5000  5000  255  789  6.497697  0.558400
10000  5000  5000  255  814  6.784182  1.098000
10000  5000  5000  255  839  7.217636  0.630400
10000  5000  5000  255  864  8.422000  2.248000
10000  5000  5000  255  889  8.220000  0.594200
10000  5000  5000  255  914  10.070000  2.505000
10000  5000  5000  255  939  10.430000  3.334000
10000  5000  5000  255  964  9.234181  0.634000
10000  5000  5000  255  989  9.395758  1.968000
10000  5000  5000  280  115  0.000000  0.000000
10000  5000  5000  280  140  0.000000  0.000000
10000  5000  5000  280  165  0.000000  0.000000
10000  5000  5000  280  190  0.000000  0.000000
10000  5000  5000  280  215  0.000000  0.000000
10000  5000  5000  280  240  0.000000  0.000000
10000  5000  5000  280  265  0.000000  0.000000
10000  5000  5000  280  290  3.033000  0.968700
10000  5000  5000  280  315  3.300000  0.186100
10000  5000  5000  280  340  4.487000  2.266667
10000  5000  5000  280  365  3.653000  0.153300
10000  5000  5000  280  390  3.674000  0.168600
10000  5000  5000  280  415  3.799000  0.484700
10000  5000  5000  280  440  3.879000  0.214700
10000  5000  5000  280  465  3.897000  0.287200
10000  5000  5000  280  490  4.112000  0.114000
10000  5000  5000  280  515  4.181000  0.277300
10000  5000  5000  280  540  4.398000  0.424600
10000  5000  5000  280  564  4.689000  1.029000
10000  5000  5000  280  589  4.722000  0.340500
10000  5000  5000  280  614  4.883000  0.502900
10000  5000  5000  280  639  5.080000  1.097000
10000  5000  5000  280  664  5.227000  0.535700
10000  5000  5000  280  689  5.386000  0.272600
10000  5000  5000  280  714  5.638000  1.217000
10000  5000  5000  280  739  5.939394  0.271919
10000  5000  5000  280  764  6.021000  0.456400
10000  5000  5000  280  789  7.304000  2.047000
10000  5000  5000  280  814  6.725455  0.817600
10000  5000  5000  280  839  7.147818  1.132000
10000  5000  5000  280  864  7.717152  1.143067
10000  5000  5000  280  889  7.864121  0.820300
10000  5000  5000  280  914  8.982000  2.119000
10000  5000  5000  280  939  8.378303  1.455000
10000  5000  5000  280  964  9.039515  0.780900
10000  5000  5000  280  989  9.553698  0.539200
10000  5000  5000  305  115  0.000000  0.000000
10000  5000  5000  305  140  0.000000  0.000000
10000  5000  5000  305  165  0.000000  0.000000
10000  5000  5000  305  190  0.000000  0.000000
10000  5000  5000  305  215  0.000000  0.000000
10000  5000  5000  305  240  0.000000  0.000000
10000  5000  5000  305  265  0.000000  0.000000
10000  5000  5000  305  290  0.000000  0.000000
10000  5000  5000  305  315  3.292000  0.308600
10000  5000  5000  305  340  3.515000  0.717500
10000  5000  5000  305  365  3.546000  0.222100
10000  5000  5000  305  390  3.584000  0.208100
10000  5000  5000  305  415  3.709000  0.508100
10000  5000  5000  305  440  3.851000  0.198100
10000  5000  5000  305  465  3.941000  0.136600
10000  5000  5000  305  490  4.055000  0.461000
10000  5000  5000  305  515  4.168000  0.482700
10000  5000  5000  305  540  4.400000  0.330100
10000  5000  5000  305  564  4.496000  0.564700
10000  5000  5000  305  589  4.739000  0.296300
10000  5000  5000  305  614  4.833000  0.699900
10000  5000  5000  305  639  5.087000  0.327100
10000  5000  5000  305  664  5.193000  0.289000
10000  5000  5000  305  689  5.428000  2.246000
10000  5000  5000  305  714  5.634528  0.585600
10000  5000  5000  305  739  5.799819  0.269900
10000  5000  5000  305  764  6.119394  1.768000
10000  5000  5000  305  789  6.527000  0.845000
10000  5000  5000  305  814  6.582182  0.466600
10000  5000  5000  305  839  7.353515  1.018000
10000  5000  5000  305  864  7.500485  0.564200
10000  5000  5000  305  889  7.926546  0.966200
10000  5000  5000  305  914  8.483000  1.599000
10000  5000  5000  305  939  8.631758  0.603400
10000  5000  5000  305  964  8.877879  1.311000
10000  5000  5000  305  989  9.535000  1.264000
10000  5000  5000  330  115  0.000000  0.000000
10000  5000  5000  330  140  0.000000  0.000000
10000  5000  5000  330  165  0.000000  0.000000
10000  5000  5000  330  190  0.000000  0.000000
10000  5000  5000  330  215  0.000000  0.000000
10000  5000  5000  330  240  0.000000  0.000000
10000  5000  5000  330  265  0.000000  0.000000
10000  5000  5000  330  290  0.000000  0.000000
10000  5000  5000  330  315  0.000000  0.000000
10000  5000  5000  330  340  4.297000  2.395000
10000  5000  5000  330  365  3.522000  0.284800
10000  5000  5000  330  390  3.606000  0.260600
10000  5000  5000  330  415  3.708000  0.418700
10000  5000  5000  330  440  3.825000  0.461900
10000  5000  5000  330  465  3.929000  0.276300
10000  5000  5000  330  490  4.011000  0.175700
10000  5000  5000  330  515  4.197000  0.212700
10000  5000  5000  330  540  4.388000  0.438300
10000  5000  5000  330  564  4.486000  0.299500
10000  5000  5000  330  589  4.652000  0.457100
10000  5000  5000  330  614  5.485000  1.604000
10000  5000  5000  330  639  5.009000  0.552700
10000  5000  5000  330  664  5.300000  0.955500
10000  5000  5000  330  689  5.342000  0.650500
10000  5000  5000  330  714  5.678000  0.473600
10000  5000  5000  330  739  5.856000  0.646800
10000  5000  5000  330  764  6.163455  0.371900
10000  5000  5000  330  789  6.372849  2.584000
10000  5000  5000  330  814  6.637273  0.735300
10000  5000  5000  330  839  7.034000  0.584700
10000  5000  5000  330  864  7.265394  0.713700
10000  5000  5000  330  889  8.929000  2.030000
10000  5000  5000  330  914  8.198363  2.047000
10000  5000  5000  330  939  8.492182  0.529900
10000  5000  5000  330  964  9.076242  1.419000
10000  5000  5000  330  989  9.564728  2.214000
10000  5000  5000  355  115  0.000000  0.000000
10000  5000  5000  355  140  0.000000  0.000000
10000  5000  5000  355  165  0.000000  0.000000
10000  5000  5000  355  190  0.000000  0.000000
10000  5000  5000  355  215  0.000000  0.000000
10000  5000  5000  355  240  0.000000  0.000000
10000  5000  5000  355  265  0.000000  0.000000
10000  5000  5000  355  290  0.000000  0.000000
10000  5000  5000  355  315  0.000000  0.000000
10000  5000  5000  355  340  0.000000  0.000000
10000  5000  5000  355  365  3.513000  1.200000
10000  5000  5000  355  390  0.000000  0.000000
10000  5000  5000  355  415  3.817000  0.174900
10000  5000  5000  355  440  3.840000  0.196300
10000  5000  5000  355  465  4.003000  0.157100
10000  5000  5000  355  490  4.117000  0.246100
10000  5000  5000  355  515  4.198000  0.842500
10000  5000  5000  355  540  4.334000  0.388500
10000  5000  5000  355  564  4.714000  0.593700
10000  5000  5000  355  589  4.641000  1.023000
10000  5000  5000  355  614  5.245182  1.674194
10000  5000  5000  355  639  5.255000  0.436400
10000  5000  5000  355  664  5.419000  0.786400
10000  5000  5000  355  689  5.413000  0.417200
10000  5000  5000  355  714  5.659000  0.423800
10000  5000  5000  355  739  5.969000  0.871900
10000  5000  5000  355  764  6.255273  0.721500
10000  5000  5000  355  789  6.468303  0.852100
10000  5000  5000  355  814  6.795212  0.826400
10000  5000  5000  355  839  7.152000  1.777000
10000  5000  5000  355  864  7.342546  0.297300
10000  5000  5000  355  889  8.804000  2.136000
10000  5000  5000  355  914  8.341576  1.314000
10000  5000  5000  355  939  8.598727  2.189000
10000  5000  5000  355  964  9.032121  1.093000
10000  5000  5000  355  989  9.502303  1.007000
10000  5000  5000  380  115  0.000000  0.000000
10000  5000  5000  380  140  0.000000  0.000000
10000  5000  5000  380  165  0.000000  0.000000
10000  5000  5000  380  190  0.000000  0.000000
10000  5000  5000  380  215  0.000000  0.000000
10000  5000  5000  380  240  0.000000  0.000000
10000  5000  5000  380  265  0.000000  0.000000
10000  5000  5000  380  290  0.000000  0.000000
10000  5000  5000  380  315  0.000000  0.000000
10000  5000  5000  380  340  0.000000  0.000000
10000  5000  5000  380  365  0.000000  0.000000
10000  5000  5000  380  390  0.000000  0.000000
10000  5000  5000  380  415  3.763000  0.265600
10000  5000  5000  380  440  3.761000  0.203700
10000  5000  5000  380  465  3.909000  0.342600
10000  5000  5000  380  490  4.058000  0.231300
10000  5000  5000  380  515  4.721000  1.056000
10000  5000  5000  380  540  4.318000  0.180900
10000  5000  5000  380  564  4.504000  0.320800
10000  5000  5000  380  589  4.701000  0.914300
10000  5000  5000  380  614  4.912000  0.480900
10000  5000  5000  380  639  5.120000  1.958000
10000  5000  5000  380  664  5.215000  0.976100
10000  5000  5000  380  689  5.339000  0.932800
10000  5000  5000  380  714  5.540000  0.721600
10000  5000  5000  380  739  5.818182  0.285100
10000  5000  5000  380  764  6.093636  0.742900
10000  5000  5000  380  789  6.505031  0.731500
10000  5000  5000  380  814  6.982545  1.409000
10000  5000  5000  380  839  7.162546  0.742900
10000  5000  5000  380  864  7.562909  0.905100
10000  5000  5000  380  889  9.928364  3.820018
10000  5000  5000  380  914  8.146909  0.695400
10000  5000  5000  380  939  8.879000  0.549700
10000  5000  5000  380  964  9.869000  1.633000
10000  5000  5000  380  989  12.330000  1.845000
10000  5000  5000  405  115  0.000000  0.000000
10000  5000  5000  405  140  0.000000  0.000000
10000  5000  5000  405  165  0.000000  0.000000
10000  5000  5000  405  190  0.000000  0.000000
10000  5000  5000  405  215  0.000000  0.000000
10000  5000  5000  405  240  0.000000  0.000000
10000  5000  5000  405  265  0.000000  0.000000
10000  5000  5000  405  290  0.000000  0.000000
10000  5000  5000  405  315  0.000000  0.000000
10000  5000  5000  405  340  0.000000  0.000000
10000  5000  5000  405  365  0.000000  0.000000
10000  5000  5000  405  390  0.000000  0.000000
10000  5000  5000  405  415  3.630000  0.349100
10000  5000  5000  405  440  3.817000  0.296100
10000  5000  5000  405  465  4.110000  0.220500
10000  5000  5000  405  490  4.151000  0.229500
10000  5000  5000  405  515  4.243000  0.579200
10000  5000  5000  405  540  4.359000  0.309000
10000  5000  5000  405  564  4.472000  0.246500
10000  5000  5000  405  589  4.731000  0.508200
10000  5000  5000  405  614  4.903000  0.220300
10000  5000  5000  405  639  4.971000  0.656400
10000  5000  5000  405  664  5.299000  0.591100
10000  5000  5000  405  689  5.347000  0.880300
10000  5000  5000  405  714  5.634000  1.114000
10000  5000  5000  405  739  5.848000  0.381200
10000  5000  5000  405  764  6.214849  1.214000
10000  5000  5000  405  789  6.306727  0.684600
10000  5000  5000  405  814  6.776848  0.395600
10000  5000  5000  405  839  7.078060  1.002000
10000  5000  5000  405  864  7.463758  1.233000
10000  5000  5000  405  889  7.643697  1.105000
10000  5000  5000  405  914  8.540000  1.453000
10000  5000  5000  405  939  8.650000  0.975500
10000  5000  5000  405  964  8.694242  3.018000
10000  5000  5000  405  989  10.640000  2.350000
10000  5000  5000  430  115  0.000000  0.000000
10000  5000  5000  430  140  0.000000  0.000000
10000  5000  5000  430  165  0.000000  0.000000
10000  5000  5000  430  190  0.000000  0.000000
10000  5000  5000  430  215  0.000000  0.000000
10000  5000  5000  430  240  0.000000  0.000000
10000  5000  5000  430  265  0.000000  0.000000
10000  5000  5000  430  290  0.000000  0.000000
10000  5000  5000  430  315  0.000000  0.000000
10000  5000  5000  430  340  0.000000  0.000000
10000  5000  5000  430  365  0.000000  0.000000
10000  5000  5000  430  390  0.000000  0.000000
10000  5000  5000  430  415  0.000000  0.000000
10000  5000  5000  430  440  3.917000  1.019000
10000  5000  5000  430  465  4.035000  0.403700
10000  5000  5000  430  490  4.149000  0.532700
10000  5000  5000  430  515  5.285000  1.515000
10000  5000  5000  430  540  4.344000  0.543900
10000  5000  5000  430  564  4.470000  0.228600
10000  5000  5000  430  589  4.716000  0.948600
10000  5000  5000  430  614  4.877000  0.554900
10000  5000  5000  430  639  5.121000  0.568800
10000  5000  5000  430  664  5.248000  0.846300
10000  5000  5000  430  689  5.395000  0.716300
10000  5000  5000  430  714  5.736000  0.842300
10000  5000  5000  430  739  5.812000  0.339600
10000  5000  5000  430  764  6.012000  1.127000
10000  5000  5000  430  789  6.295697  0.816300
10000  5000  5000  430  814  6.787879  0.819600
10000  5000  5000  430  839  6.820910  1.621000
10000  5000  5000  430  864  7.404970  1.031000
10000  5000  5000  430  889  7.687757  0.900800
10000  5000  5000  430  914  7.988970  2.648000
10000  5000  5000  430  939  8.694242  1.592000
10000  5000  5000  430  964  9.112969  3.170000
10000  5000  5000  430  989  9.683000  1.569000
10000  5000  5000  455  115  0.000000  0.000000
10000  5000  5000  455  140  0.000000  0.000000
10000  5000  5000  455  165  0.000000  0.000000
10000  5000  5000  455  190  0.000000  0.000000
10000  5000  5000  455  215  0.000000  0.000000
10000  5000  5000  455  240  0.000000  0.000000
10000  5000  5000  455  265  0.000000  0.000000
10000  5000  5000  455  290  0.000000  0.000000
10000  5000  5000  455  315  0.000000  0.000000
10000  5000  5000  455  340  0.000000  0.000000
10000  5000  5000  455  365  0.000000  0.000000
10000  5000  5000  455  390  0.000000  0.000000
10000  5000  5000  455  415  0.000000  0.000000
10000  5000  5000  455  440  0.000000  0.000000
10000  5000  5000  455  465  3.986000  0.332500
10000  5000  5000  455  490  4.143000  0.428100
10000  5000  5000  455  515  4.176000  0.185600
10000  5000  5000  455  540  4.531000  0.802900
10000  5000  5000  455  564  4.515000  0.198700
10000  5000  5000  455  589  4.662000  0.704100
10000  5000  5000  455  614  4.816000  0.212600
10000  5000  5000  455  639  5.093000  0.315000
10000  5000  5000  455  664  5.186000  0.492800
10000  5000  5000  455  689  5.442000  0.926800
10000  5000  5000  455  714  5.844000  0.801700
10000  5000  5000  455  739  5.873279  0.921900
10000  5000  5000  455  764  6.399000  1.239000
10000  5000  5000  455  789  6.336061  1.199000
10000  5000  5000  455  814  6.703394  0.561200
10000  5000  5000  455  839  6.975212  0.481500
10000  5000  5000  455  864  7.507818  1.585000
10000  5000  5000  455  889  7.878788  0.702400
10000  5000  5000  455  914  7.955940  1.214000
10000  5000  5000  455  939  8.506909  1.944000
10000  5000  5000  455  964  9.197454  0.982300
10000  5000  5000  455  989  10.450000  0.772500
10000  5000  5000  480  115  0.000000  0.000000
10000  5000  5000  480  140  0.000000  0.000000
10000  5000  5000  480  165  0.000000  0.000000
10000  5000  5000  480  190  0.000000  0.000000
10000  5000  5000  480  215  0.000000  0.000000
10000  5000  5000  480  240  0.000000  0.000000
10000  5000  5000  480  265  0.000000  0.000000
10000  5000  5000  480  290  0.000000  0.000000
10000  5000  5000  480  315  0.000000  0.000000
10000  5000  5000  480  340  0.000000  0.000000
10000  5000  5000  480  365  0.000000  0.000000
10000  5000  5000  480  390  0.000000  0.000000
10000  5000  5000  480  415  0.000000  0.000000
10000  5000  5000  480  440  0.000000  0.000000
10000  5000  5000  480  465  0.000000  0.000000
10000  5000  5000  480  490  4.446000  2.118000
10000  5000  5000  480  515  4.376000  0.597100
10000  5000  5000  480  540  4.423000  0.447400
10000  5000  5000  480  564  4.564000  0.316400
10000  5000  5000  480  589  4.716000  0.311400
10000  5000  5000  480  614  4.836000  0.647000
10000  5000  5000  480  639  5.015000  0.371700
10000  5000  5000  480  664  5.196000  1.032000
10000  5000  5000  480  689  5.397000  0.409600
10000  5000  5000  480  714  5.715333  1.616000
10000  5000  5000  480  739  5.884000  0.451400
10000  5000  5000  480  764  5.982000  1.605000
10000  5000  5000  480  789  6.534424  1.228000
10000  5000  5000  480  814  6.718060  0.735100
10000  5000  5000  480  839  7.191939  0.345300
10000  5000  5000  480  864  7.540848  0.400200
10000  5000  5000  480  889  0.000000  0.000000
10000  5000  5000  480  914  8.227757  0.655300
10000  5000  5000  480  939  8.628121  0.672200
10000  5000  5000  480  964  8.771334  1.183000
10000  5000  5000  480  989  9.805000  0.712200
10000  5000  5000  504  115  0.000000  0.000000
10000  5000  5000  504  140  0.000000  0.000000
10000  5000  5000  504  165  0.000000  0.000000
10000  5000  5000  504  190  0.000000  0.000000
10000  5000  5000  504  215  0.000000  0.000000
10000  5000  5000  504  240  0.000000  0.000000
10000  5000  5000  504  265  0.000000  0.000000
10000  5000  5000  504  290  0.000000  0.000000
10000  5000  5000  504  315  0.000000  0.000000
10000  5000  5000  504  340  0.000000  0.000000
10000  5000  5000  504  365  0.000000  0.000000
10000  5000  5000  504  390  0.000000  0.000000
10000  5000  5000  504  415  0.000000  0.000000
10000  5000  5000  504  440  0.000000  0.000000
10000  5000  5000  504  465  0.000000  0.000000
10000  5000  5000  504  490  0.000000  0.000000
10000  5000  5000  504  515  4.259000  0.868000
10000  5000  5000  504  540  4.361000  0.327300
10000  5000  5000  504  564  4.580000  0.317600
10000  5000  5000  504  589  4.711000  0.230700
10000  5000  5000  504  614  4.839000  0.793600
10000  5000  5000  504  639  5.029000  0.517900
10000  5000  5000  504  664  5.258000  0.411000
10000  5000  5000  504  689  5.415000  0.579200
10000  5000  5000  504  714  5.608000  0.483500
10000  5000  5000  504  739  6.102000  1.479000
10000  5000  5000  504  764  6.115697  1.156000
10000  5000  5000  504  789  6.339757  0.454700
10000  5000  5000  504  814  6.714424  1.198000
10000  5000  5000  504  839  7.085394  0.682400
10000  5000  5000  504  864  7.467394  0.334000
10000  5000  5000  504  889  7.735516  0.528400
10000  5000  5000  504  914  8.433000  1.996000
10000  5000  5000  504  939  8.738303  0.727800
10000  5000  5000  504  964  8.782364  0.937100
10000  5000  5000  504  989  9.450849  0.976700
10000  5000  5000  529  115  0.000000  0.000000
10000  5000  5000  529  140  0.000000  0.000000
10000  5000  5000  529  165  0.000000  0.000000
10000  5000  5000  529  190  0.000000  0.000000
10000  5000  5000  529  215  0.000000  0.000000
10000  5000  5000  529  240  0.000000  0.000000
10000  5000  5000  529  265  0.000000  0.000000
10000  5000  5000  529  290  0.000000  0.000000
10000  5000  5000  529  315  0.000000  0.000000
10000  5000  5000  529  340  0.000000  0.000000
10000  5000  5000  529  365  0.000000  0.000000
10000  5000  5000  529  390  0.000000  0.000000
10000  5000  5000  529  415  0.000000  0.000000
10000  5000  5000  529  440  0.000000  0.000000
10000  5000  5000  529  465  0.000000  0.000000
10000  5000  5000  529  490  0.000000  0.000000
10000  5000  5000  529  515  0.000000  0.000000
10000  5000  5000  529  540  4.491000  0.393200
10000  5000  5000  529  564  4.522000  0.424000
10000  5000  5000  529  589  4.741000  0.257300
10000  5000  5000  529  614  4.876000  0.747500
10000  5000  5000  529  639  5.015000  1.739000
10000  5000  5000  529  664  5.274000  0.747200
10000  5000  5000  529  689  5.368000  0.215000
10000  5000  5000  529  714  5.548000  1.095000
10000  5000  5000  529  739  5.764000  0.557000
10000  5000  5000  529  764  6.562000  1.925000
10000  5000  5000  529  789  6.391212  1.102000
10000  5000  5000  529  814  6.674000  0.973100
10000  5000  5000  529  839  7.059697  0.541300
10000  5000  5000  529  864  7.441697  0.704400
10000  5000  5000  529  889  7.728182  1.082000
10000  5000  5000  529  914  8.907272  2.463000
10000  5000  5000  529  939  8.466485  1.102000
10000  5000  5000  529  964  8.914606  0.594100
10000  5000  5000  529  989  9.223151  0.824800
10000  5000  5000  554  115  0.000000  0.000000
10000  5000  5000  554  140  0.000000  0.000000
10000  5000  5000  554  165  0.000000  0.000000
10000  5000  5000  554  190  0.000000  0.000000
10000  5000  5000  554  215  0.000000  0.000000
10000  5000  5000  554  240  0.000000  0.000000
10000  5000  5000  554  265  0.000000  0.000000
10000  5000  5000  554  290  0.000000  0.000000
10000  5000  5000  554  315  0.000000  0.000000
10000  5000  5000  554  340  0.000000  0.000000
10000  5000  5000  554  365  0.000000  0.000000
10000  5000  5000  554  390  0.000000  0.000000
10000  5000  5000  554  415  0.000000  0.000000
10000  5000  5000  554  440  0.000000  0.000000
10000  5000  5000  554  465  0.000000  0.000000
10000  5000  5000  554  490  0.000000  0.000000
10000  5000  5000  554  515  0.000000  0.000000
10000  5000  5000  554  540  0.000000  0.000000
10000  5000  5000  554  564  4.475000  0.538200
10000  5000  5000  554  589  4.845000  0.606000
10000  5000  5000  554  614  5.008000  1.227000
10000  5000  5000  554  639  5.127000  0.317500
10000  5000  5000  554  664  5.278000  0.322300
10000  5000  5000  554  689  5.470000  1.000000
10000  5000  5000  554  714  5.663000  0.708900
10000  5000  5000  554  739  5.865000  0.962000
10000  5000  5000  554  764  6.192848  0.709300
10000  5000  5000  554  789  6.310364  0.612300
10000  5000  5000  554  814  6.898060  0.449600
10000  5000  5000  554  839  6.967879  0.416600
10000  5000  5000  554  864  7.349879  1.142000
10000  5000  5000  554  889  7.768606  1.359000
10000  5000  5000  554  914  8.587697  1.182000
10000  5000  5000  554  939  8.712606  0.929400
10000  5000  5000  554  964  8.923000  1.174000
10000  5000  5000  554  989  9.528000  0.865000
10000  5000  5000  579  115  0.000000  0.000000
10000  5000  5000  579  140  0.000000  0.000000
10000  5000  5000  579  165  0.000000  0.000000
10000  5000  5000  579  190  0.000000  0.000000
10000  5000  5000  579  215  0.000000  0.000000
10000  5000  5000  579  240  0.000000  0.000000
10000  5000  5000  579  265  0.000000  0.000000
10000  5000  5000  579  290  0.000000  0.000000
10000  5000  5000  579  315  0.000000  0.000000
10000  5000  5000  579  340  0.000000  0.000000
10000  5000  5000  579  365  0.000000  0.000000
10000  5000  5000  579  390  0.000000  0.000000
10000  5000  5000  579  415  0.000000  0.000000
10000  5000  5000  579  440  0.000000  0.000000
10000  5000  5000  579  465  0.000000  0.000000
10000  5000  5000  579  490  0.000000  0.000000
10000  5000  5000  579  515  0.000000  0.000000
10000  5000  5000  579  540  0.000000  0.000000
10000  5000  5000  579  564  0.000000  0.000000
10000  5000  5000  579  589  4.642000  0.229400
10000  5000  5000  579  614  4.971000  0.489300
10000  5000  5000  579  639  5.108000  0.468800
10000  5000  5000  579  664  5.232000  0.564600
10000  5000  5000  579  689  5.539000  0.384900
10000  5000  5000  579  714  5.641000  1.271000
10000  5000  5000  579  739  5.845000  1.027000
10000  5000  5000  579  764  6.104666  0.351500
10000  5000  5000  579  789  6.358121  0.557500
10000  5000  5000  579  814  6.637273  0.232400
10000  5000  5000  579  839  7.648000  1.731000
10000  5000  5000  579  864  7.375576  0.469400
10000  5000  5000  579  889  7.842061  1.327000
10000  5000  5000  579  914  8.029394  0.561000
10000  5000  5000  579  939  8.525272  1.373000
10000  5000  5000  579  964  0.000000  0.000000
10000  5000  5000  579  989  9.395758  1.567000
10000  5000  5000  604  115  0.000000  0.000000
10000  5000  5000  604  140  0.000000  0.000000
10000  5000  5000  604  165  0.000000  0.000000
10000  5000  5000  604  190  0.000000  0.000000
10000  5000  5000  604  215  0.000000  0.000000
10000  5000  5000  604  240  0.000000  0.000000
10000  5000  5000  604  265  0.000000  0.000000
10000  5000  5000  604  290  0.000000  0.000000
10000  5000  5000  604  315  0.000000  0.000000
10000  5000  5000  604  340  0.000000  0.000000
10000  5000  5000  604  365  0.000000  0.000000
10000  5000  5000  604  390  0.000000  0.000000
10000  5000  5000  604  415  0.000000  0.000000
10000  5000  5000  604  440  0.000000  0.000000
10000  5000  5000  604  465  0.000000  0.000000
10000  5000  5000  604  490  0.000000  0.000000
10000  5000  5000  604  515  0.000000  0.000000
10000  5000  5000  604  540  0.000000  0.000000
10000  5000  5000  604  564  0.000000  0.000000
10000  5000  5000  604  589  0.000000  0.000000
10000  5000  5000  604  614  4.837000  0.492600
10000  5000  5000  604  639  5.390000  2.479000
10000  5000  5000  604  664  5.303000  0.651400
10000  5000  5000  604  689  5.363000  0.530900
10000  5000  5000  604  714  5.617000  0.331400
10000  5000  5000  604  739  5.928376  1.194000
10000  5000  5000  604  764  6.511000  1.776000
10000  5000  5000  604  789  6.306727  0.550800
10000  5000  5000  604  814  6.585879  0.706700
10000  5000  5000  604  839  7.011940  2.116000
10000  5000  5000  604  864  7.265394  0.723400
10000  5000  5000  604  889  9.112969  2.690000
10000  5000  5000  604  914  8.135879  1.553000
10000  5000  5000  604  939  8.473818  0.390600
10000  5000  5000  604  964  8.995394  0.871800
10000  5000  5000  604  989  9.524364  0.731800
10000  5000  5000  629  115  0.000000  0.000000
10000  5000  5000  629  140  0.000000  0.000000
10000  5000  5000  629  165  0.000000  0.000000
10000  5000  5000  629  190  0.000000  0.000000
10000  5000  5000  629  215  0.000000  0.000000
10000  5000  5000  629  240  0.000000  0.000000
10000  5000  5000  629  265  0.000000  0.000000
10000  5000  5000  629  290  0.000000  0.000000
10000  5000  5000  629  315  0.000000  0.000000
10000  5000  5000  629  340  0.000000  0.000000
10000  5000  5000  629  365  0.000000  0.000000
10000  5000  5000  629  390  0.000000  0.000000
10000  5000  5000  629  415  0.000000  0.000000
10000  5000  5000  629  440  0.000000  0.000000
10000  5000  5000  629  465  0.000000  0.000000
10000  5000  5000  629  490  0.000000  0.000000
10000  5000  5000  629  515  0.000000  0.000000
10000  5000  5000  629  540  0.000000  0.000000
10000  5000  5000  629  564  0.000000  0.000000
10000  5000  5000  629  589  0.000000  0.000000
10000  5000  5000  629  614  0.000000  0.000000
10000  5000  5000  629  639  5.043000  1.150000
10000  5000  5000  629  664  5.262000  1.028000
10000  5000  5000  629  689  5.437000  0.511800
10000  5000  5000  629  714  5.573000  0.640400
10000  5000  5000  629  739  5.874000  0.803600
10000  5000  5000  629  764  6.001837  0.293600
10000  5000  5000  629  789  6.453637  0.848600
10000  5000  5000  629  814  6.648303  0.684300
10000  5000  5000  629  839  7.184546  1.103000
10000  5000  5000  629  864  7.371879  0.710700
10000  5000  5000  629  889  8.224061  1.306000
10000  5000  5000  629  914  8.359940  0.726000
10000  5000  5000  629  939  8.764000  0.889900
10000  5000  5000  629  964  9.203000  0.891100
10000  5000  5000  629  989  9.300303  2.905000
10000  5000  5000  654  115  0.000000  0.000000
10000  5000  5000  654  140  0.000000  0.000000
10000  5000  5000  654  165  0.000000  0.000000
10000  5000  5000  654  190  0.000000  0.000000
10000  5000  5000  654  215  0.000000  0.000000
10000  5000  5000  654  240  0.000000  0.000000
10000  5000  5000  654  265  0.000000  0.000000
10000  5000  5000  654  290  0.000000  0.000000
10000  5000  5000  654  315  0.000000  0.000000
10000  5000  5000  654  340  0.000000  0.000000
10000  5000  5000  654  365  0.000000  0.000000
10000  5000  5000  654  390  0.000000  0.000000
10000  5000  5000  654  415  0.000000  0.000000
10000  5000  5000  654  440  0.000000  0.000000
10000  5000  5000  654  465  0.000000  0.000000
10000  5000  5000  654  490  0.000000  0.000000
10000  5000  5000  654  515  0.000000  0.000000
10000  5000  5000  654  540  0.000000  0.000000
10000  5000  5000  654  564  0.000000  0.000000
10000  5000  5000  654  589  0.000000  0.000000
10000  5000  5000  654  614  0.000000  0.000000
10000  5000  5000  654  639  0.000000  0.000000
10000  5000  5000  654  664  5.335000  0.556500
10000  5000  5000  654  689  5.536000  0.396800
10000  5000  5000  654  714  5.564000  1.575000
10000  5000  5000  654  739  5.821000  0.678100
10000  5000  5000  654  764  5.979800  1.780000
10000  5000  5000  654  789  6.409576  0.530700
10000  5000  5000  654  814  6.824606  0.613400
10000  5000  5000  654  839  6.927454  0.780000
10000  5000  5000  654  864  7.651030  0.961000
10000  5000  5000  654  889  7.989000  0.499000
10000  5000  5000  654  914  7.922848  0.877400
10000  5000  5000  654  939  8.492182  1.408000
10000  5000  5000  654  964  9.041000  0.532700
10000  5000  5000  654  989  9.348000  2.775000
10000  5000  5000  679  115  0.000000  0.000000
10000  5000  5000  679  140  0.000000  0.000000
10000  5000  5000  679  165  0.000000  0.000000
10000  5000  5000  679  190  0.000000  0.000000
10000  5000  5000  679  215  0.000000  0.000000
10000  5000  5000  679  240  0.000000  0.000000
10000  5000  5000  679  265  0.000000  0.000000
10000  5000  5000  679  290  0.000000  0.000000
10000  5000  5000  679  315  0.000000  0.000000
10000  5000  5000  679  340  0.000000  0.000000
10000  5000  5000  679  365  0.000000  0.000000
10000  5000  5000  679  390  0.000000  0.000000
10000  5000  5000  679  415  0.000000  0.000000
10000  5000  5000  679  440  0.000000  0.000000
10000  5000  5000  679  465  0.000000  0.000000
10000  5000  5000  679  490  0.000000  0.000000
10000  5000  5000  679  515  0.000000  0.000000
10000  5000  5000  679  540  0.000000  0.000000
10000  5000  5000  679  564  0.000000  0.000000
10000  5000  5000  679  589  0.000000  0.000000
10000  5000  5000  679  614  0.000000  0.000000
10000  5000  5000  679  639  0.000000  0.000000
10000  5000  5000  679  664  0.000000  0.000000
10000  5000  5000  679  689  5.527000  1.753000
10000  5000  5000  679  714  5.626000  1.461000
10000  5000  5000  679  739  5.851242  0.391900
10000  5000  5000  679  764  6.115697  1.450000
10000  5000  5000  679  789  0.000000  0.000000
10000  5000  5000  679  814  6.754848  0.317800
10000  5000  5000  679  839  7.089091  0.421000
10000  5000  5000  679  864  7.551879  0.563900
10000  5000  5000  679  889  7.735516  1.568000
10000  5000  5000  679  914  8.003697  0.530700
10000  5000  5000  679  939  8.946000  1.768000
10000  5000  5000  679  964  9.043152  1.352000
10000  5000  5000  679  989  9.531696  2.842000
10000  5000  5000  704  115  0.000000  0.000000
10000  5000  5000  704  140  0.000000  0.000000
10000  5000  5000  704  165  0.000000  0.000000
10000  5000  5000  704  190  0.000000  0.000000
10000  5000  5000  704  215  0.000000  0.000000
10000  5000  5000  704  240  0.000000  0.000000
10000  5000  5000  704  265  0.000000  0.000000
10000  5000  5000  704  290  0.000000  0.000000
10000  5000  5000  704  315  0.000000  0.000000
10000  5000  5000  704  340  0.000000  0.000000
10000  5000  5000  704  365  0.000000  0.000000
10000  5000  5000  704  390  0.000000  0.000000
10000  5000  5000  704  415  0.000000  0.000000
10000  5000  5000  704  440  0.000000  0.000000
10000  5000  5000  704  465  0.000000  0.000000
10000  5000  5000  704  490  0.000000  0.000000
10000  5000  5000  704  515  0.000000  0.000000
10000  5000  5000  704  540  0.000000  0.000000
10000  5000  5000  704  564  0.000000  0.000000
10000  5000  5000  704  589  0.000000  0.000000
10000  5000  5000  704  614  0.000000  0.000000
10000  5000  5000  704  639  0.000000  0.000000
10000  5000  5000  704  664  0.000000  0.000000
10000  5000  5000  704  689  0.000000  0.000000
10000  5000  5000  704  714  5.541000  2.549000
10000  5000  5000  704  739  6.027545  2.397000
10000  5000  5000  704  764  6.211212  1.638000
10000  5000  5000  704  789  6.431576  1.769000
10000  5000  5000  704  814  7.075000  1.721000
10000  5000  5000  704  839  6.949515  1.077000
10000  5000  5000  704  864  7.349879  0.623200
10000  5000  5000  704  889  7.952242  0.848600
10000  5000  5000  704  914  7.966970  2.420000
10000  5000  5000  704  939  8.231394  1.798000
10000  5000  5000  704  964  10.330000  1.445000
10000  5000  5000  704  989  9.259879  1.785000
10000  5000  5000  729  115  0.000000  0.000000
10000  5000  5000  729  140  0.000000  0.000000
10000  5000  5000  729  165  0.000000  0.000000
10000  5000  5000  729  190  0.000000  0.000000
10000  5000  5000  729  215  0.000000  0.000000
10000  5000  5000  729  240  0.000000  0.000000
10000  5000  5000  729  265  0.000000  0.000000
10000  5000  5000  729  290  0.000000  0.000000
10000  5000  5000  729  315  0.000000  0.000000
10000  5000  5000  729  340  0.000000  0.000000
10000  5000  5000  729  365  0.000000  0.000000
10000  5000  5000  729  390  0.000000  0.000000
10000  5000  5000  729  415  0.000000  0.000000
10000  5000  5000  729  440  0.000000  0.000000
10000  5000  5000  729  465  0.000000  0.000000
10000  5000  5000  729  490  0.000000  0.000000
10000  5000  5000  729  515  0.000000  0.000000
10000  5000  5000  729  540  0.000000  0.000000
10000  5000  5000  729  564  0.000000  0.000000
10000  5000  5000  729  589  0.000000  0.000000
10000  5000  5000  729  614  0.000000  0.000000
10000  5000  5000  729  639  0.000000  0.000000
10000  5000  5000  729  664  0.000000  0.000000
10000  5000  5000  729  689  0.000000  0.000000
10000  5000  5000  729  714  0.000000  0.000000
10000  5000  5000  729  739  5.987145  0.801000
10000  5000  5000  729  764  6.152424  0.462000
10000  5000  5000  729  789  6.486667  0.367200
10000  5000  5000  729  814  6.677697  0.355500
10000  5000  5000  729  839  0.000000  0.000000
10000  5000  5000  729  864  7.493091  0.990000
10000  5000  5000  729  889  7.816364  1.519000
10000  5000  5000  729  914  8.205697  0.795100
10000  5000  5000  729  939  8.613394  0.451600
10000  5000  5000  729  964  8.837455  1.201000
10000  5000  5000  729  989  9.406788  1.438000
10000  5000  5000  754  115  0.000000  0.000000
10000  5000  5000  754  140  0.000000  0.000000
10000  5000  5000  754  165  0.000000  0.000000
10000  5000  5000  754  190  0.000000  0.000000
10000  5000  5000  754  215  0.000000  0.000000
10000  5000  5000  754  240  0.000000  0.000000
10000  5000  5000  754  265  0.000000  0.000000
10000  5000  5000  754  290  0.000000  0.000000
10000  5000  5000  754  315  0.000000  0.000000
10000  5000  5000  754  340  0.000000  0.000000
10000  5000  5000  754  365  0.000000  0.000000
10000  5000  5000  754  390  0.000000  0.000000
10000  5000  5000  754  415  0.000000  0.000000
10000  5000  5000  754  440  0.000000  0.000000
10000  5000  5000  754  465  0.000000  0.000000
10000  5000  5000  754  490  0.000000  0.000000
10000  5000  5000  754  515  0.000000  0.000000
10000  5000  5000  754  540  0.000000  0.000000
10000  5000  5000  754  564  0.000000  0.000000
10000  5000  5000  754  589  0.000000  0.000000
10000  5000  5000  754  614  0.000000  0.000000
10000  5000  5000  754  639  0.000000  0.000000
10000  5000  5000  754  664  0.000000  0.000000
10000  5000  5000  754  689  0.000000  0.000000
10000  5000  5000  754  714  0.000000  0.000000
10000  5000  5000  754  739  0.000000  0.000000
10000  5000  5000  754  764  6.192848  1.239000
10000  5000  5000  754  789  6.545455  0.981800
10000  5000  5000  754  814  6.985000  1.339000
10000  5000  5000  754  839  7.265394  0.466800
10000  5000  5000  754  864  7.169879  2.027000
10000  5000  5000  754  889  7.842061  1.042000
10000  5000  5000  754  914  8.000000  0.787000
10000  5000  5000  754  939  10.140000  2.020000
10000  5000  5000  754  964  10.120000  1.452000
10000  5000  5000  754  989  10.460000  0.846000
10000  5000  5000  779  115  0.000000  0.000000
10000  5000  5000  779  140  0.000000  0.000000
10000  5000  5000  779  165  0.000000  0.000000
10000  5000  5000  779  190  0.000000  0.000000
10000  5000  5000  779  215  0.000000  0.000000
10000  5000  5000  779  240  0.000000  0.000000
10000  5000  5000  779  265  0.000000  0.000000
10000  5000  5000  779  290  0.000000  0.000000
10000  5000  5000  779  315  0.000000  0.000000
10000  5000  5000  779  340  0.000000  0.000000
10000  5000  5000  779  365  0.000000  0.000000
10000  5000  5000  779  390  0.000000  0.000000
10000  5000  5000  779  415  0.000000  0.000000
10000  5000  5000  779  440  0.000000  0.000000
10000  5000  5000  779  465  0.000000  0.000000
10000  5000  5000  779  490  0.000000  0.000000
10000  5000  5000  779  515  0.000000  0.000000
10000  5000  5000  779  540  0.000000  0.000000
10000  5000  5000  779  564  0.000000  0.000000
10000  5000  5000  779  589  0.000000  0.000000
10000  5000  5000  779  614  0.000000  0.000000
10000  5000  5000  779  639  0.000000  0.000000
10000  5000  5000  779  664  0.000000  0.000000
10000  5000  5000  779  689  0.000000  0.000000
10000  5000  5000  779  714  0.000000  0.000000
10000  5000  5000  779  739  0.000000  0.000000
10000  5000  5000  779  764  0.000000  0.000000
10000  5000  5000  779  789  6.839272  1.424000
10000  5000  5000  779  814  6.817273  0.564600
10000  5000  5000  779  839  7.111091  1.139000
10000  5000  5000  779  864  7.280061  0.457100
10000  5000  5000  779  889  7.621697  0.858000
10000  5000  5000  779  914  9.063000  2.549000
10000  5000  5000  779  939  8.668485  3.168000
10000  5000  5000  779  964  10.420000  1.701000
10000  5000  5000  779  989  9.450849  3.328000
10000  5000  5000  804  115  0.000000  0.000000
10000  5000  5000  804  140  0.000000  0.000000
10000  5000  5000  804  165  0.000000  0.000000
10000  5000  5000  804  190  0.000000  0.000000
10000  5000  5000  804  215  0.000000  0.000000
10000  5000  5000  804  240  0.000000  0.000000
10000  5000  5000  804  265  0.000000  0.000000
10000  5000  5000  804  290  0.000000  0.000000
10000  5000  5000  804  315  0.000000  0.000000
10000  5000  5000  804  340  0.000000  0.000000
10000  5000  5000  804  365  0.000000  0.000000
10000  5000  5000  804  390  0.000000  0.000000
10000  5000  5000  804  415  0.000000  0.000000
10000  5000  5000  804  440  0.000000  0.000000
10000  5000  5000  804  465  0.000000  0.000000
10000  5000  5000  804  490  0.000000  0.000000
10000  5000  5000  804  515  0.000000  0.000000
10000  5000  5000  804  540  0.000000  0.000000
10000  5000  5000  804  564  0.000000  0.000000
10000  5000  5000  804  589  0.000000  0.000000
10000  5000  5000  804  614  0.000000  0.000000
10000  5000  5000  804  639  0.000000  0.000000
10000  5000  5000  804  664  0.000000  0.000000
10000  5000  5000  804  689  0.000000  0.000000
10000  5000  5000  804  714  0.000000  0.000000
10000  5000  5000  804  739  0.000000  0.000000
10000  5000  5000  804  764  0.000000  0.000000
10000  5000  5000  804  789  0.000000  0.000000
10000  5000  5000  804  814  6.975212  0.820900
10000  5000  5000  804  839  7.283758  0.958500
10000  5000  5000  804  864  7.166182  1.064000
10000  5000  5000  804  889  7.526182  1.655000
10000  5000  5000  804  914  7.981636  1.531000
10000  5000  5000  804  939  9.122000  2.109000
10000  5000  5000  804  964  9.276000  0.733500
10000  5000  5000  804  989  11.010000  2.320000
10000  5000  5000  829  115  0.000000  0.000000
10000  5000  5000  829  140  0.000000  0.000000
10000  5000  5000  829  165  0.000000  0.000000
10000  5000  5000  829  190  0.000000  0.000000
10000  5000  5000  829  215  0.000000  0.000000
10000  5000  5000  829  240  0.000000  0.000000
10000  5000  5000  829  265  0.000000  0.000000
10000  5000  5000  829  290  0.000000  0.000000
10000  5000  5000  829  315  0.000000  0.000000
10000  5000  5000  829  340  0.000000  0.000000
10000  5000  5000  829  365  0.000000  0.000000
10000  5000  5000  829  390  0.000000  0.000000
10000  5000  5000  829  415  0.000000  0.000000
10000  5000  5000  829  440  0.000000  0.000000
10000  5000  5000  829  465  0.000000  0.000000
10000  5000  5000  829  490  0.000000  0.000000
10000  5000  5000  829  515  0.000000  0.000000
10000  5000  5000  829  540  0.000000  0.000000
10000  5000  5000  829  564  0.000000  0.000000
10000  5000  5000  829  589  0.000000  0.000000
10000  5000  5000  829  614  0.000000  0.000000
10000  5000  5000  829  639  0.000000  0.000000
10000  5000  5000  829  664  0.000000  0.000000
10000  5000  5000  829  689  0.000000  0.000000
10000  5000  5000  829  714  0.000000  0.000000
10000  5000  5000  829  739  0.000000  0.000000
10000  5000  5000  829  764  0.000000  0.000000
10000  5000  5000  829  789  0.000000  0.000000
10000  5000  5000  829  814  0.000000  0.000000
10000  5000  5000  829  839  7.353515  1.013000
10000  5000  5000  829  864  7.399000  0.980500
10000  5000  5000  829  889  7.878788  0.967400
10000  5000  5000  829  914  8.172606  1.782000
10000  5000  5000  829  939  8.374667  1.317000
10000  5000  5000  829  964  9.290000  1.262000
10000  5000  5000  829  989  9.498606  2.843000
10000  5000  5000  854  115  0.000000  0.000000
10000  5000  5000  854  140  0.000000  0.000000
10000  5000  5000  854  165  0.000000  0.000000
10000  5000  5000  854  190  0.000000  0.000000
10000  5000  5000  854  215  0.000000  0.000000
10000  5000  5000  854  240  0.000000  0.000000
10000  5000  5000  854  265  0.000000  0.000000
10000  5000  5000  854  290  0.000000  0.000000
10000  5000  5000  854  315  0.000000  0.000000
10000  5000  5000  854  340  0.000000  0.000000
10000  5000  5000  854  365  0.000000  0.000000
10000  5000  5000  854  390  0.000000  0.000000
10000  5000  5000  854  415  0.000000  0.000000
10000  5000  5000  854  440  0.000000  0.000000
10000  5000  5000  854  465  0.000000  0.000000
10000  5000  5000  854  490  0.000000  0.000000
10000  5000  5000  854  515  0.000000  0.000000
10000  5000  5000  854  540  0.000000  0.000000
10000  5000  5000  854  564  0.000000  0.000000
10000  5000  5000  854  589  0.000000  0.000000
10000  5000  5000  854  614  0.000000  0.000000
10000  5000  5000  854  639  0.000000  0.000000
10000  5000  5000  854  664  0.000000  0.000000
10000  5000  5000  854  689  0.000000  0.000000
10000  5000  5000  854  714  0.000000  0.000000
10000  5000  5000  854  739  0.000000  0.000000
10000  5000  5000  854  764  0.000000  0.000000
10000  5000  5000  854  789  0.000000  0.000000
10000  5000  5000  854  814  0.000000  0.000000
10000  5000  5000  854  839  0.000000  0.000000
10000  5000  5000  854  864  7.592303  1.844000
10000  5000  5000  854  889  10.470000  4.068000
10000  5000  5000  854  914  8.429757  0.592200
10000  5000  5000  854  939  8.396667  0.595700
10000  5000  5000  854  964  8.701576  2.174000
10000  5000  5000  854  989  11.880000  2.781000
10000  5000  5000  879  115  0.000000  0.000000
10000  5000  5000  879  140  0.000000  0.000000
10000  5000  5000  879  165  0.000000  0.000000
10000  5000  5000  879  190  0.000000  0.000000
10000  5000  5000  879  215  0.000000  0.000000
10000  5000  5000  879  240  0.000000  0.000000
10000  5000  5000  879  265  0.000000  0.000000
10000  5000  5000  879  290  0.000000  0.000000
10000  5000  5000  879  315  0.000000  0.000000
10000  5000  5000  879  340  0.000000  0.000000
10000  5000  5000  879  365  0.000000  0.000000
10000  5000  5000  879  390  0.000000  0.000000
10000  5000  5000  879  415  0.000000  0.000000
10000  5000  5000  879  440  0.000000  0.000000
10000  5000  5000  879  465  0.000000  0.000000
10000  5000  5000  879  490  0.000000  0.000000
10000  5000  5000  879  515  0.000000  0.000000
10000  5000  5000  879  540  0.000000  0.000000
10000  5000  5000  879  564  0.000000  0.000000
10000  5000  5000  879  589  0.000000  0.000000
10000  5000  5000  879  614  0.000000  0.000000
10000  5000  5000  879  639  0.000000  0.000000
10000  5000  5000  879  664  0.000000  0.000000
10000  5000  5000  879  689  0.000000  0.000000
10000  5000  5000  879  714  0.000000  0.000000
10000  5000  5000  879  739  0.000000  0.000000
10000  5000  5000  879  764  0.000000  0.000000
10000  5000  5000  879  789  0.000000  0.000000
10000  5000  5000  879  814  0.000000  0.000000
10000  5000  5000  879  839  0.000000  0.000000
10000  5000  5000  879  864  0.000000  0.000000
10000  5000  5000  879  889  8.040424  1.799000
10000  5000  5000  879  914  8.080788  1.884000
10000  5000  5000  879  939  10.300000  2.474000
10000  5000  5000  879  964  9.403152  1.281000
10000  5000  5000  879  989  9.318666  3.548000
10000  5000  5000  904  115  0.000000  0.000000
10000  5000  5000  904  140  0.000000  0.000000
10000  5000  5000  904  165  0.000000  0.000000
10000  5000  5000  904  190  0.000000  0.000000
10000  5000  5000  904  215  0.000000  0.000000
10000  5000  5000  904  240  0.000000  0.000000
10000  5000  5000  904  265  0.000000  0.000000
10000  5000  5000  904  290  0.000000  0.000000
10000  5000  5000  904  315  0.000000  0.000000
10000  5000  5000  904  340  0.000000  0.000000
10000  5000  5000  904  365  0.000000  0.000000
10000  5000  5000  904  390  0.000000  0.000000
10000  5000  5000  904  415  0.000000  0.000000
10000  5000  5000  904  440  0.000000  0.000000
10000  5000  5000  904  465  0.000000  0.000000
10000  5000  5000  904  490  0.000000  0.000000
10000  5000  5000  904  515  0.000000  0.000000
10000  5000  5000  904  540  0.000000  0.000000
10000  5000  5000  904  564  0.000000  0.000000
10000  5000  5000  904  589  0.000000  0.000000
10000  5000  5000  904  614  0.000000  0.000000
10000  5000  5000  904  639  0.000000  0.000000
10000  5000  5000  904  664  0.000000  0.000000
10000  5000  5000  904  689  0.000000  0.000000
10000  5000  5000  904  714  0.000000  0.000000
10000  5000  5000  904  739  0.000000  0.000000
10000  5000  5000  904  764  0.000000  0.000000
10000  5000  5000  904  789  0.000000  0.000000
10000  5000  5000  904  814  0.000000  0.000000
10000  5000  5000  904  839  0.000000  0.000000
10000  5000  5000  904  864  0.000000  0.000000
10000  5000  5000  904  889  0.000000  0.000000
10000  5000  5000  904  914  8.631758  1.644000
10000  5000  5000  904  939  8.896242  2.083000
10000  5000  5000  904  964  9.138667  1.244000
10000  5000  5000  904  989  9.289272  1.317000
10000  5000  5000  929  115  0.000000  0.000000
10000  5000  5000  929  140  0.000000  0.000000
10000  5000  5000  929  165  0.000000  0.000000
10000  5000  5000  929  190  0.000000  0.000000
10000  5000  5000  929  215  0.000000  0.000000
10000  5000  5000  929  240  0.000000  0.000000
10000  5000  5000  929  265  0.000000  0.000000
10000  5000  5000  929  290  0.000000  0.000000
10000  5000  5000  929  315  0.000000  0.000000
10000  5000  5000  929  340  0.000000  0.000000
10000  5000  5000  929  365  0.000000  0.000000
10000  5000  5000  929  390  0.000000  0.000000
10000  5000  5000  929  415  0.000000  0.000000
10000  5000  5000  929  440  0.000000  0.000000
10000  5000  5000  929  465  0.000000  0.000000
10000  5000  5000  929  490  0.000000  0.000000
10000  5000  5000  929  515  0.000000  0.000000
10000  5000  5000  929  540  0.000000  0.000000
10000  5000  5000  929  564  0.000000  0.000000
10000  5000  5000  929  589  0.000000  0.000000
10000  5000  5000  929  614  0.000000  0.000000
10000  5000  5000  929  639  0.000000  0.000000
10000  5000  5000  929  664  0.000000  0.000000
10000  5000  5000  929  689  0.000000  0.000000
10000  5000  5000  929  714  0.000000  0.000000
10000  5000  5000  929  739  0.000000  0.000000
10000  5000  5000  929  764  0.000000  0.000000
10000  5000  5000  929  789  0.000000  0.000000
10000  5000  5000  929  814  0.000000  0.000000
10000  5000  5000  929  839  0.000000  0.000000
10000  5000  5000  929  864  0.000000  0.000000
10000  5000  5000  929  889  0.000000  0.000000
10000  5000  5000  929  914  0.000000  0.000000
10000  5000  5000  929  939  9.592000  1.879000
10000  5000  5000  929  964  9.061515  3.176000
10000  5000  5000  929  989  9.671000  1.150000
10000  5000  5000  954  115  0.000000  0.000000
10000  5000  5000  954  140  0.000000  0.000000
10000  5000  5000  954  165  0.000000  0.000000
10000  5000  5000  954  190  0.000000  0.000000
10000  5000  5000  954  215  0.000000  0.000000
10000  5000  5000  954  240  0.000000  0.000000
10000  5000  5000  954  265  0.000000  0.000000
10000  5000  5000  954  290  0.000000  0.000000
10000  5000  5000  954  315  0.000000  0.000000
10000  5000  5000  954  340  0.000000  0.000000
10000  5000  5000  954  365  0.000000  0.000000
10000  5000  5000  954  390  0.000000  0.000000
10000  5000  5000  954  415  0.000000  0.000000
10000  5000  5000  954  440  0.000000  0.000000
10000  5000  5000  954  465  0.000000  0.000000
10000  5000  5000  954  490  0.000000  0.000000
10000  5000  5000  954  515  0.000000  0.000000
10000  5000  5000  954  540  0.000000  0.000000
10000  5000  5000  954  564  0.000000  0.000000
10000  5000  5000  954  589  0.000000  0.000000
10000  5000  5000  954  614  0.000000  0.000000
10000  5000  5000  954  639  0.000000  0.000000
10000  5000  5000  954  664  0.000000  0.000000
10000  5000  5000  954  689  0.000000  0.000000
10000  5000  5000  954  714  0.000000  0.000000
10000  5000  5000  954  739  0.000000  0.000000
10000  5000  5000  954  764  0.000000  0.000000
10000  5000  5000  954  789  0.000000  0.000000
10000  5000  5000  954  814  0.000000  0.000000
10000  5000  5000  954  839  0.000000  0.000000
10000  5000  5000  954  864  0.000000  0.000000
10000  5000  5000  954  889  0.000000  0.000000
10000  5000  5000  954  914  0.000000  0.000000
10000  5000  5000  954  939  0.000000  0.000000
10000  5000  5000  954  964  13.180000  3.669000
10000  5000  5000  954  989  14.080000  4.098000
10000  5000  5000  979  115  0.000000  0.000000
10000  5000  5000  979  140  0.000000  0.000000
10000  5000  5000  979  165  0.000000  0.000000
10000  5000  5000  979  190  0.000000  0.000000
10000  5000  5000  979  215  0.000000  0.000000
10000  5000  5000  979  240  0.000000  0.000000
10000  5000  5000  979  265  0.000000  0.000000
10000  5000  5000  979  290  0.000000  0.000000
10000  5000  5000  979  315  0.000000  0.000000
10000  5000  5000  979  340  0.000000  0.000000
10000  5000  5000  979  365  0.000000  0.000000
10000  5000  5000  979  390  0.000000  0.000000
10000  5000  5000  979  415  0.000000  0.000000
10000  5000  5000  979  440  0.000000  0.000000
10000  5000  5000  979  465  0.000000  0.000000
10000  5000  5000  979  490  0.000000  0.000000
10000  5000  5000  979  515  0.000000  0.000000
10000  5000  5000  979  540  0.000000  0.000000
10000  5000  5000  979  564  0.000000  0.000000
10000  5000  5000  979  589  0.000000  0.000000
10000  5000  5000  979  614  0.000000  0.000000
10000  5000  5000  979  639  0.000000  0.000000
10000  5000  5000  979  664  0.000000  0.000000
10000  5000  5000  979  689  0.000000  0.000000
10000  5000  5000  979  714  0.000000  0.000000
10000  5000  5000  979  739  0.000000  0.000000
10000  5000  5000  979  764  0.000000  0.000000
10000  5000  5000  979  789  0.000000  0.000000
10000  5000  5000  979  814  0.000000  0.000000
10000  5000  5000  979  839  0.000000  0.000000
10000  5000  5000  979  864  0.000000  0.000000
10000  5000  5000  979  889  0.000000  0.000000
10000  5000  5000  979  914  0.000000  0.000000
10000  5000  5000  979  939  0.000000  0.000000
10000  5000  5000  979  964  0.000000  0.000000
10000  5000  5000  979  989  9.814485  2.125000
