60000  1020  1000  5000  375  7.825030  3.336933
60000  1120  1000  5000  375  7.171272  3.427058
60000  1220  1000  5000  375  5.326773  2.942079
60000  1320  1000  5000  375  5.475410  3.352500
60000  1420  1000  5000  375  4.705715  3.143500
60000  1520  1000  5000  375  4.045318  3.087500
60000  1620  1000  5000  375  4.965030  3.191521
60000  1720  1000  5000  375  4.292618  3.237000
60000  1820  1000  5000  375  4.327827  3.374500
60000  1920  1000  5000  375  4.689185  3.331000
60000  2020  1000  5000  375  3.798903  3.190500
60000  420  1000  5000  375  8.655000  1.379500
60000  520  1000  5000  375  9.344227  0.691150
60000  620  1000  5000  375  9.865030  0.670850
60000  720  1000  5000  375  10.339893  1.452000
60000  820  1000  5000  375  9.806727  2.370000
60000  920  1000  5000  375  8.736334  3.056412
60000  1020  1100  5000  375  9.114106  5.356000
60000  1120  1100  5000  375  9.097682  5.682167
60000  1220  1100  5000  375  7.722803  5.227015
60000  1320  1100  5000  375  6.666379  4.905349
60000  1420  1100  5000  375  6.324712  4.762294
60000  1520  1100  5000  375  5.244318  4.079885
60000  1620  1100  5000  375  4.725360  3.917279
60000  1720  1100  5000  375  4.053615  3.843500
60000  1820  1100  5000  375  4.306273  3.760000
60000  1920  1100  5000  375  4.090500  4.185500
60000  2020  1100  5000  375  4.559000  3.875500
60000  420  1100  5000  375  8.778939  1.572388
60000  520  1100  5000  375  10.783045  1.525506
60000  620  1100  5000  375  10.456455  0.971400
60000  720  1100  5000  375  11.928864  2.117000
60000  820  1100  5000  375  11.221273  3.573115
60000  920  1100  5000  375  10.160500  4.743021
60000  1020  1200  5000  375  10.735531  7.212500
60000  1120  1200  5000  375  10.250182  7.699045
60000  1220  1200  5000  375  7.926727  6.202091
60000  1320  1200  5000  375  8.216122  6.763424
60000  1420  1200  5000  375  8.335985  6.984636
60000  1520  1200  5000  375  5.574030  4.814609
60000  1620  1200  5000  375  5.120697  4.575000
60000  1720  1200  5000  375  4.086442  3.723500
60000  1820  1200  5000  375  4.858945  4.420500
60000  1920  1200  5000  375  4.123500  4.035500
60000  2020  1200  5000  375  4.293685  3.715836
60000  420  1200  5000  375  9.337000  1.647118
60000  520  1200  5000  375  9.911500  1.108000
60000  620  1200  5000  375  11.714727  1.291294
60000  720  1200  5000  375  12.259090  2.669500
60000  820  1200  5000  375  12.744303  5.075800
60000  920  1200  5000  375  12.433545  6.786197
60000  1020  1300  5000  375  12.381834  9.091303
60000  1120  1300  5000  375  11.201470  9.238045
60000  1220  1300  5000  375  8.161743  6.805258
60000  1320  1300  5000  375  9.334000  8.023651
60000  1420  1300  5000  375  6.440409  5.632152
60000  1520  1300  5000  375  6.049076  5.046940
60000  1620  1300  5000  375  6.442333  5.411167
60000  1720  1300  5000  375  7.713000  7.669500
60000  1820  1300  5000  375  5.998500  5.772000
60000  1920  1300  5000  375  4.404500  3.820500
60000  2020  1300  5000  375  20.833834  17.501667
60000  420  1300  5000  375  9.270000  1.564000
60000  520  1300  5000  375  10.336000  1.368000
60000  620  1300  5000  375  11.463894  1.491000
60000  720  1300  5000  375  12.686576  3.055000
60000  820  1300  5000  375  13.494152  5.993303
60000  920  1300  5000  375  12.995197  8.137636
60000  1020  1400  5000  375  13.448697  10.560833
60000  1120  1400  5000  375  12.701440  10.739031
60000  1220  1400  5000  375  12.679000  10.807440
60000  1320  1400  5000  375  7.792000  6.723712
60000  1420  1400  5000  375  5.361091  4.440821
60000  1520  1400  5000  375  6.261803  5.086515
60000  1620  1400  5000  375  4.052203  2.864500
60000  1720  1400  5000  375  4.675215  3.641827
60000  1820  1400  5000  375  4.736500  3.936000
60000  1920  1400  5000  375  4.030000  2.607500
60000  2020  1400  5000  375  4.301336  3.387633
60000  420  1400  5000  375  9.203501  1.706642
60000  520  1400  5000  375  10.382999  1.401000
60000  620  1400  5000  375  11.488955  1.619500
60000  720  1400  5000  375  13.163485  3.470500
60000  820  1400  5000  375  13.890364  6.759000
60000  920  1400  5000  375  14.419273  9.782106
60000  1020  1500  5000  375  15.578091  12.970636
60000  1120  1500  5000  375  12.761894  11.184772
60000  1220  1500  5000  375  9.702409  8.505894
60000  1320  1500  5000  375  9.130924  8.103061
60000  1420  1500  5000  375  6.886879  5.724152
60000  1520  1500  5000  375  4.803097  3.329970
60000  1620  1500  5000  375  4.622406  3.189115
60000  1720  1500  5000  375  4.954012  3.119664
60000  1820  1500  5000  375  4.228000  2.372500
60000  1920  1500  5000  375  4.002500  2.123000
60000  2020  1500  5000  375  4.669858  3.201770
60000  420  1500  5000  375  9.536000  1.869500
60000  520  1500  5000  375  10.662743  1.734639
60000  620  1500  5000  375  11.301212  1.606500
60000  720  1500  5000  375  13.264000  3.713500
60000  820  1500  5000  375  14.827030  7.581561
60000  920  1500  5000  375  14.727212  10.566364
60000  1020  1600  5000  375  15.334665  12.831137
60000  1120  1600  5000  375  13.618212  12.303470
60000  1220  1600  5000  375  10.013151  8.830128
60000  1320  1600  5000  375  6.532121  5.168485
60000  1420  1600  5000  375  5.919318  4.337373
60000  1520  1600  5000  375  5.516500  3.674530
60000  1620  1600  5000  375  4.703109  3.222979
60000  1720  1600  5000  375  4.545721  2.156857
60000  1820  1600  5000  375  4.725243  2.672354
60000  1920  1600  5000  375  4.710443  2.383827
60000  2020  1600  5000  375  4.093388  1.922109
60000  420  1600  5000  375  9.431999  1.866000
60000  520  1600  5000  375  10.654818  1.519500
60000  620  1600  5000  375  11.293425  1.608000
60000  720  1600  5000  375  13.528969  3.868500
60000  820  1600  5000  375  15.256879  7.745894
60000  920  1600  5000  375  14.910182  10.802212
60000  1020  1700  5000  375  15.874727  13.671970
60000  1120  1700  5000  375  11.967288  10.340560
60000  1220  1700  5000  375  8.425955  7.129272
60000  1320  1700  5000  375  12.940001  11.445000
60000  1420  1700  5000  375  5.481437  3.425560
60000  1520  1700  5000  375  4.474682  2.369652
60000  1620  1700  5000  375  4.440000  1.305500
60000  1720  1700  5000  375  4.315000  1.403651
60000  1820  1700  5000  375  8.386000  7.611000
60000  1920  1700  5000  375  4.066000  1.150500
60000  2020  1700  5000  375  4.168000  1.533500
60000  420  1700  5000  375  9.309500  2.035303
60000  520  1700  5000  375  10.412909  1.741000
60000  620  1700  5000  375  11.498940  1.775000
60000  720  1700  5000  375  13.117061  3.906500
60000  820  1700  5000  375  14.912940  8.051530
60000  920  1700  5000  375  16.570454  11.644546
60000  1020  1800  5000  375  16.816273  14.158545
60000  1120  1800  5000  375  13.333333  12.027393
60000  1220  1800  5000  375  11.040061  9.340364
60000  1320  1800  5000  375  5.988636  4.274794
60000  1420  1800  5000  375  4.854857  2.398521
60000  1520  1800  5000  375  12.635000  11.734500
60000  1620  1800  5000  375  4.400500  1.421500
60000  1720  1800  5000  375  4.634809  2.129852
60000  1820  1800  5000  375  6.259000  5.162500
60000  1920  1800  5000  375  4.061500  1.134486
60000  2020  1800  5000  375  4.406500  1.054500
60000  420  1800  5000  375  9.423500  1.980000
60000  520  1800  5000  375  10.271500  1.631000
60000  620  1800  5000  375  11.726970  1.850491
60000  720  1800  5000  375  12.860151  3.790500
60000  820  1800  5000  375  14.394091  7.884515
60000  920  1800  5000  375  15.624910  11.886833
60000  1020  1900  5000  375  14.676151  12.669909
60000  1120  1900  5000  375  18.173803  15.807849
60000  1220  1900  5000  375  9.105864  7.620136
60000  1320  1900  5000  375  5.745772  3.721321
60000  1420  1900  5000  375  4.843530  2.356364
60000  1520  1900  5000  375  4.648846  2.051661
60000  1620  1900  5000  375  4.401500  1.318500
60000  1720  1900  5000  375  4.503000  1.220000
60000  1820  1900  5000  375  4.204500  0.904745
60000  1920  1900  5000  375  4.535000  0.982800
60000  2020  1900  5000  375  4.308000  1.239467
60000  420  1900  5000  375  9.483500  1.965500
60000  520  1900  5000  375  10.531106  1.735867
60000  620  1900  5000  375  11.686197  1.837500
60000  720  1900  5000  375  12.633636  3.915000
60000  820  1900  5000  375  14.337879  8.066000
60000  920  1900  5000  375  16.735878  12.515879
60000  1020  2000  5000  375  15.061985  13.054955
60000  1120  2000  5000  375  14.715652  12.736621
60000  1220  2000  5000  375  12.792743  10.928000
60000  1320  2000  5000  375  5.414272  3.385491
60000  1420  2000  5000  375  4.806203  2.044994
60000  1520  2000  5000  375  4.258000  1.315276
60000  1620  2000  5000  375  11.459999  8.857000
60000  1720  2000  5000  375  4.562000  1.774576
60000  1820  2000  5000  375  4.501000  1.211500
60000  1920  2000  5000  375  4.393000  0.846350
60000  2020  2000  5000  375  4.381500  0.880600
60000  420  2000  5000  375  9.235001  1.853500
60000  520  2000  5000  375  10.404106  1.824085
60000  620  2000  5000  375  11.507651  1.835000
60000  720  2000  5000  375  13.858727  4.391579
60000  820  2000  5000  375  14.191151  8.048819
60000  920  2000  5000  375  16.404425  12.203818
60000  1020  400  5000  375  12.855000  10.141001
60000  1120  400  5000  375  12.855000  10.141001
60000  1220  400  5000  375  12.855000  10.141001
60000  1320  400  5000  375  12.855000  10.141001
60000  1420  400  5000  375  12.855000  10.141001
60000  1520  400  5000  375  12.855000  10.141001
60000  1620  400  5000  375  12.855000  10.141001
60000  1720  400  5000  375  12.855000  10.141001
60000  1820  400  5000  375  12.855000  10.141001
60000  1920  400  5000  375  12.855000  10.141001
60000  2020  400  5000  375  12.855000  10.141001
60000  420  400  5000  375  12.855000  10.141001
60000  520  400  5000  375  12.855000  10.141001
60000  620  400  5000  375  12.855000  10.141001
60000  720  400  5000  375  12.855000  10.141001
60000  820  400  5000  375  12.855000  10.141001
60000  920  400  5000  375  12.855000  10.141001
60000  1020  500  5000  375  4.698849  1.082914
60000  1120  500  5000  375  4.607840  1.201000
60000  1220  500  5000  375  4.428167  0.825486
60000  1320  500  5000  375  4.115561  5.623000
60000  1420  500  5000  375  4.632091  1.027724
60000  1520  500  5000  375  4.623245  0.998761
60000  1620  500  5000  375  4.346309  0.703856
60000  1720  500  5000  375  4.614224  0.727436
60000  1820  500  5000  375  4.610224  0.536050
60000  1920  500  5000  375  4.834754  0.838408
60000  2020  500  5000  375  4.603264  0.465000
60000  420  500  5000  375  5.457000  0.722985
60000  520  500  5000  375  6.112848  0.837409
60000  620  500  5000  375  5.717363  1.130000
60000  720  500  5000  375  5.138282  1.129500
60000  820  500  5000  375  4.736609  1.079650
60000  920  500  5000  375  4.437724  1.066015
60000  1020  600  5000  375  4.188415  0.787320
60000  1120  600  5000  375  3.990645  1.052850
60000  1220  600  5000  375  3.702203  0.456296
60000  1320  600  5000  375  3.862291  0.544800
60000  1420  600  5000  375  3.497924  0.491265
60000  1520  600  5000  375  3.775655  0.489002
60000  1620  600  5000  375  3.921358  0.520918
60000  1720  600  5000  375  4.087473  0.540883
60000  1820  600  5000  375  3.783040  0.480750
60000  1920  600  5000  375  3.921106  0.390450
60000  2020  600  5000  375  3.947588  0.669656
60000  420  600  5000  375  5.815500  0.984650
60000  520  600  5000  375  6.031455  0.470446
60000  620  600  5000  375  6.179864  0.653258
60000  720  600  5000  375  5.682121  0.673600
60000  820  600  5000  375  5.250818  0.858580
60000  920  600  5000  375  4.255030  0.627147
60000  1020  700  5000  375  4.475706  0.637689
60000  1120  700  5000  375  4.139751  0.605947
60000  1220  700  5000  375  3.719570  0.528207
60000  1320  700  5000  375  3.501358  0.508250
60000  1420  700  5000  375  3.486903  0.693900
60000  1520  700  5000  375  3.491576  0.651000
60000  1620  700  5000  375  3.439730  0.561700
60000  1720  700  5000  375  3.413260  0.619050
60000  1820  700  5000  375  3.337827  0.629500
60000  1920  700  5000  375  3.529376  0.652350
60000  2020  700  5000  375  3.685173  0.653436
60000  420  700  5000  375  6.632000  0.811350
60000  520  700  5000  375  6.948682  0.358600
60000  620  700  5000  375  6.942621  0.352000
60000  720  700  5000  375  6.811257  0.531082
60000  820  700  5000  375  6.127136  0.627682
60000  920  700  5000  375  3.725000  0.035076
60000  1020  800  5000  375  5.256470  0.988492
60000  1120  800  5000  375  5.180652  1.058645
60000  1220  800  5000  375  4.174540  0.998952
60000  1320  800  5000  375  3.899455  1.074900
60000  1420  800  5000  375  3.585473  1.045150
60000  1520  800  5000  375  3.683500  1.110500
60000  1620  800  5000  375  3.570021  1.150000
60000  1720  800  5000  375  3.732424  1.237000
60000  1820  800  5000  375  3.708721  1.218500
60000  1920  800  5000  375  3.946973  1.616000
60000  2020  800  5000  375  3.474261  1.311500
60000  420  800  5000  375  7.355000  1.242000
60000  520  800  5000  375  7.897394  0.543150
60000  620  800  5000  375  7.699621  0.270650
60000  720  800  5000  375  7.465136  0.536350
60000  820  800  5000  375  6.887939  0.756418
60000  920  800  5000  375  6.675757  1.025758
60000  1020  900  5000  375  6.549682  1.906242
60000  1120  900  5000  375  5.880242  2.181000
60000  1220  900  5000  375  5.609924  2.150330
60000  1320  900  5000  375  4.450091  1.889500
60000  1420  900  5000  375  3.249500  0.966750
60000  1520  900  5000  375  3.966964  2.061500
60000  1620  900  5000  375  3.549261  2.048000
60000  1720  900  5000  375  3.512403  2.171500
60000  1820  900  5000  375  3.547442  2.081000
60000  1920  900  5000  375  3.529809  2.105000
60000  2020  900  5000  375  3.646173  2.168500
60000  420  900  5000  375  7.894000  0.736800
60000  520  900  5000  375  8.912212  0.661950
60000  620  900  5000  375  9.193804  0.513800
60000  720  900  5000  375  8.915788  0.936850
60000  820  900  5000  375  8.305227  1.499000
60000  920  900  5000  375  7.506712  1.695500
